-85.705
1.3868
0.00037911
0.034489
0.021688
0.24661
0.12679
0.74306
0.00052933
0.00039658
7.0154e-06
0.098546
0.12037
0.97971
0.0090947
0.085356
0.98707
0.99164
0.001374
0.0040161
0.98593
0.18003
0.0040234
0.16744
4.6845e-06
6.084e-06
0.56498
13.052
0.93402
13.056
4.2818
13.052
0.0012957
0.019515
0.0068714
0.010514
0.13793
0.11977
0.00085216
0.9149
0.085103
0.48452
0.056569
0.067085
0.39182
1.8608
0.0044375
-0.0016628
0.09747
0.49104
-4.987
-2.8575e+08
-47.8
0.0743
0.9717
129.43
8.5547
-85.705
1.3865
0.00037782
0.034377
0.021631
0.24635
0.12669
0.74267
0.00052786
0.00039139
7.0154e-06
0.098493
0.12033
0.97971
0.0090947
0.085355
0.98707
0.99164
0.001374
0.0040161
0.98593
0.18003
0.0040234
0.16744
4.6654e-06
6.0607e-06
0.56504
13.05
0.93394
13.053
4.2814
13.05
0.0012811
0.019512
0.0068281
-0.046469
0.13793
0.11977
0.00085216
0.95948
0.040523
0.59757
0.033298
0.053084
0.31605
1.7308
0.004573
-0.0015711
0.097679
0.49218
-10.389
-1.0007e+13
-47.8
0.0743
0.9717
129.43
8.5547
-85.705
1.3864
0.00037927
0.034503
0.021637
0.24646
0.12662
0.74256
0.00052806
0.00039992
7.0154e-06
0.098316
0.12006
0.97971
0.0090947
0.085354
0.98707
0.99164
0.001374
0.0040161
0.98593
0.18003
0.0040234
0.16744
4.6392e-06
6.0334e-06
0.56531
13.042
0.93372
13.046
4.2804
13.043
0.0013079
0.019488
0.0069033
0.040012
0.13793
0.1198
0.00085287
0.811
0.189
0.34787
0.09491
0.082525
0.47469
2.0312
0.0042272
-0.0018075
0.097168
0.48866
-4.0333
-65740
-47.8
0.0743
0.9717
129.43
8.5547
-85.705
1.3861
0.0003792
0.034495
0.021607
0.24635
0.12654
0.74225
0.0005273
0.00040121
7.0154e-06
0.09822
0.11994
0.97971
0.0090947
0.085353
0.98707
0.99164
0.001374
0.0040161
0.98593
0.18003
0.0040234
0.16744
4.6162e-06
6.0066e-06
0.56544
13.039
0.93359
13.042
4.2798
13.039
0.0013112
0.019476
0.0069107
0.042528
0.13793
0.11981
0.00085319
0.79871
0.20129
0.33699
0.098747
0.083656
0.48061
2.0462
0.0042077
-0.0018211
0.097344
0.48853
-3.9496
-66934
-47.8
0.0743
0.9717
129.43
8.5547
-85.705
1.386
0.00037851
0.034432
0.021581
0.24621
0.1265
0.74212
0.00052665
0.0003995
7.0154e-06
0.098242
0.11998
0.97971
0.0090947
0.085352
0.98707
0.99164
0.001374
0.0040161
0.98593
0.18003
0.0040234
0.16744
4.6117e-06
5.9995e-06
0.56539
13.039
0.9336
13.042
4.2799
13.039
0.001303
0.019478
0.0068856
0.014682
0.13793
0.1198
0.00085314
0.90277
0.097232
0.46568
0.062081
0.069231
0.40301
1.887
0.0044025
-0.0016867
0.097741
0.4904
-4.8341
-3.4961e+07
-47.8
0.0743
0.9717
129.43
8.5547
-85.705
1.3861
0.0003784
0.034423
0.021589
0.24623
0.12653
0.74227
0.00052684
0.0003987
7.0154e-06
0.098289
0.12004
0.97971
0.0090947
0.085351
0.98707
0.99164
0.001374
0.0040161
0.98593
0.18003
0.0040234
0.16744
4.6208e-06
6.0098e-06
0.56533
13.039
0.93362
13.043
4.2799
13.04
0.0013006
0.019483
0.0068797
0.014494
0.13793
0.1198
0.00085313
0.90363
0.09637
0.46644
0.061672
0.069147
0.40274
1.8862
0.004404
-0.0016856
0.097559
0.49024
-4.8441
-3.6473e+07
-47.8
0.0743
0.9717
129.43
8.5547
-85.705
1.3862
0.00037835
0.03442
0.021596
0.24627
0.12656
0.74236
0.00052701
0.00039729
7.0154e-06
0.098318
0.12008
0.97971
0.0090947
0.08535
0.98707
0.99164
0.001374
0.0040161
0.98593
0.18003
0.0040234
0.16744
4.628e-06
6.0185e-06
0.5653
13.039
0.9336
13.042
4.2799
13.039
0.0012972
0.019487
0.0068713
0.0046686
0.13793
0.1198
0.00085316
0.92663
0.073373
0.51099
0.051191
0.063819
0.374
1.8329
0.004465
-0.0016441
0.097835
0.49122
-5.1778
-2.7313e+09
-47.8
0.0743
0.9717
129.43
8.5547
-85.705
1.3865
0.00037933
0.034508
0.021636
0.24648
0.12662
0.74266
0.00052803
0.00040025
7.0154e-06
0.098323
0.12006
0.97971
0.0090947
0.085349
0.98707
0.99164
0.001374
0.0040161
0.98593
0.18003
0.0040234
0.16744
4.6392e-06
6.0337e-06
0.56532
13.037
0.93355
13.041
4.2796
13.037
0.0013087
0.019487
0.0069066
0.0392
0.13793
0.1198
0.00085336
0.81195
0.18805
0.34911
0.094684
0.082353
0.47386
2.0296
0.0042272
-0.0018075
0.0972
0.48876
-4.0508
-65702
-47.8
0.0743
0.9717
129.43
8.5547
-85.705
1.3866
0.00037874
0.034455
0.021634
0.24644
0.12665
0.74275
0.00052796
0.00039708
7.0154e-06
0.098402
0.12017
0.97971
0.0090947
0.085349
0.98707
0.99164
0.001374
0.0040161
0.98593
0.18003
0.0040234
0.16744
4.6513e-06
6.0466e-06
0.56521
13.039
0.9336
13.042
4.2799
13.039
0.0012973
0.019498
0.0068746
0.0064932
0.13793
0.11979
0.00085315
0.9222
0.077798
0.50053
0.053272
0.065096
0.3811
1.8435
0.0044532
-0.0016521
0.097683
0.49126
-5.0902
-1.1077e+09
-47.8
0.0743
0.9717
129.43
8.5547
-85.705
1.3866
0.00037815
0.034405
0.021629
0.24639
0.12667
0.74278
0.0005278
0.00039318
7.0154e-06
0.09846
0.12025
0.97971
0.0090947
0.085348
0.98707
0.99164
0.001374
0.0040161
0.98593
0.18002
0.0040234
0.16744
4.66e-06
6.0559e-06
0.56513
13.04
0.93362
13.043
4.28
13.04
0.0012864
0.019507
0.0068446
-0.027089
0.13793
0.11978
0.00085299
0.9537
0.046304
0.57915
0.036779
0.055383
0.32869
1.752
0.0045497
-0.0015868
0.097762
0.49222
-8.7305
-1.7144e+12
-47.8
0.0743
0.9717
129.43
8.5547
-85.705
1.3868
0.00037974
0.034545
0.021674
0.24665
0.12671
0.74302
0.00052898
0.00039991
7.0154e-06
0.098426
0.12017
0.97971
0.0090948
0.085347
0.98707
0.99164
0.001374
0.0040161
0.98593
0.18002
0.0040234
0.16744
4.6633e-06
6.0621e-06
0.5652
13.037
0.93354
13.04
4.2796
13.037
0.0013082
0.019501
0.0069074
0.031256
0.13793
0.11978
0.00085332
0.84271
0.15729
0.38119
0.084732
0.078866
0.45521
1.9868
0.004279
-0.0017715
0.097294
0.48959
-4.2978
-71274
-47.8
0.0743
0.9717
129.43
8.5547
-85.705
1.3868
0.00037944
0.034517
0.021668
0.24662
0.12672
0.74299
0.00052882
0.00039849
7.0155e-06
0.098459
0.12021
0.97971
0.0090948
0.085346
0.98707
0.99164
0.001374
0.0040161
0.98593
0.18002
0.0040234
0.16744
4.666e-06
6.0644e-06
0.56515
13.037
0.93355
13.041
4.2796
13.037
0.0013016
0.019505
0.0068886
0.0072926
0.13793
0.11978
0.00085324
0.91854
0.081464
0.49347
0.055006
0.065936
0.38559
1.8501
0.004444
-0.0016583
0.097841
0.49167
-5.0572
-6.1434e+08
-47.8
0.0743
0.9717
129.43
8.5547
-85.705
1.3869
0.00037908
0.034487
0.021673
0.24662
0.12676
0.74313
0.00052893
0.00039592
7.0155e-06
0.098515
0.12029
0.97971
0.0090948
0.085345
0.98707
0.99164
0.001374
0.0040161
0.98593
0.18002
0.0040234
0.16744
4.6777e-06
6.0779e-06
0.56508
13.038
0.93357
13.041
4.2797
13.038
0.0012944
0.019512
0.0068696
-0.0067567
0.13793
0.11977
0.00085316
0.93899
0.061007
0.53809
0.044909
0.060512
0.35649
1.7977
0.0045026
-0.0016185
0.097826
0.49224
-6.2881
-4.1639e+10
-47.8
0.0743
0.9717
129.43
8.5547
-85.705
1.3871
0.00037937
0.034513
0.021693
0.24671
0.1268
0.74338
0.00052945
0.000397
7.0155e-06
0.098536
0.12031
0.97971
0.0090948
0.085344
0.98707
0.99164
0.001374
0.0040161
0.98593
0.18002
0.0040234
0.16744
4.6882e-06
6.0915e-06
0.56508
13.037
0.93355
13.041
4.2796
13.038
0.0012977
0.019513
0.0068803
0.0078474
0.13793
0.11977
0.00085324
0.91715
0.082847
0.48901
0.055568
0.066492
0.38893
1.8546
0.0044402
-0.0016609
0.097483
0.49142
-5.0451
-4.1032e+08
-47.8
0.0743
0.9717
129.43
8.5547
-85.705
1.387
0.00037818
0.03441
0.021658
0.24653
0.12676
0.74326
0.00052851
0.00039164
7.0155e-06
0.098531
0.12033
0.97971
0.0090948
0.085344
0.98707
0.99164
0.001374
0.0040161
0.98593
0.18002
0.0040234
0.16744
4.6838e-06
6.086e-06
0.56509
13.036
0.93352
13.04
4.2795
13.037
0.0012826
0.019513
0.0068377
-0.031706
0.13793
0.11977
0.00085322
0.95558
0.044423
0.58299
0.035644
0.054904
0.32646
1.746
0.0045559
-0.0015826
0.097461
0.49225
-9.1194
-2.6086e+12
-47.8
0.0743
0.9717
129.43
8.5547
-85.705
1.3867
0.00037804
0.034397
0.021622
0.2464
0.12666
0.74294
0.00052762
0.00039286
7.0155e-06
0.0984
0.12016
0.97971
0.0090948
0.085343
0.98707
0.99164
0.001374
0.0040161
0.98593
0.18002
0.0040234
0.16744
4.6573e-06
6.0563e-06
0.56528
13.031
0.93336
13.035
4.2788
13.031
0.0012861
0.019497
0.0068458
-0.023672
0.13793
0.11979
0.00085362
0.95192
0.048077
0.57303
0.037802
0.056142
0.33302
1.7588
0.0045418
-0.001592
0.097609
0.49212
-8.2772
-9.509e+11
-47.8
0.0743
0.9717
129.43
8.5547
-85.705
1.3865
0.00037935
0.034511
0.021615
0.24647
0.12656
0.74268
0.00052749
0.00040069
7.0155e-06
0.09819
0.11986
0.97971
0.0090948
0.085342
0.98707
0.99164
0.001374
0.0040161
0.98593
0.18002
0.0040234
0.16744
4.6234e-06
6.02e-06
0.5656
13.023
0.93311
13.027
4.2776
13.023
0.0013111
0.01947
0.0069157
0.039946
0.13793
0.11981
0.00085438
0.79993
0.20007
0.33826
0.098445
0.083457
0.47984
2.0435
0.0042072
-0.0018213
0.097283
0.48886
-4.0005
-66909
-47.8
0.0743
0.9717
129.43
8.5547
-85.705
1.3863
0.00037937
0.034511
0.021595
0.24641
0.1265
0.74246
0.00052699
0.00040179
7.0155e-06
0.098116
0.11976
0.97971
0.0090948
0.085342
0.98707
0.99164
0.001374
0.0040161
0.98593
0.18002
0.0040234
0.16744
4.6069e-06
6.001e-06
0.56571
13.02
0.93301
13.024
4.2772
13.02
0.0013141
0.019461
0.0069227
0.040702
0.13792
0.11982
0.00085463
0.79526
0.20474
0.33459
0.099936
0.083826
0.48165
2.0486
0.0042001
-0.0018263
0.097472
0.48891
-3.9698
-67428
-47.8
0.0743
0.9717
129.43
8.5547
-85.705
1.3865
0.00037884
0.034464
0.0216
0.24638
0.12655
0.74266
0.0005271
0.00039924
7.0155e-06
0.098217
0.1199
0.97971
0.0090948
0.085341
0.98707
0.99164
0.001374
0.0040161
0.98593
0.18002
0.0040234
0.16744
4.6231e-06
6.0186e-06
0.56556
13.023
0.9331
13.026
4.2776
13.023
0.0013052
0.019472
0.006897
0.017543
0.13793
0.11981
0.00085439
0.8881
0.1119
0.44133
0.068137
0.072027
0.4185
1.9148
0.0043657
-0.0017118
0.097475
0.49024
-4.7126
-3.2077e+06
-47.8
0.0743
0.9717
129.43
8.5547
-85.705
1.3867
0.00037751
0.03435
0.021598
0.2463
0.12663
0.7429
0.000527
0.00039127
7.0155e-06
0.098377
0.12013
0.97971
0.0090948
0.08534
0.98707
0.99164
0.001374
0.0040161
0.98593
0.18002
0.0040234
0.16744
4.6502e-06
6.0482e-06
0.56533
13.027
0.93324
13.031
4.2782
13.027
0.0012813
0.019493
0.0068315
-0.045025
0.13793
0.11979
0.00085397
0.95922
0.040785
0.59614
0.033469
0.053209
0.31718
1.7328
0.0045663
-0.0015756
0.097465
0.49202
-10.121
-7.4354e+12
-47.8
0.0743
0.9717
129.43
8.5547
-85.705
1.3869
0.00037834
0.034422
0.021635
0.24648
0.12669
0.74317
0.00052796
0.00039417
7.0155e-06
0.098413
0.12016
0.97971
0.0090948
0.08534
0.98707
0.99164
0.001374
0.0040161
0.98593
0.18002
0.0040234
0.16744
4.6635e-06
6.0648e-06
0.5653
13.027
0.93323
13.031
4.2782
13.027
0.0012897
0.019495
0.0068572
-0.0085425
0.13793
0.11979
0.0008541
0.94078
0.059216
0.54155
0.043941
0.060076
0.35443
1.7949
0.0045059
-0.0016163
0.097482
0.49176
-6.4003
-5.0961e+10
-47.8
0.0743
0.9717
129.43
8.5547
-85.705
1.3869
0.00037921
0.034498
0.021652
0.2466
0.12669
0.74317
0.00052841
0.00039775
7.0155e-06
0.098375
0.12008
0.97971
0.0090948
0.085339
0.98707
0.99164
0.001374
0.0040161
0.98593
0.18002
0.0040234
0.16744
4.6596e-06
6.0614e-06
0.56537
13.025
0.93316
13.028
4.2779
13.025
0.0013001
0.019491
0.0068864
0.0039316
0.13793
0.11979
0.00085436
0.92418
0.07582
0.50469
0.05234
0.064575
0.3784
1.8366
0.0044586
-0.0016484
0.097797
0.49188
-5.1453
-1.7529e+09
-47.8
0.0743
0.9717
129.43
8.5547
-85.705
1.3872
0.00037986
0.034558
0.021682
0.24675
0.12674
0.74343
0.00052918
0.00039954
7.0155e-06
0.098379
0.12007
0.97971
0.0090948
0.085338
0.98707
0.99164
0.001374
0.0040161
0.98593
0.18002
0.0040234
0.16744
4.6696e-06
6.0749e-06
0.56539
13.023
0.93312
13.027
4.2777
13.024
0.0013083
0.01949
0.0069119
0.032425
0.13793
0.11979
0.00085458
0.83241
0.16759
0.36955
0.088129
0.08014
0.46218
2.0003
0.0042616
-0.0017835
0.097207
0.4897
-4.238
-66037
-47.8
0.0743
0.9717
129.43
8.5547
-85.705
1.3872
0.00037791
0.034388
0.021649
0.24652
0.12676
0.74345
0.00052827
0.00038994
7.0155e-06
0.09849
0.12026
0.97971
0.0090948
0.085338
0.98707
0.99164
0.001374
0.0040161
0.98593
0.18002
0.0040234
0.16743
4.6841e-06
6.0898e-06
0.56523
13.026
0.93321
13.03
4.2781
13.027
0.0012786
0.019505
0.0068279
-0.066648
0.13793
0.11978
0.00085425
0.9629
0.037101
0.60738
0.031154
0.051806
0.30966
1.7166
0.0045834
-0.001564
0.097378
0.49254
-11.512
-2.6389e+13
-47.8
0.0743
0.9717
129.43
8.5547
-85.705
1.3872
0.00037754
0.034356
0.021642
0.24647
0.12676
0.74353
0.00052809
0.00038891
7.0155e-06
0.098492
0.12028
0.97971
0.0090948
0.085337
0.98707
0.99164
0.001374
0.0040161
0.98593
0.18001
0.0040234
0.16743
4.6859e-06
6.0923e-06
0.56523
13.026
0.93319
13.029
4.278
13.026
0.0012755
0.019502
0.0068195
-0.052085
0.13793
0.11978
0.00085454
0.96101
0.03899
0.59917
0.032321
0.052869
0.31564
1.7266
0.0045762
-0.0015688
0.097088
0.49207
-10.612
-1.2021e+13
-47.8
0.0743
0.9717
129.43
8.5547
-85.705
1.3869
0.00037776
0.034373
0.021606
0.24636
0.12664
0.74315
0.0005272
0.00039263
7.0155e-06
0.098335
0.12007
0.97971
0.0090948
0.085337
0.98707
0.99164
0.001374
0.0040161
0.98593
0.18001
0.0040234
0.16743
4.6521e-06
6.0536e-06
0.56545
13.02
0.93301
13.024
4.2772
13.02
0.0012855
0.019478
0.006845
-0.017089
0.13792
0.1198
0.00085532
0.94836
0.051644
0.56169
0.039806
0.057585
0.34092
1.7719
0.0045312
-0.0015992
0.097437
0.49184
-7.4853
-3.3339e+11
-47.8
0.0743
0.9717
129.43
8.5547
-85.705
1.3864
0.00037841
0.034427
0.021562
0.24624
0.12646
0.7426
0.00052614
0.00039933
7.0155e-06
0.098097
0.11975
0.97971
0.0090948
0.085336
0.98707
0.99164
0.001374
0.0040161
0.98593
0.18001
0.0040234
0.16743
4.6027e-06
5.9973e-06
0.56577
13.012
0.93276
13.015
4.276
13.012
0.0013057
0.019445
0.0068973
0.022469
0.13792
0.11984
0.00085632
0.87372
0.12628
0.42058
0.073727
0.074419
0.43128
1.9409
0.0043357
-0.0017324
0.097352
0.48967
-4.5447
-4.4638e+05
-47.8
0.0743
0.9717
129.43
8.5547
-85.705
1.386
0.000378
0.034389
0.021505
0.24601
0.12632
0.7421
0.00052471
0.00040048
7.0155e-06
0.097936
0.11955
0.97971
0.0090948
0.085336
0.98707
0.99164
0.001374
0.0040161
0.98593
0.18001
0.0040234
0.16743
4.5652e-06
5.9535e-06
0.56599
13.006
0.93258
13.01
4.2752
13.006
0.0013087
0.019422
0.0069025
0.027635
0.13792
0.11986
0.00085704
0.85588
0.14412
0.39851
0.080365
0.076871
0.44426
1.9702
0.0042992
-0.0017576
0.097414
0.48903
-4.3698
-97820
-47.8
0.0743
0.9717
129.43
8.5547
-85.705
1.3858
0.00037741
0.034336
0.021472
0.24586
0.12625
0.74192
0.00052388
0.00039964
7.0155e-06
0.09788
0.1195
0.97971
0.0090948
0.085336
0.98707
0.99164
0.001374
0.0040161
0.98593
0.18001
0.0040234
0.16743
4.551e-06
5.9368e-06
0.56606
13.004
0.93251
13.007
4.2749
13.004
0.0013052
0.019412
0.006891
0.022774
0.13792
0.11987
0.0008575
0.87499
0.12501
0.42339
0.073334
0.074066
0.42921
1.9411
0.0043361
-0.0017322
0.09736
0.48904
-4.5283
-4.6363e+05
-47.8
0.0743
0.9717
129.43
8.5547
-85.705
1.3858
0.00037686
0.034286
0.021458
0.24578
0.12624
0.74193
0.00052351
0.00039784
7.0155e-06
0.097887
0.11952
0.97971
0.0090948
0.085335
0.98707
0.99164
0.001374
0.0040161
0.98593
0.18001
0.0040234
0.16743
4.5513e-06
5.9371e-06
0.56605
13.003
0.93249
13.007
4.2748
13.003
0.0012982
0.019409
0.006871
0.011001
0.13792
0.11987
0.00085778
0.91125
0.08875
0.48093
0.058383
0.067389
0.3933
1.8724
0.0044201
-0.0016747
0.097472
0.48983
-4.907
-1.1065e+08
-47.8
0.0743
0.9717
129.43
8.5547
-85.705
1.386
0.00037689
0.03429
0.021466
0.24581
0.12626
0.74208
0.00052372
0.00039777
7.0155e-06
0.097898
0.11953
0.97971
0.0090948
0.085335
0.98707
0.99164
0.001374
0.0040161
0.98593
0.18001
0.0040234
0.16743
4.5573e-06
5.9449e-06
0.56606
13.002
0.93247
13.006
4.2747
13.003
0.0012986
0.019407
0.0068729
0.017157
0.13792
0.11988
0.0008581
0.89525
0.10475
0.45248
0.065204
0.070761
0.41156
1.9061
0.0043818
-0.0017008
0.097188
0.48924
-4.7122
-7.2566e+06
-47.8
0.0743
0.9717
129.43
8.5547
-85.705
1.386
0.00037644
0.034251
0.021458
0.24577
0.12627
0.7421
0.00052349
0.00039508
7.0155e-06
0.09791
0.11955
0.97971
0.0090948
0.085334
0.98707
0.99164
0.001374
0.0040161
0.98593
0.18001
0.0040234
0.16743
4.5602e-06
5.9485e-06
0.56605
13.002
0.93245
13.005
4.2746
13.002
0.0012908
0.019407
0.0068515
0.00011946
0.13792
0.11988
0.00085833
0.93358
0.066415
0.52647
0.047723
0.061934
0.36387
1.8183
0.0044842
-0.001631
0.097518
0.49054
-5.5076
-9.1065e+09
-47.8
0.0743
0.9717
129.43
8.5547
-85.705
1.3862
0.00037711
0.034312
0.021482
0.24589
0.1263
0.7423
0.0005241
0.00039776
7.0155e-06
0.097891
0.11951
0.97971
0.0090948
0.085334
0.98707
0.99164
0.001374
0.0040161
0.98593
0.18001
0.0040234
0.16743
4.5646e-06
5.9555e-06
0.5661
13
0.93239
13.004
4.2743
13
0.0013007
0.019401
0.0068809
0.029647
0.13792
0.11988
0.00085874
0.85461
0.14539
0.39511
0.080587
0.077344
0.44696
1.9753
0.0042996
-0.0017573
0.096883
0.48833
-4.3131
-87259
-47.8
0.0743
0.9717
129.43
8.5547
-85.705
1.3861
0.00037611
0.034224
0.021455
0.24575
0.12628
0.74219
0.0005234
0.00039299
7.0155e-06
0.097914
0.11956
0.97971
0.0090948
0.085334
0.98707
0.99164
0.001374
0.0040161
0.98593
0.18001
0.0040234
0.16743
4.5646e-06
5.9547e-06
0.56607
13
0.9324
13.004
4.2744
13.001
0.0012852
0.019404
0.0068366
-0.012564
0.13792
0.11988
0.00085881
0.94638
0.053623
0.55846
0.040931
0.058012
0.3426
1.7805
0.004527
-0.0016021
0.097519
0.49097
-7.025
-1.9509e+11
-47.8
0.0743
0.9717
129.43
8.5547
-85.705
1.3863
0.00037689
0.034293
0.02148
0.24588
0.1263
0.7424
0.00052404
0.00039686
7.0155e-06
0.097888
0.11952
0.97971
0.0090947
0.085333
0.98707
0.99164
0.001374
0.0040161
0.98593
0.18001
0.0040234
0.16743
4.5676e-06
5.96e-06
0.56613
12.998
0.93234
13.002
4.2741
12.999
0.0012978
0.019396
0.0068731
0.026644
0.13792
0.11989
0.00085922
0.86769
0.13231
0.411
0.075803
0.075609
0.43758
1.9553
0.0043272
-0.0017383
0.09682
0.48851
-4.4136
-1.9751e+05
-47.8
0.0743
0.9717
129.43
8.5547
-85.705
1.3861
0.0003757
0.034188
0.021441
0.24568
0.12626
0.74221
0.00052304
0.00039183
7.0155e-06
0.09789
0.11954
0.97971
0.0090947
0.085333
0.98707
0.99164
0.001374
0.0040161
0.98593
0.18001
0.0040234
0.16743
4.5617e-06
5.9522e-06
0.56612
12.998
0.93233
13.002
4.2741
12.998
0.0012817
0.019396
0.0068267
-0.012827
0.13792
0.11989
0.00085933
0.94732
0.052681
0.56015
0.04038
0.057833
0.34163
1.7789
0.0045322
-0.0015986
0.097324
0.4907
-7.1036
-2.3035e+11
-47.8
0.0743
0.9717
129.43
8.5547
-85.705
1.386
0.00037593
0.034206
0.02143
0.24565
0.12621
0.74209
0.00052277
0.0003945
7.0155e-06
0.097811
0.11944
0.97971
0.0090947
0.085333
0.98707
0.99164
0.001374
0.0040161
0.98593
0.18001
0.0040234
0.16743
4.5476e-06
5.9365e-06
0.56624
12.995
0.93224
12.999
4.2737
12.995
0.0012889
0.019384
0.0068459
0.0075082
0.13791
0.1199
0.00085976
0.92418
0.075817
0.50439
0.052277
0.064703
0.37863
1.8444
0.0044624
-0.0016458
0.097224
0.48986
-5.0236
-1.2072e+09
-47.8
0.0743
0.9717
129.43
8.5547
-85.705
1.3858
0.0003763
0.034238
0.021415
0.24562
0.12614
0.7419
0.00052242
0.00039768
7.0155e-06
0.0977
0.11929
0.97971
0.0090947
0.085333
0.98707
0.99164
0.001374
0.0040161
0.98593
0.18001
0.0040234
0.16743
4.5276e-06
5.9143e-06
0.5664
12.991
0.93211
12.995
4.2731
12.991
0.0012987
0.019368
0.0068714
0.023665
0.13791
0.11992
0.00086027
0.88006
0.11994
0.42907
0.071202
0.073569
0.42616
1.9347
0.0043547
-0.0017194
0.097079
0.48863
-4.5035
-8.6159e+05
-47.8
0.0743
0.9717
129.43
8.5547
-85.705
1.3858
0.00037595
0.034209
0.021398
0.24554
0.12611
0.74185
0.00052197
0.00039696
7.0155e-06
0.097649
0.11924
0.97971
0.0090947
0.085332
0.98707
0.99164
0.001374
0.0040161
0.98593
0.18001
0.0040234
0.16743
4.52e-06
5.9065e-06
0.56648
12.989
0.93204
12.992
4.2728
12.989
0.0012977
0.019359
0.0068685
0.033297
0.13791
0.11992
0.0008606
0.84734
0.15266
0.38616
0.083032
0.07842
0.45239
1.9891
0.0042897
-0.0017642
0.096681
0.48748
-4.1995
-71797
-47.8
0.0743
0.9717
129.43
8.5547
-85.705
1.3855
0.00037414
0.03405
0.02134
0.24523
0.12604
0.74156
0.00052046
0.00038927
7.0155e-06
0.097646
0.11927
0.97971
0.0090947
0.085332
0.98707
0.99164
0.001374
0.0040161
0.98593
0.18001
0.0040234
0.16743
4.5108e-06
5.8943e-06
0.56647
12.989
0.93204
12.992
4.2727
12.989
0.0012738
0.01936
0.0067996
-0.033196
0.13791
0.11992
0.00086062
0.95798
0.042024
0.59375
0.034198
0.053614
0.31844
1.7434
0.0045704
-0.0015729
0.097214
0.49024
-9.2901
-4.3302e+12
-47.8
0.0743
0.9717
129.43
8.5547
-85.705
1.3856
0.00037558
0.034175
0.021364
0.2454
0.12603
0.74163
0.00052112
0.00039697
7.0155e-06
0.097538
0.1191
0.97971
0.0090947
0.085332
0.98707
0.99164
0.001374
0.0040161
0.98593
0.18001
0.0040234
0.16743
4.4999e-06
5.8842e-06
0.56665
12.984
0.9319
12.988
4.2721
12.985
0.001298
0.019342
0.0068685
0.042971
0.13791
0.11994
0.00086128
0.80935
0.19065
0.34586
0.095272
0.082831
0.47603
2.0421
0.0042265
-0.001808
0.096503
0.48658
-3.8906
-66141
-47.8
0.0743
0.9717
129.43
8.5547
-85.705
1.3854
0.00037558
0.034173
0.021347
0.24534
0.12598
0.74142
0.0005207
0.00039793
7.0155e-06
0.097496
0.11905
0.97971
0.0090947
0.085332
0.98707
0.99164
0.001374
0.0040161
0.98593
0.18001
0.0040234
0.16743
4.487e-06
5.8684e-06
0.56669
12.983
0.93186
12.986
4.2719
12.983
0.0012998
0.019335
0.0068713
0.03376
0.13791
0.11995
0.00086153
0.84797
0.15203
0.38769
0.082882
0.078264
0.45117
1.9882
0.0042924
-0.0017623
0.096872
0.48741
-4.1797
-73197
-47.8
0.0743
0.9717
129.43
8.5547
-85.705
1.3854
0.00037507
0.034128
0.021339
0.24528
0.12598
0.74143
0.0005205
0.00039587
7.0155e-06
0.097544
0.11912
0.97971
0.0090947
0.085332
0.98707
0.99164
0.001374
0.0040161
0.98593
0.18001
0.0040234
0.16743
4.4922e-06
5.8733e-06
0.56662
12.984
0.9319
12.988
4.2721
12.985
0.0012917
0.01934
0.0068487
0.016317
0.13791
0.11994
0.00086153
0.90615
0.093846
0.4707
0.060501
0.068769
0.40003
1.8872
0.0044176
-0.0016764
0.097143
0.48873
-4.742
-4.3201e+07
-47.8
0.0743
0.9717
129.43
8.5547
-85.705
1.3856
0.00037497
0.03412
0.021352
0.24532
0.12603
0.74162
0.0005208
0.00039459
7.0155e-06
0.097602
0.1192
0.97971
0.0090947
0.085331
0.98707
0.99164
0.001374
0.0040161
0.98593
0.18001
0.0040234
0.16743
4.5045e-06
5.8876e-06
0.56654
12.986
0.93195
12.989
4.2723
12.986
0.0012882
0.019345
0.0068399
0.013409
0.13791
0.11994
0.00086156
0.91455
0.085454
0.48532
0.056735
0.067057
0.39089
1.8693
0.0044403
-0.0016609
0.097076
0.48894
-4.8408
-1.8449e+08
-47.8
0.0743
0.9717
129.43
8.5547
-85.705
1.3857
0.00037497
0.03412
0.021362
0.24536
0.12606
0.74177
0.00052106
0.00039411
7.0155e-06
0.097633
0.11924
0.97971
0.0090947
0.085331
0.98707
0.99164
0.001374
0.0040161
0.98593
0.18001
0.0040234
0.16743
4.5127e-06
5.8975e-06
0.56651
12.986
0.93197
12.99
4.2724
12.987
0.001287
0.019346
0.0068374
0.014317
0.13791
0.11994
0.00086165
0.91298
0.087022
0.48169
0.057406
0.067511
0.3934
1.8732
0.0044371
-0.0016631
0.09696
0.48886
-4.8156
-1.3556e+08
-47.8
0.0743
0.9717
129.43
8.5547
-85.705
1.3856
0.00037451
0.034081
0.021347
0.24528
0.12604
0.7417
0.00052065
0.0003922
7.0155e-06
0.097624
0.11924
0.97971
0.0090947
0.085331
0.98707
0.99164
0.001374
0.0040161
0.98593
0.18001
0.0040234
0.16743
4.5095e-06
5.8936e-06
0.56652
12.986
0.93195
12.989
4.2723
12.986
0.0012815
0.019344
0.0068216
0.0044534
0.13791
0.11994
0.00086177
0.93317
0.066828
0.52395
0.04782
0.062404
0.36583
1.824
0.004494
-0.0016245
0.097084
0.48941
-5.2909
-7.3655e+09
-47.8
0.0743
0.9717
129.43
8.5547
-85.705
1.3855
0.00037467
0.034093
0.02133
0.24522
0.12598
0.74152
0.00052026
0.00039475
7.0155e-06
0.097538
0.11913
0.97971
0.0090947
0.085331
0.98707
0.99164
0.001374
0.0040161
0.98593
0.18001
0.0040234
0.16743
4.4928e-06
5.8746e-06
0.56664
12.983
0.93187
12.987
4.2719
12.983
0.0012883
0.019332
0.0068391
0.018418
0.13791
0.11995
0.00086209
0.90312
0.096882
0.46433
0.061736
0.069563
0.40437
1.8952
0.0044116
-0.0016805
0.096876
0.48829
-4.6841
-2.357e+07
-47.8
0.0743
0.9717
129.43
8.5547
-85.705
1.3852
0.00037438
0.034066
0.021292
0.24506
0.12588
0.74117
0.0005193
0.00039541
7.0155e-06
0.097426
0.11899
0.97971
0.0090947
0.085331
0.98707
0.99164
0.001374
0.0040161
0.98593
0.18001
0.0040234
0.16743
4.4681e-06
5.8458e-06
0.56679
12.98
0.93176
12.983
4.2714
12.98
0.0012899
0.019318
0.006841
0.018583
0.13791
0.11996
0.00086241
0.90267
0.097329
0.4646
0.061986
0.069511
0.40391
1.8963
0.0044097
-0.0016818
0.097006
0.48815
-4.6728
-2.2208e+07
-47.8
0.0743
0.9717
129.43
8.5547
-85.705
1.385
0.00037442
0.03407
0.021267
0.24497
0.1258
0.74091
0.00051868
0.00039716
7.0155e-06
0.097311
0.11885
0.97971
0.0090947
0.085331
0.98707
0.99164
0.001374
0.0040161
0.98593
0.18001
0.0040234
0.16743
4.4463e-06
5.8212e-06
0.56695
12.976
0.93164
12.979
4.2709
12.976
0.0012965
0.019304
0.0068576
0.037483
0.13791
0.11998
0.00086278
0.83958
0.16042
0.37795
0.085693
0.079368
0.45699
2.004
0.0042773
-0.0017728
0.096628
0.48638
-4.0638
-66245
-47.8
0.0743
0.9717
129.43
8.5547
-85.705
1.3848
0.00037422
0.034052
0.021245
0.24488
0.12574
0.74072
0.00051813
0.0003974
7.0155e-06
0.097249
0.11877
0.97971
0.0090947
0.085331
0.98707
0.99164
0.001374
0.0040161
0.98593
0.18001
0.0040234
0.16743
4.4328e-06
5.8054e-06
0.56703
12.974
0.93158
12.977
4.2706
12.974
0.0012969
0.019296
0.0068573
0.036061
0.13791
0.11999
0.00086294
0.84517
0.15483
0.38474
0.083853
0.078606
0.45281
1.9962
0.0042868
-0.0017663
0.096708
0.48639
-4.1057
-68921
