-85.362
1.3914
0.00039633
0.036021
0.021853
0.25206
0.12759
0.74835
0.00053327
0.000435
7.4295e-06
0.10909
0.13646
0.96368
0.010835
0.11721
0.98602
0.99058
0.0014549
0.0041095
0.977
0.15671
0.0041224
0.16032
5.2964e-06
6.1383e-06
0.53681
12.459
0.91493
12.466
4.1949
12.459
0.001415
0.021398
0.0072576
0.029587
0.13808
0.11787
0.00078269
0.77393
0.22607
0.30602
0.10355
0.088798
0.50163
1.9738
0.0043006
-0.0017567
0.1051
0.51259
-1.9078
-67608
-47.8
0.0743
0.9717
129.43
8.5547
-85.362
1.3914
0.00039622
0.036009
0.021855
0.25206
0.12761
0.74838
0.00053332
0.00043437
7.4295e-06
0.10913
0.13652
0.96368
0.010835
0.11721
0.98602
0.99058
0.0014549
0.0041095
0.977
0.15671
0.0041224
0.16032
5.3023e-06
6.1437e-06
0.53675
12.46
0.91494
12.466
4.1949
12.46
0.0014115
0.021405
0.0072488
0.018971
0.13808
0.11787
0.00078256
0.86614
0.13386
0.39936
0.075179
0.078521
0.44694
1.8536
0.0044623
-0.0016459
0.10587
0.51461
-2.2391
-5.7733e+08
-47.8
0.0743
0.9717
129.43
8.5547
-85.362
1.3916
0.00039676
0.036058
0.021877
0.25218
0.12764
0.7485
0.00053389
0.0004356
7.4295e-06
0.10915
0.13652
0.96368
0.010835
0.1172
0.98602
0.99058
0.0014549
0.0041095
0.977
0.15671
0.0041224
0.16032
5.3105e-06
6.1532e-06
0.53675
12.459
0.91493
12.466
4.1949
12.459
0.0014165
0.021408
0.0072629
0.027964
0.13808
0.11786
0.00078259
0.78918
0.21082
0.31879
0.099338
0.087461
0.49441
1.9549
0.0043251
-0.0017398
0.10531
0.5132
-1.9588
-1.9317e+05
-47.8
0.0743
0.9717
129.43
8.5547
-85.362
1.3918
0.00039727
0.036104
0.021912
0.25234
0.12772
0.74874
0.00053477
0.00043599
7.4295e-06
0.10923
0.13659
0.96368
0.010835
0.1172
0.98602
0.99058
0.0014549
0.0041095
0.977
0.15671
0.0041224
0.16032
5.3314e-06
6.1754e-06
0.53667
12.461
0.91497
12.467
4.1951
12.461
0.0014182
0.02142
0.0072691
0.028642
0.13808
0.11785
0.00078249
0.78165
0.21835
0.31227
0.10141
0.088171
0.49815
1.962
0.0043151
-0.0017466
0.10537
0.51348
-1.9392
-1.2177e+05
-47.8
0.0743
0.9717
129.43
8.5547
-85.362
1.3921
0.00039754
0.036128
0.021957
0.25251
0.12784
0.7491
0.00053588
0.00043498
7.4295e-06
0.10939
0.13678
0.96368
0.010835
0.1172
0.98602
0.99058
0.0014549
0.0041095
0.977
0.1567
0.0041224
0.16032
5.3681e-06
6.2131e-06
0.53647
12.464
0.91507
12.471
4.1955
12.464
0.0014142
0.021442
0.0072615
0.020584
0.13809
0.11783
0.00078219
0.85327
0.14673
0.38242
0.079528
0.080512
0.45754
1.8697
0.0044404
-0.0016607
0.10584
0.5152
-2.195
-1.4963e+08
-47.8
0.0743
0.9717
129.43
8.5547
-85.362
1.3923
0.00039713
0.036096
0.021978
0.25257
0.12793
0.74932
0.00053639
0.00043026
7.4295e-06
0.10954
0.13697
0.96368
0.010835
0.1172
0.98602
0.99058
0.0014549
0.0041095
0.977
0.1567
0.0041224
0.16032
5.3985e-06
6.2434e-06
0.53628
12.467
0.91518
12.474
4.196
12.467
0.0014019
0.021465
0.0072326
-0.013204
0.13809
0.11781
0.00078186
0.93313
0.066868
0.51084
0.047331
0.065117
0.37671
1.7197
0.0046298
-0.0015327
0.10644
0.51748
-5.2362
-2.4041e+13
-47.8
0.0743
0.9717
129.43
8.5547
-85.362
1.3924
0.00039797
0.036167
0.022001
0.2527
0.12795
0.74945
0.000537
0.00043424
7.4295e-06
0.10952
0.13692
0.96368
0.010835
0.1172
0.98602
0.99058
0.0014549
0.0041095
0.977
0.1567
0.0041224
0.16032
5.4006e-06
6.2472e-06
0.53634
12.465
0.91512
12.472
4.1958
12.465
0.0014127
0.021459
0.0072605
0.017155
0.13809
0.11781
0.00078216
0.87784
0.12216
0.41328
0.070769
0.076993
0.43896
1.8303
0.004494
-0.0016243
0.10611
0.51625
-2.3168
-3.5326e+09
-47.8
0.0743
0.9717
129.43
8.5547
-85.362
1.3923
0.00039802
0.03617
0.021987
0.25266
0.12791
0.74934
0.00053665
0.0004355
7.4295e-06
0.10945
0.13683
0.96368
0.010835
0.1172
0.98602
0.99058
0.0014549
0.0041095
0.977
0.1567
0.0041224
0.16032
5.3863e-06
6.2332e-06
0.53644
12.463
0.91504
12.47
4.1954
12.463
0.0014158
0.021448
0.0072675
0.020274
0.13809
0.11783
0.00078247
0.85645
0.14355
0.38602
0.078413
0.080143
0.45542
1.8633
0.0044501
-0.0016541
0.10601
0.51574
-2.2086
-2.4991e+08
-47.8
0.0743
0.9717
129.43
8.5547
-85.362
1.3921
0.0003973
0.036108
0.021953
0.2525
0.12785
0.74919
0.00053577
0.00043349
7.4295e-06
0.10939
0.13677
0.96368
0.010835
0.1172
0.98602
0.99058
0.0014549
0.0041095
0.977
0.1567
0.0041224
0.16032
5.371e-06
6.2172e-06
0.53651
12.46
0.91496
12.467
4.195
12.46
0.0014103
0.021439
0.0072525
0.014105
0.13808
0.11783
0.00078272
0.89072
0.10928
0.43236
0.06587
0.074752
0.42702
1.8092
0.0045234
-0.0016043
0.1062
0.51629
-2.6069
-1.9738e+10
-47.8
0.0743
0.9717
129.43
8.5547
-85.362
1.3919
0.00039655
0.036042
0.021905
0.2523
0.12775
0.74894
0.00053456
0.00043217
7.4295e-06
0.10928
0.13665
0.96368
0.010835
0.1172
0.98602
0.99058
0.0014549
0.0041095
0.977
0.1567
0.0041224
0.16032
5.344e-06
6.1895e-06
0.53665
12.456
0.91483
12.463
4.1944
12.456
0.0014066
0.021423
0.0072414
0.0095573
0.13808
0.11785
0.0007831
0.90506
0.094938
0.45587
0.060065
0.071934
0.41213
1.7837
0.0045575
-0.0015814
0.10624
0.51631
-3.1347
-1.5753e+11
-47.8
0.0743
0.9717
129.43
8.5547
-85.362
1.3917
0.00039643
0.036031
0.021863
0.25216
0.12763
0.74868
0.00053352
0.0004344
7.4295e-06
0.10908
0.13641
0.96368
0.010835
0.11719
0.98602
0.99058
0.0014549
0.0041095
0.977
0.1567
0.0041224
0.16032
5.3062e-06
6.1523e-06
0.53691
12.45
0.91463
12.457
4.1935
12.45
0.0014141
0.021393
0.0072586
0.032924
0.13808
0.11788
0.00078376
0.74454
0.25546
0.28281
0.11103
0.091322
0.51484
2.0042
0.004265
-0.0017813
0.10493
0.51253
-1.8168
-35086
-47.8
0.0743
0.9717
129.43
8.5547
-85.362
1.3914
0.00039563
0.035958
0.021808
0.25192
0.1275
0.74835
0.00053212
0.00043389
7.4295e-06
0.10896
0.13628
0.96368
0.010835
0.11719
0.98602
0.99058
0.0014549
0.0041095
0.977
0.1567
0.0041224
0.16032
5.2739e-06
6.1183e-06
0.53706
12.446
0.9145
12.453
4.1929
12.446
0.0014102
0.021375
0.0072454
0.020805
0.13808
0.1179
0.00078412
0.85769
0.14231
0.38832
0.07804
0.07989
0.45375
1.8667
0.0044517
-0.0016531
0.10575
0.51435
-2.1918
-2.1558e+08
-47.8
0.0743
0.9717
129.43
8.5547
-85.362
1.3913
0.00039527
0.035928
0.021781
0.25181
0.12744
0.74824
0.00053144
0.00043352
7.4295e-06
0.10886
0.13617
0.96368
0.010835
0.11719
0.98602
0.99058
0.0014549
0.0041095
0.977
0.1567
0.0041224
0.16032
5.2564e-06
6.1013e-06
0.53719
12.443
0.91439
12.449
4.1924
12.443
0.001411
0.021359
0.0072468
0.035318
0.13808
0.11791
0.00078456
0.72406
0.27594
0.26838
0.11608
0.092805
0.52274
2.0284
0.0042373
-0.0018005
0.10465
0.51151
-1.7473
-33063
-47.8
0.0743
0.9717
129.43
8.5547
-85.362
1.3912
0.00039465
0.035871
0.021751
0.25166
0.12739
0.7481
0.00053068
0.00043245
7.4295e-06
0.10883
0.13615
0.96368
0.010835
0.11719
0.98602
0.99058
0.0014549
0.0041095
0.977
0.1567
0.0041224
0.16032
5.2442e-06
6.0878e-06
0.53722
12.442
0.91434
12.448
4.1922
12.442
0.0014057
0.021354
0.0072311
0.019861
0.13808
0.11792
0.00078472
0.86781
0.13219
0.40096
0.074468
0.078459
0.44611
1.8536
0.0044727
-0.0016388
0.10564
0.51398
-2.2262
-6.4975e+08
-47.8
0.0743
0.9717
129.43
8.5547
-85.362
1.3912
0.00039462
0.035869
0.021742
0.25163
0.12736
0.74807
0.00053045
0.00043302
7.4295e-06
0.10879
0.13609
0.96368
0.010835
0.11719
0.98602
0.99058
0.0014549
0.0041095
0.977
0.1567
0.0041224
0.16032
5.2359e-06
6.08e-06
0.53729
12.439
0.91428
12.446
4.1919
12.439
0.0014084
0.021344
0.0072373
0.031866
0.13808
0.11793
0.00078504
0.76529
0.23471
0.29836
0.10561
0.089757
0.50628
1.9868
0.0042942
-0.0017611
0.1047
0.51163
-1.8576
-46126
-47.8
0.0743
0.9717
129.43
8.5547
-85.362
1.3911
0.00039422
0.035833
0.021724
0.25154
0.12733
0.74798
0.00052998
0.00043201
7.4295e-06
0.10877
0.13607
0.96368
0.010835
0.11719
0.98602
0.99058
0.0014549
0.0041095
0.977
0.1567
0.0041224
0.16032
5.2288e-06
6.0723e-06
0.53731
12.438
0.91424
12.445
4.1917
12.438
0.0014041
0.021341
0.0072256
0.020315
0.13808
0.11793
0.00078519
0.86694
0.13306
0.39972
0.074757
0.078627
0.44689
1.856
0.004472
-0.0016393
0.10555
0.51371
-2.2181
-5.5561e+08
-47.8
0.0743
0.9717
129.43
8.5547
-85.362
1.3911
0.00039443
0.035853
0.021725
0.25156
0.12732
0.748
0.00053001
0.000433
7.4295e-06
0.10872
0.136
0.96368
0.010835
0.11719
0.98602
0.99058
0.001455
0.0041095
0.977
0.1567
0.0041224
0.16032
5.2238e-06
6.0686e-06
0.5374
12.436
0.91417
12.443
4.1914
12.436
0.0014084
0.021332
0.0072369
0.033386
0.13808
0.11794
0.00078551
0.75218
0.24782
0.28825
0.10899
0.090836
0.51193
2.0011
0.0042771
-0.001773
0.10465
0.51141
-1.8158
-36487
-47.8
0.0743
0.9717
129.43
8.5547
-85.362
1.3912
0.00039445
0.035854
0.021729
0.25158
0.12733
0.74806
0.00053011
0.00043297
7.4295e-06
0.10873
0.13602
0.96368
0.010835
0.11719
0.98602
0.99058
0.001455
0.0041095
0.977
0.1567
0.0041224
0.16032
5.2275e-06
6.0727e-06
0.53739
12.436
0.91416
12.442
4.1914
12.436
0.001408
0.021332
0.0072359
0.031824
0.13808
0.11794
0.00078564
0.7693
0.2307
0.30136
0.10448
0.089491
0.50466
1.9823
0.0043025
-0.0017554
0.10473
0.51172
-1.8668
-53294
-47.8
0.0743
0.9717
129.43
8.5547
-85.362
1.3913
0.00039408
0.035822
0.021731
0.25157
0.12736
0.74817
0.00053016
0.00043095
7.4295e-06
0.1088
0.13611
0.96368
0.010835
0.11719
0.98602
0.99058
0.001455
0.0041095
0.977
0.15669
0.0041224
0.16032
5.2392e-06
6.0842e-06
0.5373
12.437
0.9142
12.444
4.1915
12.437
0.0014012
0.02134
0.0072193
0.020045
0.13808
0.11793
0.00078558
0.87132
0.12868
0.40471
0.073104
0.078097
0.44409
1.8493
0.0044837
-0.0016314
0.10546
0.5138
-2.2372
-9.6294e+08
-47.8
0.0743
0.9717
129.43
8.5547
-85.362
1.3913
0.00039374
0.035793
0.021722
0.25153
0.12735
0.74816
0.00052992
0.0004292
7.4295e-06
0.1088
0.13611
0.96368
0.010835
0.11719
0.98602
0.99058
0.001455
0.0041095
0.977
0.15669
0.0041224
0.16032
5.2388e-06
6.0838e-06
0.53731
12.436
0.91417
12.443
4.1914
12.436
0.0013967
0.02134
0.0072079
0.011835
0.13808
0.11793
0.00078568
0.90368
0.096324
0.45334
0.060581
0.072339
0.41374
1.7924
0.0045586
-0.0015807
0.10573
0.51465
-2.9755
-9.3094e+10
-47.8
0.0743
0.9717
129.43
8.5547
-85.362
1.3912
0.00039421
0.035834
0.021716
0.25154
0.12731
0.74808
0.00052978
0.00043234
7.4295e-06
0.10868
0.13594
0.96368
0.010835
0.11718
0.98602
0.99058
0.001455
0.0041095
0.977
0.15669
0.0041224
0.16032
5.221e-06
6.0676e-06
0.53749
12.432
0.91404
12.439
4.1908
12.432
0.0014067
0.021322
0.0072329
0.033176
0.13808
0.11795
0.00078615
0.75783
0.24217
0.29216
0.10743
0.09048
0.50993
1.995
0.0042871
-0.0017661
0.1046
0.5115
-1.8324
-39579
-47.8
0.0743
0.9717
129.43
8.5547
-85.362
1.3911
0.00039403
0.035818
0.0217
0.25148
0.12727
0.748
0.00052938
0.00043206
7.4295e-06
0.10862
0.13587
0.96368
0.010835
0.11718
0.98602
0.99058
0.001455
0.0041095
0.977
0.15669
0.0041224
0.16032
5.2102e-06
6.0572e-06
0.53758
12.43
0.91396
12.436
4.1904
12.43
0.0014064
0.021313
0.0072324
0.038352
0.13808
0.11796
0.0007864
0.70314
0.29686
0.25404
0.12082
0.094348
0.53079
2.0517
0.0042144
-0.0018165
0.10433
0.51072
-1.6799
-33560
-47.8
0.0743
0.9717
129.43
8.5547
-85.362
1.391
0.0003934
0.035761
0.021677
0.25136
0.12724
0.74787
0.00052879
0.00043043
7.4295e-06
0.10863
0.13591
0.96368
0.010835
0.11718
0.98602
0.99058
0.001455
0.0041095
0.977
0.15669
0.0041224
0.16032
5.2047e-06
6.0496e-06
0.53753
12.43
0.91397
12.437
4.1905
12.43
0.0013995
0.021316
0.0072131
0.018459
0.13808
0.11796
0.00078633
0.88221
0.11779
0.42026
0.069115
0.076277
0.43435
1.8322
0.0045073
-0.0016154
0.10557
0.51384
-2.3115
-3.9262e+09
-47.8
0.0743
0.9717
129.43
8.5547
-85.362
1.391
0.00039354
0.035772
0.021673
0.25134
0.12722
0.74786
0.0005287
0.00043212
7.4295e-06
0.1086
0.13587
0.96368
0.010835
0.11718
0.98602
0.99058
0.001455
0.0041095
0.977
0.15669
0.0041224
0.16032
5.1979e-06
6.043e-06
0.53758
12.429
0.91393
12.435
4.1903
12.429
0.001404
0.021309
0.0072233
0.029495
0.13808
0.11796
0.00078651
0.79652
0.20348
0.32417
0.096971
0.087077
0.49178
1.9532
0.0043434
-0.0017272
0.10471
0.51166
-1.9535
-2.6214e+05
-47.8
0.0743
0.9717
129.43
8.5547
-85.362
1.3909
0.00039327
0.035748
0.021658
0.25128
0.12719
0.74777
0.00052831
0.00043133
7.4295e-06
0.10857
0.13583
0.96368
0.010835
0.11718
0.98602
0.99058
0.001455
0.0041095
0.977
0.15669
0.0041224
0.16032
5.1902e-06
6.0349e-06
0.53762
12.427
0.91389
12.434
4.1901
12.427
0.0014015
0.021305
0.0072167
0.022135
0.13808
0.11797
0.0007866
0.85804
0.14196
0.38839
0.077841
0.079952
0.45382
1.8714
0.0044541
-0.0016516
0.10531
0.51302
-2.183
-1.6683e+08
-47.8
0.0743
0.9717
129.43
8.5547
-85.362
1.3909
0.00039345
0.035766
0.021658
0.2513
0.12717
0.74779
0.00052831
0.00043207
7.4295e-06
0.10852
0.13576
0.96368
0.010835
0.11718
0.98602
0.99058
0.001455
0.0041095
0.977
0.15669
0.0041224
0.16032
5.1852e-06
6.0313e-06
0.53771
12.425
0.91381
12.432
4.1898
12.425
0.0014054
0.021297
0.007227
0.034548
0.13807
0.11798
0.00078684
0.74512
0.25488
0.28297
0.11077
0.091372
0.5149
2.0105
0.0042658
-0.0017808
0.10444
0.51084
-1.8006
-34218
-47.8
0.0743
0.9717
129.43
8.5547
-85.362
1.391
0.00039332
0.035755
0.021657
0.25129
0.12718
0.74784
0.00052827
0.00043163
7.4295e-06
0.10852
0.13577
0.96368
0.010835
0.11718
0.98602
0.99058
0.001455
0.0041095
0.977
0.15669
0.0041224
0.16032
5.1868e-06
6.0333e-06
0.53772
12.425
0.91379
12.431
4.1897
12.425
0.0014039
0.021297
0.0072234
0.032396
0.13807
0.11798
0.00078686
0.76679
0.23321
0.29932
0.10516
0.089665
0.50586
1.9876
0.0042953
-0.0017604
0.10446
0.51107
-1.8677
-45845
-47.8
0.0743
0.9717
129.43
8.5547
-85.362
1.3909
0.00039256
0.035688
0.021638
0.25119
0.12717
0.74778
0.00052779
0.00042789
7.4295e-06
0.10855
0.13582
0.96368
0.010835
0.11718
0.98602
0.99058
0.001455
0.0041095
0.977
0.15669
0.0041224
0.16032
5.1883e-06
6.0338e-06
0.53767
12.425
0.9138
12.431
4.1897
12.425
0.0013928
0.021303
0.0071953
0.0080851
0.13808
0.11797
0.00078672
0.91307
0.086927
0.47076
0.056626
0.070153
0.40247
1.7753
0.0045762
-0.0015689
0.10565
0.51434
-3.4271
-3.6005e+11
-47.8
0.0743
0.9717
129.43
8.5547
-85.362
1.3909
0.00039322
0.035746
0.021644
0.25125
0.12714
0.74779
0.00052794
0.00043144
7.4296e-06
0.10845
0.13567
0.96368
0.010835
0.11718
0.98602
0.99058
0.001455
0.0041095
0.977
0.15669
0.0041224
0.16032
5.1765e-06
6.024e-06
0.53783
12.421
0.91369
12.428
4.1892
12.421
0.0014043
0.021288
0.0072253
0.035081
0.13807
0.11798
0.00078707
0.73601
0.26399
0.27651
0.11311
0.091963
0.51843
2.0204
0.0042496
-0.0017921
0.1043
0.51065
-1.786
-33246
-47.8
0.0743
0.9717
129.43
8.5547
-85.362
1.3909
0.00039329
0.035753
0.021636
0.25125
0.12712
0.74769
0.00052775
0.00043193
7.4296e-06
0.1084
0.13561
0.96368
0.010835
0.11718
0.98602
0.99058
0.001455
0.0041095
0.977
0.15669
0.0041224
0.16032
5.1677e-06
6.0154e-06
0.5379
12.419
0.91362
12.426
4.1889
12.419
0.0014061
0.021283
0.0072302
0.039089
0.13807
0.11799
0.00078718
0.68996
0.31004
0.24636
0.12411
0.094943
0.53459
2.0659
0.0041903
-0.0018333
0.10424
0.51025
-1.668
-34436
-47.8
0.0743
0.9717
129.43
8.5547
-85.362
1.3908
0.00039332
0.035752
0.021635
0.25123
0.12712
0.74764
0.00052775
0.00043256
7.4296e-06
0.10843
0.13565
0.96368
0.010835
0.11718
0.98602
0.99058
0.001455
0.0041095
0.977
0.15669
0.0041224
0.16032
5.1684e-06
6.0147e-06
0.53783
12.42
0.91366
12.427
4.189
12.42
0.0014054
0.02129
0.0072272
0.023738
0.13807
0.11798
0.00078698
0.83954
0.16046
0.36777
0.084173
0.082133
0.46592
1.8973
0.004409
-0.0016823
0.10523
0.51271
-2.1329
-1.8613e+07
-47.8
0.0743
0.9717
129.43
8.5547
-85.362
1.391
0.00039392
0.035808
0.021674
0.25141
0.1272
0.7479
0.00052872
0.00043296
7.4296e-06
0.10851
0.13573
0.96368
0.010835
0.11718
0.98602
0.99058
0.001455
0.0041095
0.977
0.15669
0.0041224
0.16032
5.1899e-06
6.0378e-06
0.53775
12.422
0.91371
12.429
4.1893
12.422
0.0014088
0.021301
0.0072386
0.035233
0.13807
0.11797
0.00078686
0.72711
0.27289
0.27096
0.11554
0.092397
0.5211
2.0274
0.004233
-0.0018036
0.10452
0.51103
-1.783
-33070
-47.8
0.0743
0.9717
129.43
8.5547
-85.362
1.3913
0.00039441
0.03585
0.021721
0.25159
0.12732
0.74824
0.0005299
0.00043322
7.4296e-06
0.10867
0.13591
0.96368
0.010835
0.11718
0.98602
0.99058
0.001455
0.0041095
0.977
0.15669
0.0041224
0.16032
5.2235e-06
6.0718e-06
0.53755
12.426
0.91384
12.433
4.1899
12.426
0.0014081
0.021323
0.0072383
0.025683
0.13808
0.11795
0.00078646
0.81921
0.18079
0.34626
0.090549
0.084451
0.47874
1.9222
0.0043692
-0.0017095
0.10507
0.51285
-2.0772
-2.2827e+06
-47.8
0.0743
0.9717
129.43
8.5547
-85.362
1.3916
0.00039423
0.035837
0.021754
0.25171
0.12743
0.74854
0.00053072
0.0004294
7.4296e-06
0.10886
0.13614
0.96368
0.010835
0.11718
0.98602
0.99058
0.001455
0.0041095
0.977
0.15669
0.0041225
0.16032
5.2596e-06
6.1079e-06
0.53731
12.431
0.91399
12.437
4.1906
12.431
0.001398
0.02135
0.0072154
0.0061558
0.13808
0.11792
0.00078596
0.91448
0.08552
0.47304
0.056069
0.069714
0.40118
1.7689
0.0045679
-0.0015744
0.10583
0.51539
-3.6041
-4.8536e+11
-47.8
0.0743
0.9717
129.43
8.5547
-85.362
1.3917
0.00039452
0.035863
0.021769
0.25178
0.12746
0.74863
0.0005311
0.00043014
7.4296e-06
0.10889
0.13617
0.96368
0.010835
0.11718
0.98602
0.99058
0.001455
0.0041095
0.977
0.15669
0.0041225
0.16032
5.2672e-06
6.1159e-06
0.53727
12.431
0.914
12.438
4.1906
12.431
0.0014002
0.021355
0.0072219
0.0091865
0.13808
0.11792
0.00078585
0.90674
0.09326
0.45905
0.059436
0.071378
0.41014
1.7845
0.0045453
-0.0015896
0.10578
0.51528
-3.2014
-1.3348e+11
-47.8
0.0743
0.9717
129.43
8.5547
-85.362
1.3915
0.00039486
0.03589
0.021753
0.25174
0.12739
0.74843
0.00053072
0.00043319
7.4296e-06
0.10878
0.13602
0.96368
0.010835
0.11718
0.98602
0.99058
0.001455
0.0041095
0.977
0.15669
0.0041225
0.16032
5.2442e-06
6.0927e-06
0.53742
12.428
0.9139
12.434
4.1901
12.428
0.0014084
0.021342
0.0072415
0.019206
0.13808
0.11793
0.00078601
0.86458
0.13542
0.39753
0.075817
0.078569
0.44809
1.8574
0.0044468
-0.0016564
0.10558
0.51424
-2.2753
-3.6892e+08
-47.8
0.0743
0.9717
129.43
8.5547
-85.362
1.3913
0.00039498
0.035902
0.021729
0.25168
0.12731
0.74818
0.00053012
0.00043468
7.4296e-06
0.10864
0.13585
0.96368
0.010835
0.11718
0.98602
0.99058
0.001455
0.0041095
0.977
0.15669
0.0041225
0.16032
5.2181e-06
6.0667e-06
0.53759
12.424
0.91376
12.43
4.1895
12.424
0.0014146
0.021327
0.0072567
0.029503
0.13808
0.11795
0.00078622
0.77129
0.22871
0.30496
0.1046
0.088641
0.5018
1.9774
0.0042823
-0.0017693
0.10501
0.51235
-1.9504
-54274
-47.8
0.0743
0.9717
129.43
8.5547
-85.362
1.3912
0.00039504
0.035907
0.021722
0.25167
0.12729
0.7481
0.00052994
0.00043499
7.4296e-06
0.1086
0.13579
0.96368
0.010835
0.11717
0.98602
0.99058
0.001455
0.0041095
0.977
0.15669
0.0041225
0.16032
5.2101e-06
6.0588e-06
0.53765
12.422
0.91371
12.429
4.1893
12.422
0.0014161
0.021324
0.0072613
0.031562
0.13808
0.11795
0.00078622
0.74608
0.25392
0.28597
0.11135
0.090541
0.51214
2.0043
0.0042441
-0.0017958
0.10498
0.51207
-1.8839
-34458
-47.8
0.0743
0.9717
129.43
8.5547
-85.362
1.3913
0.00039536
0.035935
0.021747
0.25177
0.12735
0.74826
0.00053057
0.00043519
7.4296e-06
0.10868
0.13587
0.96368
0.010835
0.11717
0.98602
0.99058
0.001455
0.0041095
0.977
0.15669
0.0041225
0.16032
5.2262e-06
6.0753e-06
0.53756
12.424
0.91377
12.431
4.1896
12.424
0.0014168
0.021336
0.0072641
0.030132
0.13808
0.11794
0.00078595
0.75778
0.24222
0.29486
0.10837
0.089579
0.5072
1.9912
0.004258
-0.0017861
0.10504
0.5124
-1.9272
-38543
-47.8
0.0743
0.9717
129.43
8.5547
-85.362
1.3916
0.00039572
0.035967
0.021791
0.25194
0.12746
0.74855
0.00053168
0.00043465
7.4296e-06
0.10885
0.13607
0.96368
0.010835
0.11717
0.98602
0.99058
0.001455
0.0041095
0.977
0.15669
0.0041225
0.16032
5.2604e-06
6.1096e-06
0.53733
12.429
0.91392
12.435
4.1902
12.429
0.0014132
0.021362
0.0072567
0.014804
0.13808
0.11791
0.00078541
0.88322
0.11678
0.42408
0.06915
0.075302
0.43147
1.8247
0.0044755
-0.0016369
0.10603
0.51533
-2.4589
-4.354e+09
-47.8
0.0743
0.9717
129.43
8.5547
-85.362
1.392
0.00039676
0.03606
0.021864
0.25225
0.12762
0.74905
0.00053353
0.00043577
7.4296e-06
0.10902
0.13626
0.96368
0.010835
0.11717
0.98602
0.99058
0.001455
0.0041095
0.977
0.15669
0.0041225
0.16032
5.3047e-06
6.1561e-06
0.53714
12.433
0.91406
12.44
4.1909
12.433
0.0014179
0.021386
0.0072721
0.021688
0.13808
0.11789
0.000785
0.83203
0.16797
0.36072
0.086934
0.082492
0.46985
1.8998
0.0043728
-0.0017069
0.10557
0.51457
-2.1915
-9.5189e+06
-47.8
0.0743
0.9717
129.43
8.5547
-85.362
1.3923
0.00039679
0.036065
0.02191
0.25243
0.12776
0.7494
0.00053466
0.00043223
7.4296e-06
0.10922
0.13651
0.96368
0.010835
0.11717
0.98602
0.99058
0.001455
0.0041095
0.977
0.15669
0.0041225
0.16032
5.3479e-06
6.1997e-06
0.53688
12.438
0.91422
12.445
4.1916
12.438
0.0014081
0.021417
0.0072507
-0.0029665
0.13808
0.11786
0.0007844
0.92378
0.07622
0.49211
0.052007
0.067082
0.3888
1.7424
0.0045713
-0.001572
0.10632
0.51725
-4.4203
-2.8398e+12
-47.8
0.0743
0.9717
129.43
8.5547
-85.362
1.3925
0.00039721
0.036103
0.021941
0.25256
0.12783
0.7496
0.00053545
0.00043254
7.4296e-06
0.1093
0.13659
0.96368
0.010835
0.11717
0.98602
0.99058
0.001455
0.0041095
0.977
0.15669
0.0041225
0.16032
5.3675e-06
6.2202e-06
0.53678
12.44
0.91428
12.447
4.1919
12.44
0.0014093
0.021429
0.0072558
-0.0004544
0.13808
0.11784
0.00078414
0.92034
0.079657
0.4848
0.053595
0.067958
0.39365
1.7497
0.0045602
-0.0015795
0.10628
0.51735
-4.1657
-1.5186e+12
-47.8
0.0743
0.9717
129.43
8.5547
-85.362
1.3924
0.00039748
0.036126
0.021935
0.25256
0.1278
0.74947
0.00053533
0.00043407
7.4297e-06
0.10925
0.13652
0.96368
0.010835
0.11717
0.98602
0.99058
0.001455
0.0041095
0.977
0.15669
0.0041225
0.16032
5.3562e-06
6.2086e-06
0.53685
12.438
0.91424
12.445
4.1917
12.438
0.0014137
0.021425
0.0072665
0.0018131
0.13808
0.11785
0.00078414
0.91597
0.084033
0.47737
0.055636
0.068823
0.39817
1.7582
0.0045466
-0.0015887
0.10646
0.51744
-3.8939
-7.4954e+11
-47.8
0.0743
0.9717
129.43
8.5547
-85.362
1.3923
0.00039814
0.036183
0.02193
0.25258
0.12775
0.74932
0.0005352
0.00043783
7.4297e-06
0.10913
0.13635
0.96368
0.010835
0.11717
0.98602
0.99058
0.001455
0.0041095
0.977
0.15669
0.0041225
0.16032
5.3343e-06
6.1874e-06
0.53701
12.435
0.91413
12.442
4.1912
12.435
0.0014263
0.021411
0.0072983
0.025045
0.13808
0.11786
0.00078436
0.78909
0.21091
0.32108
0.10011
0.086614
0.4922
1.949
0.0042956
-0.00176
0.10572
0.51471
-2.0779
-1.8536e+05
-47.8
0.0743
0.9717
129.43
8.5547
-85.362
1.3922
0.00039811
0.036179
0.021923
0.25255
0.12773
0.74922
0.00053504
0.00043825
7.4297e-06
0.10913
0.13635
0.96368
0.010835
0.11717
0.98602
0.99058
0.001455
0.0041095
0.977
0.15669
0.0041225
0.16032
5.3294e-06
6.1815e-06
0.537
12.435
0.91413
12.442
4.1912
12.435
0.0014263
0.021413
0.0072971
0.019222
0.13808
0.11786
0.00078423
0.84062
0.15938
0.3714
0.084417
0.081118
0.46307
1.8843
0.0043798
-0.0017021
0.10608
0.51566
-2.2564
-2.7577e+07
-47.8
0.0743
0.9717
129.43
8.5547
-85.362
1.3923
0.00039797
0.036166
0.021935
0.25259
0.12778
0.74932
0.00053534
0.00043649
7.4297e-06
0.10922
0.13646
0.96368
0.010835
0.11717
0.98602
0.99058
0.001455
0.0041095
0.977
0.15669
0.0041225
0.16032
5.3455e-06
6.1971e-06
0.53688
12.438
0.91421
12.444
4.1916
12.437
0.0014201
0.021427
0.0072826
0.005433
0.13808
0.11785
0.00078391
0.90657
0.093429
0.46171
0.059848
0.07063
0.40781
1.7765
0.0045176
-0.0016083
0.10663
0.5174
-3.3888
-1.6149e+11
-47.8
0.0743
0.9717
129.43
8.5547
-85.362
1.3925
0.00039884
0.036245
0.021984
0.25281
0.12787
0.74964
0.0005366
0.00043827
7.4297e-06
0.1093
0.13654
0.96368
0.010835
0.11717
0.98602
0.99058
0.001455
0.0041095
0.977
0.15669
0.0041225
0.16032
5.3707e-06
6.2243e-06
0.5368
12.439
0.91427
12.446
4.1919
12.439
0.001427
0.021438
0.0073024
0.018964
0.13808
0.11784
0.00078375
0.84008
0.15992
0.37041
0.084566
0.081213
0.46381
1.8836
0.0043781
-0.0017032
0.10609
0.51608
-2.2657
-2.751e+07
-47.8
0.0743
0.9717
129.43
8.5547
-85.362
1.3928
0.00039885
0.036247
0.022019
0.25294
0.12798
0.74992
0.00053746
0.00043585
7.4297e-06
0.10945
0.13672
0.96368
0.010835
0.11717
0.98602
0.99058
0.001455
0.0041095
0.977
0.15669
0.0041225
0.16032
5.4042e-06
6.2584e-06
0.53661
12.443
0.9144
12.45
4.1924
12.443
0.0014194
0.02146
0.0072855
0.0021144
0.13808
0.11781
0.00078334
0.91336
0.086643
0.47258
0.056839
0.069328
0.40126
1.7609
0.0045351
-0.0015964
0.10666
0.51816
-3.8014
-5.3275e+11
-47.8
0.0743
0.9717
129.43
8.5547
-85.362
1.393
0.00039887
0.03625
0.022047
0.25304
0.12806
0.75015
0.00053814
0.00043404
7.4297e-06
0.10956
0.13686
0.96368
0.010835
0.11717
0.98602
0.99058
0.001455
0.0041095
0.977
0.15669
0.0041225
0.16032
5.4297e-06
6.2844e-06
0.53648
12.446
0.91448
12.453
4.1928
12.446
0.0014148
0.021475
0.0072757
-0.010576
0.13809
0.1178
0.00078305
0.92817
0.071827
0.50112
0.049979
0.065838
0.38307
1.7277
0.004574
-0.0015701
0.10663
0.51863
-4.955
-7.4406e+12
