-85.788
1.3911
0.00035502
0.032421
0.021651
0.24416
0.12791
0.74795
0.00052736
0.00028469
6.9217e-06
0.097201
0.11952
0.9827
0.0089865
0.079567
0.98727
0.99166
0.0013551
0.003996
0.98737
0.18412
0.0040145
0.16587
5.0419e-06
6.7026e-06
0.5707
13.059
0.93423
13.063
4.2828
13.06
0.00096417
0.018539
0.0058353
-0.020505
0.13775
0.12075
0.00094825
0.98176
0.01824
0.78711
0.016241
0.034422
0.16223
1.8658
0.0071005
5.7674e-05
0.072826
0.43034
-19.338
-29439
-47.8
0.0743
0.9717
129.43
8.5547
-85.788
1.3896
0.00035334
0.032269
0.021472
0.24347
0.1275
0.74627
0.00052284
0.00028253
6.9217e-06
0.096912
0.11913
0.9827
0.0089865
0.079566
0.98727
0.99166
0.0013551
0.003996
0.98737
0.18412
0.0040145
0.16587
4.9328e-06
6.5665e-06
0.57103
13.052
0.93401
13.055
4.2818
13.052
0.00095605
0.018496
0.0057844
0.089261
0.13774
0.12079
0.00094895
0.99201
0.0079907
0.87364
0.0078722
0.02014
0.098352
1.7385
0.0069036
-6.8103e-05
0.073545
0.42953
-17.66
-13544
-47.8
0.0743
0.9717
129.43
8.5547
-85.788
1.3915
0.00035816
0.032696
0.021714
0.24467
0.12791
0.74846
0.00052905
0.00029653
6.9217e-06
0.096999
0.11912
0.9827
0.0089865
0.079565
0.98727
0.99166
0.0013551
0.003996
0.98737
0.18412
0.0040145
0.16587
5.0225e-06
6.689e-06
0.57114
13.048
0.93388
13.052
4.2812
13.048
0.0010021
0.018534
0.005974
0.019042
0.13775
0.12076
0.00094864
0.94963
0.050374
0.62578
0.035939
0.062436
0.27584
2.0172
0.0073432
0.00021178
0.074971
0.43488
-13.887
-43819
-47.8
0.0743
0.9717
129.43
8.5547
-85.788
1.392
0.00035986
0.032846
0.021791
0.24509
0.12804
0.74901
0.00053104
0.00030027
6.9217e-06
0.097015
0.11907
0.9827
0.0089865
0.079564
0.98727
0.99166
0.0013551
0.003996
0.98737
0.18412
0.0040145
0.16587
5.0489e-06
6.7259e-06
0.5712
13.045
0.93379
13.049
4.2808
13.046
0.0010136
0.018545
0.0060171
0.021792
0.13775
0.12075
0.00094845
0.94357
0.056431
0.60037
0.038844
0.066502
0.29428
2.0279
0.0073525
0.00021827
0.075793
0.43706
-13.679
-44854
-47.8
0.0743
0.9717
129.43
8.5547
-85.788
1.3917
0.00035881
0.032755
0.021772
0.24496
0.12806
0.74872
0.00053052
0.00029471
6.9217e-06
0.097082
0.11918
0.9827
0.0089865
0.079563
0.98727
0.99166
0.0013551
0.003996
0.98737
0.18412
0.0040145
0.16587
5.0588e-06
6.7361e-06
0.57109
13.046
0.93383
13.05
4.2809
13.047
0.00099607
0.018552
0.0059536
-0.021736
0.13775
0.12074
0.00094811
0.97606
0.023941
0.75742
0.020415
0.039337
0.18283
1.889
0.0071209
7.0884e-05
0.074688
0.435
-18.662
-31993
-47.8
0.0743
0.9717
129.43
8.5547
-85.788
1.3917
0.00035823
0.032705
0.021762
0.24488
0.12806
0.74869
0.00053024
0.00029259
6.9217e-06
0.097114
0.11925
0.9827
0.0089865
0.079563
0.98727
0.99166
0.0013551
0.003996
0.98737
0.18412
0.0040145
0.16587
5.0639e-06
6.7412e-06
0.57103
13.046
0.93383
13.05
4.281
13.047
0.00098954
0.018553
0.0059318
-0.021537
0.13775
0.12074
0.00094822
0.97666
0.023342
0.75864
0.019976
0.03914
0.18225
1.8886
0.0071254
7.3792e-05
0.074241
0.43427
-18.673
-31964
-47.8
0.0743
0.9717
129.43
8.5547
-85.788
1.3914
0.00035748
0.032637
0.02171
0.24465
0.12796
0.74829
0.00052892
0.00029089
6.9217e-06
0.097058
0.11919
0.9827
0.0089865
0.079562
0.98727
0.99166
0.0013551
0.003996
0.98737
0.18412
0.0040145
0.16587
5.0385e-06
6.7087e-06
0.57108
13.045
0.93377
13.048
4.2807
13.045
0.00098365
0.018539
0.0059045
-0.010721
0.13774
0.12075
0.00094879
0.9829
0.017102
0.80038
0.015418
0.032173
0.15203
1.8384
0.007057
2.9988e-05
0.074521
0.43397
-19.631
-26485
-47.8
0.0743
0.9717
129.43
8.5547
-85.788
1.3921
0.00035879
0.032754
0.021771
0.24495
0.12805
0.74908
0.0005305
0.00029645
6.9217e-06
0.097059
0.11917
0.9827
0.0089865
0.079561
0.98727
0.99166
0.0013551
0.003996
0.98737
0.18412
0.0040145
0.16587
5.0576e-06
6.7355e-06
0.57113
13.042
0.93371
13.046
4.2804
13.043
0.0010025
0.018538
0.0059817
0.019787
0.13774
0.12075
0.00094959
0.94891
0.05109
0.6215
0.03627
0.063165
0.27907
2.0159
0.0073416
0.00021096
0.075014
0.43587
-13.886
-43823
-47.8
0.0743
0.9717
129.43
8.5547
-85.788
1.391
0.00035589
0.032497
0.021634
0.24427
0.12783
0.74791
0.00052698
0.00028788
6.9217e-06
0.097001
0.11918
0.9827
0.0089865
0.07956
0.98727
0.99166
0.0013551
0.003996
0.98737
0.18412
0.0040145
0.16587
5.0115e-06
6.6737e-06
0.57111
13.042
0.93369
13.045
4.2803
13.042
0.00097405
0.018518
0.0058687
-0.01443
0.13774
0.12077
0.0009503
0.98249
0.017511
0.79817
0.015721
0.03257
0.15354
1.8501
0.0070609
3.2608e-05
0.073803
0.43219
-19.549
-27656
-47.8
0.0743
0.9717
129.43
8.5547
-85.788
1.3901
0.00035408
0.032336
0.021511
0.24372
0.12758
0.74687
0.00052385
0.00028392
6.9217e-06
0.096878
0.11905
0.9827
0.0089865
0.079559
0.98727
0.99166
0.0013551
0.003996
0.98737
0.18411
0.0040145
0.16587
4.9517e-06
6.5963e-06
0.5712
13.039
0.9336
13.042
4.2799
13.039
0.00096102
0.018486
0.0058083
0.058913
0.13774
0.1208
0.00095147
0.99043
0.0095719
0.85858
0.0092697
0.022596
0.10956
1.7608
0.0069467
-4.0461e-05
0.073784
0.43082
-18.523
-16700
-47.8
0.0743
0.9717
129.43
8.5547
-85.788
1.392
0.00035758
0.032649
0.021732
0.24473
0.128
0.74898
0.00052946
0.00029279
6.9217e-06
0.097065
0.11923
0.9827
0.0089865
0.079558
0.98727
0.99166
0.0013551
0.003996
0.98737
0.18411
0.0040145
0.16587
5.053e-06
6.7281e-06
0.57109
13.039
0.9336
13.043
4.2799
13.039
0.00099197
0.018518
0.0059464
0.0083422
0.13774
0.12077
0.00095191
0.95932
0.040682
0.6725
0.030901
0.054513
0.24209
1.9821
0.0072676
0.00016354
0.074277
0.43442
-14.991
-40730
-47.8
0.0743
0.9717
129.43
8.5547
-85.788
1.3917
0.00035644
0.032547
0.021692
0.24451
0.12796
0.74861
0.00052841
0.00028796
6.9217e-06
0.097076
0.11927
0.9827
0.0089865
0.079558
0.98727
0.99166
0.0013551
0.003996
0.98737
0.18411
0.0040145
0.16587
5.0476e-06
6.7197e-06
0.57104
13.038
0.93358
13.042
4.2798
13.039
0.00097527
0.018509
0.0058804
-0.015253
0.13774
0.12078
0.00095256
0.98134
0.018665
0.79126
0.016598
0.033718
0.15842
1.8573
0.0070664
3.6366e-05
0.07385
0.43309
-19.449
-28450
-47.8
0.0743
0.9717
129.43
8.5547
-85.788
1.3911
0.00035456
0.032381
0.021595
0.24404
0.12779
0.74793
0.00052594
0.00028347
6.9217e-06
0.096992
0.11922
0.9827
0.0089865
0.079557
0.98727
0.99166
0.0013551
0.003996
0.98737
0.18411
0.0040145
0.16587
5.0097e-06
6.671e-06
0.57111
13.036
0.93351
13.04
4.2795
13.036
0.0009605
0.018484
0.0058194
0.011542
0.13774
0.12081
0.0009536
0.98703
0.012974
0.8287
0.012136
0.02751
0.13166
1.8068
0.0070161
4.0592e-06
0.073366
0.43143
-19.544
-22651
-47.8
0.0743
0.9717
129.43
8.5547
-85.788
1.3911
0.00035361
0.032298
0.021559
0.24384
0.12773
0.74793
0.00052501
0.00028222
6.9217e-06
0.09693
0.11919
0.9827
0.0089865
0.079556
0.98727
0.99166
0.0013551
0.003996
0.98737
0.18411
0.0040145
0.16587
4.999e-06
6.6596e-06
0.57121
13.033
0.93343
13.037
4.2791
13.034
0.00095684
0.01847
0.005812
-0.015867
0.13773
0.12082
0.00095461
0.98224
0.017756
0.79561
0.015889
0.033038
0.15546
1.8633
0.0070676
3.7194e-05
0.072577
0.43001
-19.369
-28935
-47.8
0.0743
0.9717
129.43
8.5547
-85.788
1.3894
0.00035041
0.032012
0.021327
0.24282
0.12724
0.746
0.00051912
0.00027684
6.9217e-06
0.096603
0.11882
0.9827
0.0089865
0.079555
0.98727
0.99166
0.0013551
0.003996
0.98737
0.18411
0.0040145
0.16587
4.8787e-06
6.5091e-06
0.57158
13.026
0.93319
13.029
4.278
13.026
0.00093823
0.018411
0.0057208
0.067868
0.13773
0.12088
0.00095621
0.99167
0.0083347
0.86761
0.0081779
0.021139
0.10307
1.7566
0.0069466
-4.0522e-05
0.072259
0.42706
-18.331
-15948
-47.8
0.0743
0.9717
129.43
8.5547
-85.788
1.3894
0.0003511
0.032071
0.021319
0.24287
0.12718
0.74598
0.00051896
0.00028014
6.9217e-06
0.096449
0.11858
0.9827
0.0089865
0.079555
0.98727
0.99166
0.0013551
0.003996
0.98737
0.18411
0.0040145
0.16587
4.8565e-06
6.4873e-06
0.57187
13.018
0.93296
13.021
4.277
13.019
0.00094856
0.018396
0.0057566
0.052052
0.13773
0.12089
0.00095716
0.99057
0.0094298
0.86117
0.0091364
0.022202
0.1075
1.7694
0.0069598
-3.2245e-05
0.072926
0.42817
-18.717
-17624
-47.8
0.0743
0.9717
129.43
8.5547
-85.788
1.3914
0.00035654
0.032553
0.021576
0.24419
0.12761
0.74837
0.00052556
0.00029562
6.9217e-06
0.096495
0.11849
0.9827
0.0089865
0.079554
0.98727
0.99166
0.0013551
0.0039961
0.98737
0.18411
0.0040145
0.16587
4.9432e-06
6.6083e-06
0.57206
13.012
0.93276
13.016
4.2761
13.012
0.0010011
0.018423
0.0059708
0.02554
0.13773
0.12087
0.00095769
0.94597
0.054029
0.61833
0.037983
0.065431
0.27826
2.0316
0.0073769
0.00023102
0.074915
0.43442
-13.64
-44679
-47.8
0.0743
0.9717
129.43
8.5547
-85.788
1.3918
0.00035776
0.032661
0.021629
0.24449
0.1277
0.74881
0.00052691
0.00029838
6.9217e-06
0.096485
0.11843
0.9827
0.0089865
0.079553
0.98727
0.99166
0.0013552
0.0039961
0.98737
0.18411
0.0040145
0.16587
4.9598e-06
6.6328e-06
0.57215
13.008
0.93266
13.012
4.2756
13.009
0.0010097
0.018423
0.0060044
0.026235
0.13773
0.12087
0.00095821
0.9427
0.057302
0.60626
0.039565
0.066915
0.28726
2.0347
0.0073643
0.00022395
0.075541
0.43609
-13.609
-45023
-47.8
0.0743
0.9717
129.43
8.5547
-85.788
1.3911
0.00035502
0.03242
0.021529
0.24394
0.12757
0.74802
0.00052433
0.00028976
6.9217e-06
0.0965
0.11854
0.9827
0.0089865
0.079553
0.98727
0.99166
0.0013552
0.0039961
0.98737
0.18411
0.0040145
0.16587
4.9401e-06
6.6036e-06
0.57205
13.01
0.9327
13.014
4.2758
13.01
0.00098163
0.018413
0.0059025
-0.013152
0.13773
0.12088
0.00095858
0.9733
0.026698
0.74857
0.022328
0.041036
0.18807
1.9201
0.0071296
7.6616e-05
0.073611
0.43203
-17.574
-34640
-47.8
0.0743
0.9717
129.43
8.5547
-85.788
1.3892
0.00035035
0.032005
0.021272
0.24269
0.12709
0.74578
0.00051775
0.00027829
6.9217e-06
0.096331
0.11844
0.9827
0.0089865
0.079552
0.98727
0.99166
0.0013552
0.0039961
0.98737
0.18411
0.0040145
0.16587
4.8342e-06
6.4629e-06
0.57208
13.009
0.93269
13.013
4.2757
13.01
0.00094287
0.018363
0.0057357
0.090511
0.13772
0.12093
0.00095957
0.99218
0.0078185
0.87532
0.0077128
0.019884
0.097088
1.7436
0.0069313
-5.0399e-05
0.072708
0.4277
-17.709
-14038
-47.8
0.0743
0.9717
129.43
8.5547
-85.788
1.39
0.00035116
0.032079
0.021365
0.24306
0.12732
0.74671
0.0005201
0.000279
6.9217e-06
0.0965
0.11866
0.9827
0.0089865
0.079552
0.98727
0.99166
0.0013552
0.0039961
0.98737
0.18411
0.0040145
0.16587
4.8931e-06
6.5362e-06
0.57187
13.012
0.93277
13.016
4.2761
13.013
0.00094563
0.018386
0.0057571
0.016184
0.13772
0.1209
0.00095952
0.98814
0.011863
0.8389
0.011208
0.025867
0.12403
1.8057
0.0070118
1.0966e-06
0.072421
0.42833
-19.462
-22267
-47.8
0.0743
0.9717
129.43
8.5547
-85.788
1.3911
0.00035337
0.032275
0.021499
0.24367
0.12757
0.74795
0.00052352
0.0002836
6.9217e-06
0.096639
0.11879
0.9827
0.0089865
0.079551
0.98727
0.99166
0.0013552
0.0039961
0.98737
0.18411
0.0040145
0.16587
4.9544e-06
6.6148e-06
0.57175
13.013
0.93279
13.016
4.2762
13.013
0.00096136
0.018408
0.0058255
-0.0083093
0.13772
0.12088
0.00095956
0.9836
0.016399
0.80789
0.014861
0.030993
0.14626
1.8462
0.0070528
2.7611e-05
0.073124
0.43081
-19.547
-27014
-47.8
0.0743
0.9717
129.43
8.5547
-85.788
1.3915
0.0003542
0.03235
0.021529
0.24382
0.1276
0.74847
0.00052429
0.00028823
6.9217e-06
0.096622
0.11877
0.9827
0.0089865
0.07955
0.98727
0.99166
0.0013552
0.0039961
0.98737
0.18411
0.0040145
0.16587
4.958e-06
6.6208e-06
0.5718
13.012
0.93275
13.015
4.276
13.012
0.0009785
0.018405
0.0058948
0.015964
0.13772
0.12089
0.00096002
0.95886
0.041144
0.67054
0.031161
0.056016
0.24228
1.997
0.0073165
0.00019292
0.073319
0.43153
-14.519
-41723
-47.8
0.0743
0.9717
129.43
8.5547
-85.788
1.3886
0.00034791
0.031789
0.021152
0.24204
0.12687
0.74507
0.0005147
0.00027373
6.9217e-06
0.096294
0.11848
0.9827
0.0089865
0.07955
0.98727
0.99166
0.0013552
0.0039961
0.98737
0.18411
0.0040145
0.16587
4.7912e-06
6.4036e-06
0.57201
13.008
0.93265
13.012
4.2756
13.009
0.0009281
0.018337
0.0056736
0.11597
0.13772
0.12095
0.00096078
0.99353
0.0064726
0.88818
0.0064851
0.017799
0.087539
1.7279
0.0069005
-6.9909e-05
0.071758
0.4247
-17.008
-11644
-47.8
0.0743
0.9717
129.43
8.5547
-85.788
1.3882
0.00034672
0.031683
0.021101
0.24177
0.12679
0.74466
0.00051339
0.00027098
6.9217e-06
0.09627
0.11849
0.9827
0.0089865
0.079549
0.98727
0.99166
0.0013552
0.0039961
0.98737
0.1841
0.0040145
0.16587
4.7759e-06
6.3834e-06
0.57202
13.008
0.93266
13.012
4.2756
13.009
0.0009188
0.018336
0.005638
0.098547
0.13772
0.12095
0.00096032
0.99342
0.0065785
0.88441
0.0065868
0.018415
0.090588
1.738
0.0069126
-6.2198e-05
0.071008
0.42301
-17.509
-13148
-47.8
0.0743
0.9717
129.43
8.5547
-85.788
1.3896
0.00035009
0.031982
0.02129
0.24271
0.12716
0.7462
0.0005182
0.00027765
6.9218e-06
0.096426
0.11858
0.9827
0.0089865
0.079549
0.98727
0.99166
0.0013552
0.0039961
0.98737
0.1841
0.0040145
0.16587
4.8563e-06
6.489e-06
0.57195
13.009
0.93266
13.012
4.2756
13.009
0.00094091
0.018378
0.005733
0.03772
0.13772
0.12091
0.00095899
0.99009
0.0099086
0.85411
0.0095516
0.023361
0.11297
1.7824
0.0069771
-2.1145e-05
0.072251
0.42714
-19.054
-19362
-47.8
0.0743
0.9717
129.43
8.5547
-85.788
1.3917
0.00035591
0.032499
0.021591
0.24423
0.1277
0.74862
0.0005259
0.00029123
6.9218e-06
0.096625
0.11866
0.9827
0.0089865
0.079548
0.98727
0.99166
0.0013552
0.0039961
0.98737
0.1841
0.0040145
0.16587
4.9739e-06
6.6452e-06
0.57191
13.008
0.93262
13.011
4.2754
13.008
0.00098634
0.018437
0.0059236
-0.0064138
0.13773
0.12086
0.00095744
0.96869
0.031309
0.71944
0.025304
0.045988
0.20927
1.942
0.0071825
0.0001102
0.073861
0.43326
-16.599
-36969
-47.8
0.0743
0.9717
129.43
8.5547
-85.788
1.3921
0.00035831
0.03271
0.021684
0.24477
0.12784
0.74912
0.00052829
0.00029697
6.9218e-06
0.096643
0.11858
0.9827
0.0089865
0.079548
0.98727
0.99166
0.0013552
0.0039961
0.98737
0.1841
0.0040145
0.16587
4.9983e-06
6.6795e-06
0.57198
13.005
0.93255
13.009
4.2751
13.006
0.0010044
0.018458
0.0059905
0.0031046
0.13773
0.12084
0.00095629
0.96091
0.039092
0.68213
0.030049
0.052306
0.23552
1.9659
0.0072285
0.00013944
0.075159
0.43635
-15.546
-39373
-47.8
0.0743
0.9717
129.43
8.5547
-85.788
1.3919
0.00035831
0.032711
0.021682
0.24478
0.12784
0.74896
0.00052825
0.00029642
6.9218e-06
0.096657
0.11858
0.9827
0.0089866
0.079548
0.98727
0.99166
0.0013552
0.0039961
0.98737
0.1841
0.0040145
0.16587
4.998e-06
6.6787e-06
0.57196
13.006
0.93256
13.009
4.2752
13.006
0.0010022
0.018469
0.0059811
-0.0075586
0.13773
0.12082
0.00095521
0.96673
0.03327
0.70958
0.02656
0.047483
0.21638
1.9396
0.0071851
0.00011199
0.074989
0.43606
-16.622
-36967
-47.8
0.0743
0.9717
129.43
8.5547
-85.788
1.3916
0.00035723
0.032615
0.02164
0.24455
0.12778
0.74855
0.00052715
0.00029279
6.9218e-06
0.096681
0.11864
0.9827
0.0089866
0.079547
0.98727
0.99166
0.0013552
0.0039961
0.98737
0.1841
0.0040145
0.16587
4.9883e-06
6.6635e-06
0.57188
13.008
0.93263
13.011
4.2754
13.008
0.00099018
0.018474
0.0059337
-0.01817
0.13773
0.12082
0.00095432
0.97816
0.021836
0.77006
0.018927
0.037228
0.17378
1.8762
0.0071038
6.0071e-05
0.074487
0.43448
-18.994
-30600
-47.8
0.0743
0.9717
129.43
8.5547
-85.788
1.3916
0.00035692
0.032588
0.021638
0.2445
0.12779
0.7486
0.0005271
0.00029229
6.9218e-06
0.096732
0.11873
0.9827
0.0089866
0.079547
0.98727
0.99166
0.0013552
0.0039961
0.98737
0.1841
0.0040145
0.16587
4.9937e-06
6.6681e-06
0.57178
13.01
0.9327
13.014
4.2758
13.01
0.0009887
0.018482
0.0059297
-0.017348
0.13774
0.12081
0.00095368
0.97412
0.025882
0.74407
0.021717
0.041615
0.1926
1.9076
0.0071451
8.651e-05
0.074006
0.43387
-17.957
-33851
-47.8
0.0743
0.9717
129.43
8.5547
-85.788
1.391
0.00035554
0.032465
0.021559
0.24412
0.12764
0.7479
0.00052508
0.00028869
6.9218e-06
0.096703
0.11871
0.9827
0.0089866
0.079546
0.98727
0.99166
0.0013552
0.0039961
0.98737
0.1841
0.0040145
0.16587
4.9604e-06
6.6226e-06
0.57175
13.011
0.93272
13.014
4.2759
13.011
0.00097659
0.018473
0.0058764
-0.0010972
0.13774
0.12082
0.00095338
0.98483
0.015166
0.81262
0.013904
0.030151
0.14333
1.8242
0.0070375
1.7444e-05
0.074165
0.43282
-19.601
-24836
-47.8
0.0743
0.9717
129.43
8.5547
-85.788
1.3916
0.00035657
0.032557
0.021622
0.24439
0.12776
0.7486
0.00052668
0.00029267
6.9218e-06
0.096776
0.1188
0.9827
0.0089866
0.079546
0.98727
0.99166
0.0013552
0.0039961
0.98737
0.1841
0.0040146
0.16587
4.988e-06
6.6572e-06
0.57166
13.012
0.93277
13.016
4.2761
13.013
0.00099025
0.018487
0.0059363
0.0028582
0.13774
0.1208
0.00095306
0.96265
0.037349
0.68304
0.028887
0.052189
0.23589
1.9697
0.0072489
0.00015229
0.074131
0.43386
-15.421
-39742
-47.8
0.0743
0.9717
129.43
8.5547
-85.788
1.3905
0.00035427
0.032352
0.021488
0.24375
0.12751
0.74733
0.00052326
0.00028609
6.9218e-06
0.096706
0.11875
0.9827
0.0089866
0.079546
0.98727
0.99166
0.0013552
0.0039961
0.98737
0.1841
0.0040146
0.16587
4.9313e-06
6.581e-06
0.57165
13.013
0.93278
13.016
4.2762
13.013
0.00096804
0.018468
0.0058383
0.027657
0.13774
0.12082
0.00095292
0.98843
0.011572
0.83982
0.01098
0.025665
0.12353
1.7871
0.0069785
-2.0308e-05
0.073935
0.43149
-19.215
-20307
-47.8
0.0743
0.9717
129.43
8.5547
-85.788
1.3915
0.00035579
0.032489
0.0216
0.24423
0.12774
0.74845
0.00052612
0.00029041
6.9218e-06
0.096846
0.11892
0.9827
0.0089866
0.079545
0.98727
0.99166
0.0013552
0.0039961
0.98737
0.1841
0.0040146
0.16587
4.9888e-06
6.6541e-06
0.57151
13.015
0.93286
13.019
4.2765
13.016
0.00098296
0.018495
0.0059088
-0.0051069
0.13774
0.1208
0.00095236
0.96738
0.032619
0.70503
0.02602
0.048358
0.22059
1.9519
0.0072134
0.00012978
0.073604
0.43267
-16.163
-38114
-47.8
0.0743
0.9717
129.43
8.5547
-85.788
1.3905
0.00035376
0.032308
0.021478
0.24367
0.12751
0.74724
0.00052299
0.00028437
6.9218e-06
0.096766
0.11884
0.9827
0.0089866
0.079545
0.98727
0.99166
0.0013552
0.0039961
0.98737
0.1841
0.0040146
0.16587
4.9352e-06
6.5831e-06
0.57153
13.015
0.93285
13.018
4.2765
13.015
0.00096249
0.018477
0.0058181
0.028717
0.13774
0.12081
0.00095214
0.98888
0.011117
0.84108
0.010596
0.025455
0.12287
1.7849
0.0069734
-2.356e-05
0.073517
0.43066
-19.197
-20085
-47.8
0.0743
0.9717
129.43
8.5547
-85.788
1.3911
0.00035519
0.032435
0.02157
0.24409
0.12769
0.74803
0.00052534
0.00028751
6.9218e-06
0.096858
0.11893
0.9827
0.0089866
0.079545
0.98727
0.99166
0.0013552
0.0039961
0.98737
0.1841
0.0040146
0.16587
4.9793e-06
6.6404e-06
0.57147
13.016
0.93287
13.019
4.2766
13.016
0.00097281
0.018499
0.0058645
-0.015037
0.13774
0.12079
0.0009515
0.98297
0.017029
0.79519
0.015335
0.033039
0.15644
1.848
0.0070632
3.386e-05
0.073526
0.43174
-19.552
-27648
-47.8
0.0743
0.9717
129.43
8.5547
-85.788
1.3919
0.00035717
0.03261
0.021663
0.24456
0.12784
0.74887
0.00052773
0.00029343
6.9218e-06
0.096886
0.11891
0.9827
0.0089866
0.079545
0.98727
0.99166
0.0013552
0.0039961
0.98737
0.1841
0.0040146
0.16587
5.0104e-06
6.6831e-06
0.57152
13.014
0.93282
13.018
4.2764
13.015
0.00099208
0.018513
0.0059414
-0.013517
0.13774
0.12078
0.00095112
0.96984
0.030164
0.71744
0.024497
0.04608
0.21198
1.9312
0.0071746
0.00010524
0.074247
0.43429
-16.982
-36330
-47.8
0.0743
0.9717
129.43
8.5547
-85.788
1.3915
0.00035654
0.032553
0.021599
0.2443
0.12769
0.7484
0.00052612
0.00029396
6.9218e-06
0.096766
0.11876
0.9827
0.0089866
0.079544
0.98727
0.99166
0.0013552
0.0039961
0.98737
0.1841
0.0040146
0.16587
4.9709e-06
6.6346e-06
0.57167
13.012
0.93274
13.015
4.276
13.012
0.00099347
0.018501
0.0059434
0.004907
0.13774
0.12079
0.00095104
0.96047
0.039533
0.66927
0.03008
0.05442
0.24623
1.9792
0.0072592
0.00015889
0.074344
0.43384
-15.052
-40691
-47.8
0.0743
0.9717
129.43
8.5547
-85.788
1.3895
0.00035298
0.032235
0.021355
0.24322
0.1272
0.74612
0.00051993
0.00028556
6.9218e-06
0.096512
0.11848
0.9827
0.0089866
0.079544
0.98727
0.99166
0.0013552
0.0039961
0.98737
0.1841
0.0040146
0.16587
4.8518e-06
6.4812e-06
0.57188
13.008
0.93264
13.012
4.2755
13.009
0.00096502
0.018458
0.005815
0.073699
0.13774
0.12083
0.00095109
0.99125
0.0087457
0.86671
0.008545
0.021262
0.10348
1.7486
0.0068771
-8.4909e-05
0.073999
0.43009
-18.05
-15115
-47.8
0.0743
0.9717
129.43
8.5547
-85.788
1.3913
0.00035699
0.03259
0.021585
0.2443
0.12763
0.74822
0.0005258
0.00029682
6.9219e-06
0.096695
0.11863
0.9827
0.0089866
0.079544
0.98727
0.99166
0.0013552
0.0039961
0.98737
0.1841
0.0040146
0.16587
4.95e-06
6.6098e-06
0.57179
13.01
0.93268
13.013
4.2757
13.01
0.0010017
0.018504
0.0059686
0.019031
0.13774
0.12079
0.00095012
0.9485
0.051497
0.61283
0.036253
0.064168
0.28675
2.0228
0.0073347
0.00020705
0.074917
0.43453
-13.782
-44446
-47.8
0.0743
0.9717
129.43
8.5547
-85.788
1.3919
0.00035836
0.032713
0.021681
0.24473
0.12783
0.74885
0.00052824
0.00029792
6.9219e-06
0.096854
0.1188
0.9827
0.0089866
0.079544
0.98727
0.99166
0.0013552
0.0039961
0.98737
0.1841
0.0040146
0.16587
5.0002e-06
6.6717e-06
0.57159
13.013
0.93278
13.017
4.2762
13.013
0.0010054
0.018532
0.005986
0.0029942
0.13774
0.12076
0.00094901
0.95898
0.041016
0.66213
0.030931
0.055446
0.25149
1.9761
0.0072438
0.00014933
0.075188
0.43593
-15.122
-40604
-47.8
0.0743
0.9717
129.43
8.5547
-85.788
1.3917
0.00035781
0.032665
0.021687
0.24469
0.12789
0.7487
0.00052835
0.00029409
6.9219e-06
0.096988
0.11899
0.9827
0.0089866
0.079544
0.98727
0.99166
0.0013552
0.0039961
0.98737
0.1841
0.0040146
0.16587
5.0198e-06
6.6912e-06
0.57135
13.018
0.93293
13.021
4.2769
13.018
0.00099346
0.018551
0.0059402
-0.024025
0.13775
0.12074
0.00094792
0.9771
0.0229
0.75484
0.019629
0.039715
0.18582
1.8852
0.0071044
6.0369e-05
0.074325
0.43425
-18.753
-31891
-47.8
0.0743
0.9717
129.43
8.5547
-85.788
1.3917
0.00035738
0.032628
0.021689
0.24466
0.12792
0.74867
0.00052839
0.00029188
6.9219e-06
0.097084
0.11913
0.9827
0.0089866
0.079543
0.98727
0.99166
0.0013552
0.0039961
0.98737
0.1841
0.0040146
0.16587
5.0325e-06
6.7032e-06
0.57117
13.022
0.93306
13.025
4.2774
13.022
0.0009866
0.018563
0.0059159
-0.023302
0.13775
0.12073
0.00094709
0.97977
0.020227
0.76868
0.017708
0.037395
0.17622
1.8683
0.0070864
4.8808e-05
0.074013
0.43355
-19.222
-30158
-47.8
0.0743
0.9717
129.43
8.5547
-85.788
1.3917
0.00035704
0.032599
0.021683
0.2446
0.12792
0.74862
0.00052823
0.00029083
6.9219e-06
0.09713
0.1192
0.9827
0.0089866
0.079543
0.98727
0.99166
0.0013552
0.0039961
0.98737
0.1841
0.0040146
0.16587
5.0354e-06
6.7044e-06
0.57107
13.024
0.93313
13.028
4.2778
13.024
0.00098334
0.018569
0.0059042
-0.024158
0.13775
0.12072
0.00094649
0.97966
0.020342
0.76627
0.017779
0.037799
0.17815
1.8719
0.0070915
5.2096e-05
0.07373
0.43301
-19.146
-30555
-47.8
0.0743
0.9717
129.43
8.5547
-85.788
1.3913
0.00035632
0.032535
0.021635
0.24439
0.12782
0.74817
0.000527
0.00028902
6.9219e-06
0.097088
0.11915
0.9827
0.0089866
0.079543
0.98727
0.99166
0.0013552
0.0039961
0.98737
0.1841
0.0040146
0.16587
5.0119e-06
6.6739e-06
0.5711
13.024
0.93313
13.028
4.2777
13.024
0.00097713
0.018564
0.005877
-0.0086621
0.13775
0.12073
0.00094615
0.98494
0.015056
0.80403
0.013805
0.031518
0.15065
1.825
0.0070157
3.5675e-06
0.073891
0.4325
-19.705
-25320
-47.8
0.0743
0.9717
129.43
8.5547
-85.788
1.3917
0.00035749
0.032638
0.02169
0.24466
0.12791
0.74866
0.00052842
0.0002928
6.9219e-06
0.097092
0.11913
0.9827
0.0089866
0.079543
0.98727
0.99166
0.0013552
0.0039961
0.98737
0.1841
0.0040146
0.16587
5.0308e-06
6.7007e-06
0.57117
13.023
0.93308
13.026
4.2775
13.023
0.00098912
0.018574
0.0059242
-0.025018
0.13775
0.12072
0.0009458
0.97661
0.023389
0.74748
0.019936
0.040933
0.19165
1.8916
0.0071165
6.8095e-05
0.074003
0.43367
-18.536
-32659
-47.8
0.0743
0.9717
129.43
8.5547
-85.788
1.3917
0.00035807
0.032687
0.02169
0.24472
0.12788
0.74863
0.00052843
0.0002952
6.9219e-06
0.096998
0.11897
0.9827
0.0089866
0.079543
0.98727
0.99166
0.0013552
0.0039961
0.98737
0.1841
0.0040146
0.16587
5.0166e-06
6.6869e-06
0.57135
13.019
0.93297
13.023
4.277
13.019
0.00099637
0.018569
0.0059486
-0.025153
0.13775
0.12072
0.00094573
0.9759
0.024103
0.74559
0.020452
0.041237
0.19272
1.8921
0.0071099
6.3818e-05
0.074516
0.43454
-18.508
-32704
-47.8
0.0743
0.9717
129.43
8.5547
-85.788
1.3918
0.00035904
0.032772
0.021698
0.24485
0.12785
0.74876
0.00052868
0.00029994
6.9219e-06
0.096874
0.11877
0.9827
0.0089866
0.079543
0.98727
0.99166
0.0013552
0.0039961
0.98737
0.1841
0.0040146
0.16587
5e-06
6.6713e-06
0.57159
13.014
0.93282
13.018
4.2763
13.014
0.0010107
0.018561
0.0060015
0.0059172
0.13775
0.12073
0.00094594
0.95564
0.044359
0.64163
0.032641
0.058825
0.2669
1.9868
0.0072655
0.00016331
0.075549
0.43657
-14.695
-41740
-47.8
0.0743
0.9717
129.43
8.5547
-85.788
1.3916
0.0003591
0.032776
0.02168
0.24481
0.1278
0.7486
0.00052826
0.00030073
6.9219e-06
0.0968
0.11866
0.9827
0.0089866
0.079543
0.98727
0.99166
0.0013552
0.0039961
0.98737
0.1841
0.0040146
0.16587
4.9841e-06
6.6536e-06
0.57172
13.011
0.93274
13.015
4.2759
13.012
0.0010131
0.018555
0.0060086
0.0030668
0.13775
0.12074
0.00094601
0.95702
0.042975
0.65056
0.031965
0.057296
0.26018
1.9802
0.0072454
0.00015044
0.075712
0.43673
-14.939
-41109
