-85.526
1.3968
0.00040814
0.037092
0.023615
0.25579
0.13071
0.75458
0.00057833
0.00041153
7.2297e-06
0.097187
0.11771
0.98211
0.0091803
0.080175
0.98651
0.9913
0.0014157
0.0040655
0.98709
0.1821
0.0040776
0.16483
5.5195e-06
7.3825e-06
0.57219
12.999
0.93236
13.005
4.2741
12.999
0.0013696
0.019064
0.0072795
-0.010331
0.13781
0.12025
0.00091642
0.6712
0.3288
0.23538
0.11466
0.11798
0.53197
2.0323
0.0057092
-0.00081546
0.10149
0.52604
12.493
-2.0056e+06
-47.8
0.0743
0.9717
129.43
8.5547
-85.526
1.3966
0.00040938
0.037202
0.023582
0.2557
0.13054
0.75439
0.00057753
0.00042019
7.2297e-06
0.097063
0.11753
0.98211
0.0091803
0.080174
0.98651
0.9913
0.0014157
0.0040655
0.98709
0.1821
0.0040776
0.16483
5.4625e-06
7.3092e-06
0.57229
12.998
0.93232
13.004
4.274
12.998
0.001402
0.019037
0.0073706
0.022629
0.13781
0.12028
0.00091664
0.92188
0.078124
0.50238
0.048827
0.079121
0.36967
1.7144
0.0069047
-5.168e-05
0.10579
0.53144
0.18775
-6.5106e+12
-47.8
0.0743
0.9717
129.43
8.5547
-85.526
1.3965
0.00040925
0.037186
0.023566
0.25561
0.1305
0.75428
0.00057717
0.00042127
7.2297e-06
0.097037
0.1175
0.98211
0.0091803
0.080173
0.98651
0.9913
0.0014157
0.0040655
0.98709
0.1821
0.0040776
0.16483
5.4556e-06
7.3014e-06
0.57234
12.996
0.93224
13.002
4.2736
12.996
0.0014012
0.019039
0.0073587
0.025309
0.13781
0.12028
0.00091689
0.82302
0.17698
0.35579
0.081047
0.10188
0.46129
1.8741
0.0062763
-0.00045108
0.10392
0.52841
0.24927
-9.9844e+06
-47.8
0.0743
0.9717
129.43
8.5547
-85.526
1.3965
0.00040935
0.037194
0.023567
0.25564
0.13051
0.75428
0.00057718
0.00042172
7.2297e-06
0.097004
0.11745
0.98211
0.0091803
0.080172
0.98651
0.9913
0.0014157
0.0040655
0.98709
0.1821
0.0040776
0.16483
5.4546e-06
7.3024e-06
0.57242
12.993
0.93215
12.998
4.2732
12.993
0.001402
0.019036
0.0073611
0.025097
0.13781
0.12028
0.0009172
0.83319
0.16681
0.36633
0.078225
0.10034
0.45511
1.8609
0.0063267
-0.00041889
0.10405
0.52879
0.24443
-2.9834e+07
-47.8
0.0743
0.9717
129.43
8.5547
-85.526
1.3966
0.00040933
0.037193
0.023577
0.25572
0.13054
0.75436
0.00057742
0.00042057
7.2297e-06
0.096987
0.11742
0.98211
0.0091803
0.080172
0.98651
0.9913
0.0014157
0.0040655
0.98709
0.1821
0.0040776
0.16483
5.463e-06
7.3158e-06
0.57249
12.989
0.93205
12.995
4.2727
12.99
0.0013988
0.019034
0.007355
0.025327
0.13781
0.12028
0.00091751
0.82317
0.17683
0.35443
0.0808
0.10208
0.46269
1.8734
0.0062753
-0.00045173
0.10374
0.52871
0.24901
-1.0425e+07
-47.8
0.0743
0.9717
129.43
8.5547
-85.526
1.3966
0.00040874
0.037142
0.023577
0.25574
0.13059
0.75438
0.00057741
0.00041654
7.2297e-06
0.096998
0.11744
0.98211
0.0091803
0.080171
0.98651
0.9913
0.0014157
0.0040655
0.98709
0.1821
0.0040776
0.16483
5.4773e-06
7.3359e-06
0.57252
12.987
0.93197
12.993
4.2724
12.987
0.0013851
0.019038
0.0073196
0.02716
0.13781
0.12028
0.00091779
0.72332
0.27668
0.26956
0.10434
0.11373
0.51238
1.9807
0.0058784
-0.00070624
0.10258
0.52723
0.28219
-1.1351e+05
-47.8
0.0743
0.9717
129.43
8.5547
-85.526
1.3967
0.0004095
0.03721
0.023583
0.2558
0.13055
0.75445
0.00057757
0.00042074
7.2297e-06
0.096959
0.11738
0.98211
0.0091803
0.08017
0.98651
0.9913
0.0014157
0.0040655
0.98709
0.18209
0.0040776
0.16483
5.4644e-06
7.32e-06
0.57257
12.985
0.93192
12.991
4.2721
12.985
0.0014003
0.019027
0.0073637
0.024528
0.13781
0.12029
0.00091808
0.85865
0.14135
0.39506
0.070699
0.096055
0.43818
1.8254
0.0064639
-0.0003314
0.1043
0.52983
0.23173
-5.6852e+08
-47.8
0.0743
0.9717
129.43
8.5547
-85.526
1.3966
0.00040855
0.037126
0.023571
0.2557
0.13058
0.75442
0.00057723
0.00041609
7.2297e-06
0.097006
0.11745
0.98211
0.0091803
0.080169
0.98651
0.9913
0.0014157
0.0040655
0.98709
0.18209
0.0040776
0.16483
5.4767e-06
7.3348e-06
0.57251
12.985
0.93191
12.991
4.2721
12.985
0.0013837
0.019035
0.0073156
0.02723
0.13781
0.12028
0.00091826
0.71895
0.28105
0.2666
0.10526
0.11413
0.51401
1.9855
0.0058653
-0.00071468
0.10247
0.52702
0.28306
-1.2651e+05
-47.8
0.0743
0.9717
129.43
8.5547
-85.526
1.3966
0.00040891
0.037157
0.023548
0.25559
0.13048
0.75435
0.00057668
0.00042021
7.2297e-06
0.096978
0.11741
0.98211
0.0091803
0.080168
0.98651
0.9913
0.0014157
0.0040655
0.98709
0.18209
0.0040776
0.16483
5.45e-06
7.2983e-06
0.57249
12.985
0.93192
12.991
4.2721
12.985
0.0013983
0.019024
0.0073528
0.025344
0.13781
0.12029
0.00091844
0.82171
0.17829
0.35366
0.081274
0.10221
0.46285
1.8766
0.0062721
-0.00045371
0.10366
0.52827
0.24927
-7.7966e+06
-47.8
0.0743
0.9717
129.43
8.5547
-85.526
1.3964
0.00040889
0.037155
0.023506
0.25542
0.13036
0.75414
0.00057562
0.00042209
7.2297e-06
0.096934
0.11735
0.98211
0.0091803
0.080167
0.98651
0.9913
0.0014157
0.0040655
0.98709
0.18209
0.0040776
0.16483
5.4154e-06
7.2516e-06
0.57247
12.985
0.93192
12.991
4.2722
12.986
0.0014072
0.019009
0.0073793
0.022776
0.13781
0.12031
0.00091861
0.91669
0.08331
0.49489
0.051101
0.080364
0.37364
1.7262
0.0068764
-6.9566e-05
0.10593
0.53086
0.19275
-2.3994e+12
-47.8
0.0743
0.9717
129.43
8.5547
-85.526
1.3965
0.0004089
0.037156
0.02352
0.25548
0.1304
0.75425
0.00057597
0.00042177
7.2297e-06
0.096958
0.11738
0.98211
0.0091803
0.080166
0.98651
0.9913
0.0014157
0.0040655
0.98709
0.18209
0.0040776
0.16483
5.4276e-06
7.2677e-06
0.57246
12.984
0.93189
12.99
4.272
12.984
0.001405
0.019012
0.0073724
0.023588
0.13781
0.12031
0.00091885
0.8919
0.1081
0.4473
0.06026
0.08799
0.40445
1.7746
0.0066872
-0.0001894
0.10517
0.53
0.21256
-4.0571e+10
-47.8
0.0743
0.9717
129.43
8.5547
-85.526
1.3966
0.00040827
0.0371
0.023542
0.25556
0.13051
0.75441
0.0005765
0.00041698
7.2297e-06
0.097014
0.11746
0.98211
0.0091803
0.080166
0.98651
0.9913
0.0014157
0.0040655
0.98709
0.18209
0.0040776
0.16483
5.4613e-06
7.3126e-06
0.57245
12.982
0.93182
12.988
4.2717
12.982
0.0013868
0.019026
0.0073211
0.026811
0.13781
0.12029
0.00091911
0.74364
0.25636
0.28487
0.10007
0.11178
0.50328
1.9632
0.0059545
-0.00065728
0.10268
0.52684
0.27688
-97354
-47.8
0.0743
0.9717
129.43
8.5547
-85.526
1.3966
0.00040872
0.03714
0.023533
0.25555
0.13046
0.75436
0.00057629
0.0004202
7.2297e-06
0.096959
0.11738
0.98211
0.0091803
0.080165
0.98651
0.9913
0.0014157
0.0040655
0.98709
0.18209
0.0040776
0.16483
5.4436e-06
7.2908e-06
0.57252
12.98
0.93176
12.986
4.2714
12.98
0.001398
0.019016
0.0073513
0.025344
0.13781
0.1203
0.00091938
0.82168
0.17832
0.35366
0.081274
0.10224
0.46283
1.8772
0.006278
-0.00044992
0.10362
0.52814
0.24988
-7.3581e+06
-47.8
0.0743
0.9717
129.43
8.5547
-85.526
1.3964
0.00040874
0.037142
0.023495
0.25541
0.13035
0.75416
0.00057534
0.00042222
7.2297e-06
0.096879
0.11728
0.98211
0.0091803
0.080164
0.98651
0.9913
0.0014157
0.0040655
0.98709
0.18209
0.0040776
0.16483
5.4111e-06
7.2497e-06
0.5726
12.978
0.9317
12.984
4.2711
12.978
0.0014061
0.019
0.0073747
0.02346
0.13781
0.12032
0.00091962
0.89612
0.10388
0.45477
0.058797
0.086813
0.39962
1.7668
0.0067237
-0.00016628
0.10536
0.53019
0.2103
-7.943e+10
-47.8
0.0743
0.9717
129.43
8.5547
-85.526
1.3964
0.00040846
0.037116
0.023487
0.25538
0.13034
0.75416
0.00057514
0.00042162
7.2297e-06
0.096858
0.11725
0.98211
0.0091803
0.080163
0.98651
0.9913
0.0014157
0.0040655
0.98709
0.18209
0.0040776
0.16483
5.4114e-06
7.2518e-06
0.57266
12.976
0.93163
12.982
4.2708
12.976
0.0014024
0.018999
0.0073621
0.024556
0.13781
0.12032
0.00091987
0.85592
0.14408
0.39435
0.071779
0.096215
0.43765
1.8319
0.0064638
-0.00033147
0.10435
0.52882
0.23434
-3.3355e+08
-47.8
0.0743
0.9717
129.43
8.5547
-85.526
1.3964
0.00040795
0.037071
0.023482
0.25537
0.13037
0.75417
0.00057499
0.0004187
7.2297e-06
0.096845
0.11724
0.98211
0.0091803
0.080163
0.98651
0.9913
0.0014157
0.0040655
0.98709
0.18209
0.0040776
0.16483
5.4189e-06
7.2637e-06
0.57272
12.973
0.93154
12.979
4.2704
12.973
0.0013926
0.019001
0.007335
0.026133
0.13781
0.12032
0.00092011
0.7817
0.2183
0.31583
0.091379
0.10763
0.48515
1.924
0.0061052
-0.00056053
0.10314
0.52721
0.26555
-2.3461e+05
-47.8
0.0743
0.9717
129.43
8.5547
-85.526
1.3964
0.00040828
0.037102
0.023476
0.25539
0.13033
0.75417
0.00057483
0.00042061
7.2297e-06
0.09678
0.11715
0.98211
0.0091803
0.080162
0.98651
0.9913
0.0014157
0.0040655
0.98709
0.18209
0.0040776
0.16483
5.4046e-06
7.2476e-06
0.57283
12.971
0.93146
12.977
4.27
12.971
0.001401
0.018987
0.007363
0.023709
0.1378
0.12033
0.00092036
0.88852
0.11148
0.43989
0.061283
0.08918
0.40965
1.7807
0.006671
-0.00019968
0.10491
0.52999
0.2157
-2.5305e+10
-47.8
0.0743
0.9717
129.43
8.5547
-85.526
1.3964
0.00040747
0.03703
0.02347
0.25536
0.13037
0.75416
0.00057465
0.00041617
7.2297e-06
0.096787
0.11717
0.98211
0.0091803
0.080161
0.98651
0.9913
0.0014157
0.0040655
0.98709
0.18209
0.0040776
0.16483
5.4187e-06
7.2677e-06
0.57287
12.968
0.93139
12.974
4.2697
12.968
0.0013845
0.018994
0.0073153
0.02693
0.1378
0.12032
0.00092055
0.73694
0.26306
0.2795
0.1014
0.11257
0.50652
1.9701
0.0059391
-0.0006672
0.10254
0.52668
0.27882
-99546
-47.8
0.0743
0.9717
129.43
8.5547
-85.526
1.3965
0.00040797
0.037076
0.02347
0.25541
0.13034
0.75421
0.00057467
0.00041908
7.2297e-06
0.096734
0.11709
0.98211
0.0091803
0.080161
0.98651
0.9913
0.0014157
0.0040655
0.98709
0.18209
0.0040776
0.16483
5.4062e-06
7.2533e-06
0.57295
12.966
0.93133
12.972
4.2694
12.966
0.001396
0.018982
0.0073516
0.024025
0.1378
0.12034
0.00092075
0.87795
0.12205
0.42171
0.064646
0.092042
0.4216
1.7987
0.006601
-0.00024411
0.10442
0.52968
0.22269
-5.6886e+09
-47.8
0.0743
0.9717
129.43
8.5547
-85.526
1.3964
0.00040655
0.03695
0.023445
0.25528
0.13036
0.75409
0.000574
0.00041217
7.2297e-06
0.096762
0.11715
0.98211
0.0091803
0.08016
0.98651
0.9913
0.0014157
0.0040655
0.98709
0.18208
0.0040776
0.16483
5.4185e-06
7.2695e-06
0.57294
12.965
0.93128
12.971
4.2692
12.965
0.0013711
0.018992
0.0072792
-0.010381
0.1378
0.12033
0.00092082
0.67167
0.32833
0.23589
0.11455
0.11813
0.53143
2.0336
0.0057309
-0.0008014
0.10158
0.52556
12.549
-2.0877e+06
-47.8
0.0743
0.9717
129.43
8.5547
-85.526
1.3965
0.0004077
0.037052
0.023458
0.25536
0.13032
0.7542
0.00057436
0.00041855
7.2297e-06
0.09672
0.11707
0.98211
0.0091803
0.080159
0.98651
0.9913
0.0014157
0.0040655
0.98709
0.18208
0.0040776
0.16483
5.4026e-06
7.2493e-06
0.57298
12.964
0.93126
12.97
4.2691
12.964
0.0013941
0.018978
0.0073456
0.024182
0.1378
0.12034
0.0009211
0.87225
0.12775
0.41306
0.066428
0.093409
0.4271
1.8082
0.0065705
-0.00026351
0.10423
0.52942
0.22643
-2.6455e+09
-47.8
0.0743
0.9717
129.43
8.5547
-85.526
1.3964
0.00040678
0.036969
0.023434
0.25521
0.13031
0.7541
0.00057373
0.00041499
7.2297e-06
0.096748
0.11713
0.98211
0.0091803
0.080159
0.98651
0.9913
0.0014157
0.0040655
0.98709
0.18208
0.0040776
0.16483
5.4046e-06
7.2507e-06
0.57293
12.964
0.93126
12.97
4.2691
12.964
0.0013804
0.018983
0.0073024
0.027085
0.1378
0.12033
0.00092125
0.72799
0.27201
0.27263
0.10317
0.11357
0.51063
1.9804
0.0059169
-0.00068147
0.10226
0.5262
0.28215
-1.1028e+05
-47.8
0.0743
0.9717
129.43
8.5547
-85.526
1.3962
0.00040715
0.037002
0.023398
0.25506
0.13018
0.75393
0.00057284
0.0004197
7.2297e-06
0.096682
0.11704
0.98211
0.0091803
0.080158
0.98651
0.9913
0.0014157
0.0040655
0.98709
0.18208
0.0040776
0.16483
5.3659e-06
7.1993e-06
0.57295
12.964
0.93126
12.97
4.2691
12.964
0.0013979
0.018964
0.0073508
0.023672
0.1378
0.12035
0.00092142
0.88935
0.11065
0.4421
0.061043
0.088891
0.40797
1.7811
0.0066971
-0.00018318
0.10489
0.52944
0.21615
-2.7324e+10
-47.8
0.0743
0.9717
129.43
8.5547
-85.526
1.3961
0.00040677
0.036967
0.023363
0.25489
0.1301
0.75376
0.00057196
0.00042019
7.2297e-06
0.096645
0.117
0.98211
0.0091803
0.080158
0.98651
0.9913
0.0014157
0.0040655
0.98709
0.18208
0.0040776
0.16483
5.3456e-06
7.1727e-06
0.57297
12.963
0.93124
12.969
4.269
12.964
0.0013986
0.018958
0.0073481
0.02423
0.1378
0.12036
0.00092158
0.86839
0.13161
0.412
0.068026
0.093619
0.42636
1.8156
0.0065652
-0.00026699
0.10457
0.52849
0.2293
-1.5443e+09
-47.8
0.0743
0.9717
129.43
8.5547
-85.526
1.396
0.0004066
0.036953
0.02335
0.25487
0.13007
0.75372
0.00057162
0.00041949
7.2297e-06
0.096601
0.11694
0.98211
0.0091803
0.080157
0.98651
0.9913
0.0014157
0.0040655
0.98709
0.18208
0.0040776
0.16483
5.3379e-06
7.1647e-06
0.57305
12.961
0.93117
12.967
4.2687
12.961
0.0013979
0.01895
0.0073499
0.023096
0.1378
0.12037
0.00092181
0.90751
0.092487
0.47537
0.054589
0.083587
0.38645
1.748
0.0068399
-9.2655e-05
0.10539
0.5298
0.20287
-4.6464e+11
-47.8
0.0743
0.9717
129.43
8.5547
-85.526
1.3962
0.00040626
0.036922
0.023369
0.25497
0.13016
0.75385
0.00057209
0.00041671
7.2297e-06
0.096597
0.11694
0.98211
0.0091803
0.080157
0.98651
0.9913
0.0014157
0.0040655
0.98709
0.18208
0.0040776
0.16483
5.362e-06
7.1999e-06
0.57315
12.957
0.93105
12.963
4.2681
12.958
0.001386
0.018957
0.0073142
0.025965
0.1378
0.12036
0.00092209
0.79155
0.20845
0.32302
0.088642
0.10684
0.4815
1.9159
0.0061692
-0.00051958
0.10281
0.52673
0.26357
-4.434e+05
-47.8
0.0743
0.9717
129.43
8.5547
-85.526
1.3962
0.00040595
0.036896
0.023366
0.25499
0.13017
0.75384
0.00057199
0.00041481
7.2297e-06
0.096547
0.11687
0.98211
0.0091803
0.080156
0.98651
0.9913
0.0014157
0.0040655
0.98709
0.18208
0.0040776
0.16483
5.3654e-06
7.2085e-06
0.57328
12.953
0.93092
12.959
4.2676
12.954
0.0013793
0.018954
0.0072974
0.026626
0.1378
0.12036
0.00092236
0.7562
0.2438
0.29238
0.096689
0.11109
0.49984
1.9536
0.0060289
-0.00060952
0.10226
0.52632
0.27632
-1.0191e+05
-47.8
0.0743
0.9717
129.43
8.5547
-85.526
1.396
0.00040599
0.036898
0.023338
0.25491
0.13009
0.75369
0.00057129
0.00041675
7.2297e-06
0.096446
0.11674
0.98211
0.0091803
0.080156
0.98651
0.9913
0.0014157
0.0040655
0.98709
0.18208
0.0040776
0.16483
5.3407e-06
7.1798e-06
0.57344
12.95
0.93082
12.956
4.2671
12.95
0.0013854
0.01894
0.0073134
0.025832
0.1378
0.12038
0.00092261
0.7991
0.2009
0.32919
0.086657
0.10601
0.47814
1.9066
0.0062074
-0.00049517
0.10289
0.5271
0.26214
-9.1966e+05
-47.8
0.0743
0.9717
129.43
8.5547
-85.526
1.3959
0.00040584
0.036885
0.023309
0.25482
0.13002
0.75355
0.00057057
0.00041753
7.2297e-06
0.096362
0.11664
0.98211
0.0091803
0.080155
0.98651
0.9913
0.0014157
0.0040655
0.98709
0.18208
0.0040776
0.16483
5.3196e-06
7.155e-06
0.57356
12.947
0.93073
12.953
4.2667
12.947
0.0013883
0.018928
0.0073219
0.025133
0.1378
0.12039
0.0009228
0.8327
0.1673
0.36379
0.078013
0.10099
0.4572
1.8653
0.0063726
-0.00038965
0.10358
0.52792
0.2477
-2.7377e+07
-47.8
0.0743
0.9717
129.43
8.5547
-85.526
1.3959
0.00040533
0.036841
0.023301
0.25479
0.13003
0.75353
0.00057034
0.00041497
7.2297e-06
0.096342
0.11662
0.98211
0.0091802
0.080155
0.98651
0.9913
0.0014157
0.0040655
0.98709
0.18208
0.0040776
0.16483
5.3239e-06
7.1629e-06
0.57363
12.945
0.93065
12.951
4.2663
12.945
0.0013797
0.018928
0.0072973
0.026423
0.1378
0.12039
0.00092295
0.76798
0.23202
0.30148
0.093936
0.10993
0.49466
1.9414
0.006082
-0.00057549
0.10239
0.52644
0.27333
-1.325e+05
-47.8
0.0743
0.9717
129.43
8.5547
-85.526
1.3959
0.00040528
0.036837
0.023305
0.25483
0.13005
0.75358
0.00057044
0.00041429
7.2297e-06
0.096327
0.1166
0.98211
0.0091802
0.080155
0.98651
0.9913
0.0014157
0.0040655
0.98709
0.18208
0.0040776
0.16483
5.3281e-06
7.1701e-06
0.57368
12.943
0.9306
12.949
4.2661
12.943
0.0013776
0.018927
0.0072931
0.026459
0.1378
0.12039
0.00092308
0.76646
0.23354
0.29959
0.094145
0.11022
0.49605
1.9428
0.0060786
-0.00057768
0.10226
0.52652
0.2732
-1.2807e+05
-47.8
0.0743
0.9717
129.43
8.5547
-85.526
1.396
0.00040523
0.036833
0.02331
0.25486
0.13007
0.75362
0.00057055
0.00041357
7.2297e-06
0.096331
0.1166
0.98211
0.0091802
0.080154
0.98651
0.9913
0.0014157
0.0040655
0.98709
0.18208
0.0040776
0.16483
5.3329e-06
7.1769e-06
0.57369
12.942
0.93058
12.948
4.266
12.942
0.0013754
0.018927
0.0072881
0.026657
0.1378
0.12039
0.00092314
0.75554
0.24446
0.29059
0.09652
0.11147
0.50142
1.954
0.0060401
-0.00060238
0.10209
0.52643
0.27703
-1.0309e+05
-47.8
0.0743
0.9717
129.43
8.5547
-85.526
1.396
0.0004051
0.036822
0.023313
0.25486
0.13008
0.75369
0.00057062
0.000413
7.2297e-06
0.096357
0.11664
0.98211
0.0091802
0.080154
0.98651
0.9913
0.0014157
0.0040655
0.98709
0.18208
0.0040776
0.16483
5.3383e-06
7.1829e-06
0.57365
12.943
0.93059
12.949
4.266
12.943
0.0013738
0.018929
0.0072845
0.026394
0.1378
0.12039
0.00092313
0.77066
0.22934
0.30211
0.092978
0.10993
0.49498
1.9391
0.0060999
-0.00056404
0.10204
0.5265
0.27176
-1.4555e+05
-47.8
0.0743
0.9717
129.43
8.5547
-85.526
1.3959
0.00040402
0.036727
0.023282
0.25469
0.13006
0.75355
0.00056981
0.00040849
7.2297e-06
0.096399
0.11671
0.98211
0.0091802
0.080154
0.98651
0.9913
0.0014157
0.0040655
0.98709
0.18208
0.0040776
0.16483
5.3373e-06
7.1789e-06
0.57356
12.944
0.93064
12.95
4.2663
12.944
0.0013587
0.018934
0.0072406
-0.013843
0.1378
0.12038
0.00092301
0.66088
0.33912
0.22759
0.11573
0.11959
0.53708
2.0481
0.0057315
-0.00080113
0.10078
0.5244
15.594
-4.7108e+06
-47.8
0.0743
0.9717
129.43
8.5547
-85.526
1.396
0.00040525
0.036836
0.023291
0.25473
0.13
0.75364
0.00057007
0.00041555
7.2297e-06
0.096388
0.11668
0.98211
0.0091802
0.080153
0.98651
0.9913
0.0014157
0.0040655
0.98709
0.18208
0.0040776
0.16483
5.3165e-06
7.1492e-06
0.5735
12.946
0.9307
12.952
4.2665
12.946
0.0013847
0.018922
0.0073162
0.023862
0.1378
0.1204
0.00092311
0.88426
0.11574
0.43034
0.062458
0.09086
0.41634
1.7914
0.0066988
-0.0001821
0.10435
0.52908
0.22129
-1.4518e+10
-47.8
0.0743
0.9717
129.43
8.5547
-85.526
1.3959
0.00040469
0.036784
0.023282
0.25462
0.13001
0.75359
0.00056985
0.00041358
7.2297e-06
0.096453
0.11677
0.98211
0.0091802
0.080153
0.98651
0.9913
0.0014157
0.0040655
0.98709
0.18208
0.0040776
0.16483
5.3244e-06
7.1563e-06
0.57338
12.948
0.93075
12.954
4.2668
12.948
0.0013754
0.018932
0.0072822
0.026776
0.1378
0.12039
0.00092313
0.74767
0.25233
0.28574
0.098453
0.11223
0.50357
1.9649
0.0060256
-0.0006117
0.10205
0.52546
0.28022
-96581
-47.8
0.0743
0.9717
129.43
8.5547
-85.526
1.3959
0.00040508
0.036819
0.023264
0.25455
0.12992
0.7535
0.00056939
0.00041703
7.2297e-06
0.096427
0.11674
0.98211
0.0091802
0.080153
0.98651
0.9913
0.0014157
0.0040655
0.98709
0.18208
0.0040776
0.16483
5.2997e-06
7.1223e-06
0.57336
12.949
0.93079
12.955
4.267
12.949
0.0013888
0.018921
0.0073213
0.023985
0.1378
0.1204
0.00092319
0.87864
0.12136
0.42468
0.064532
0.091785
0.419
1.8011
0.006676
-0.0001966
0.10452
0.52852
0.22575
-6.5918e+09
-47.8
0.0743
0.9717
129.43
8.5547
-85.526
1.3958
0.00040501
0.036813
0.023252
0.2545
0.12989
0.75344
0.0005691
0.00041716
7.2297e-06
0.096415
0.11672
0.98211
0.0091802
0.080152
0.98651
0.9913
0.0014157
0.0040655
0.98709
0.18208
0.0040776
0.16483
5.2915e-06
7.1113e-06
0.57336
12.949
0.93078
12.955
4.2669
12.949
0.0013901
0.018917
0.0073257
0.023296
0.1378
0.1204
0.00092329
0.90167
0.098325
0.46351
0.05668
0.085586
0.39423
1.7608
0.0068441
-9.0003e-05
0.10512
0.52923
0.20967
-1.9744e+11
-47.8
0.0743
0.9717
129.43
8.5547
-85.526
1.3959
0.0004047
0.036783
0.023267
0.25455
0.12996
0.75353
0.00056947
0.00041514
7.2297e-06
0.096436
0.11675
0.98211
0.0091802
0.080152
0.98651
0.9913
0.0014157
0.0040655
0.98709
0.18208
0.0040776
0.16483
5.3124e-06
7.1403e-06
0.57339
12.947
0.93073
12.953
4.2667
12.947
0.0013796
0.018927
0.0072915
0.026171
0.1378
0.12039
0.00092343
0.78133
0.21867
0.31326
0.090855
0.10851
0.48737
1.9297
0.0061678
-0.00052056
0.1025
0.5259
0.2708
-2.2463e+05
-47.8
0.0743
0.9717
129.43
8.5547
-85.526
1.3959
0.00040496
0.036807
0.023269
0.25461
0.12996
0.75353
0.00056953
0.00041613
7.2297e-06
0.096384
0.11668
0.98211
0.0091802
0.080152
0.98651
0.9913
0.0014157
0.0040655
0.98709
0.18208
0.0040776
0.16483
5.3076e-06
7.1369e-06
0.57349
12.945
0.93065
12.95
4.2663
12.945
0.0013833
0.01892
0.0073047
0.025281
0.1378
0.1204
0.0009236
0.82624
0.17376
0.35633
0.079637
0.1023
0.46173
1.8755
0.0063788
-0.00038573
0.10334
0.52727
0.25348
-1.3344e+07
-47.8
0.0743
0.9717
129.43
8.5547
-85.526
1.3959
0.00040496
0.036807
0.023267
0.25463
0.12996
0.75351
0.00056947
0.00041583
7.2297e-06
0.096339
0.11662
0.98211
0.0091802
0.080152
0.98651
0.9913
0.0014157
0.0040655
0.98709
0.18208
0.0040776
0.16483
5.3055e-06
7.137e-06
0.57359
12.942
0.93057
12.948
4.2659
12.942
0.0013825
0.018916
0.0073037
0.025354
0.1378
0.1204
0.00092375
0.82318
0.17682
0.35258
0.080379
0.10287
0.46417
1.8787
0.0063653
-0.00039435
0.10329
0.52739
0.25485
-1.0383e+07
-47.8
0.0743
0.9717
129.43
8.5547
-85.526
1.3959
0.00040455
0.036772
0.02327
0.25466
0.12999
0.75355
0.00056953
0.00041321
7.2297e-06
0.09633
0.11661
0.98211
0.0091802
0.080152
0.98651
0.9913
0.0014157
0.0040655
0.98709
0.18208
0.0040776
0.16483
5.3165e-06
7.1537e-06
0.57365
12.94
0.9305
12.946
4.2656
12.94
0.0013734
0.018918
0.0072788
0.026555
0.1378
0.1204
0.00092384
0.76175
0.23825
0.29516
0.094982
0.11108
0.49877
1.9495
0.0060929
-0.00056857
0.10204
0.52603
0.2774
-1.1277e+05
-47.8
0.0743
0.9717
129.43
8.5547
-85.526
1.3958
0.00040414
0.036736
0.023255
0.2546
0.12998
0.75348
0.00056915
0.00041155
7.2297e-06
0.096304
0.11658
0.98211
0.0091802
0.080152
0.98651
0.9913
0.0014157
0.0040655
0.98709
0.18208
0.0040776
0.16483
5.3131e-06
7.1506e-06
0.57371
12.939
0.93046
12.945
4.2654
12.939
0.0013682
0.018916
0.0072643
0.027193
0.1378
0.1204
0.00092387
0.7243
0.2757
0.26718
0.103
0.11485
0.51498
1.9877
0.0059567
-0.00065603
0.10156
0.52537
0.28835
-1.1307e+05
-47.8
0.0743
0.9717
129.43
8.5547
-85.526
1.3957
0.00040454
0.036772
0.023233
0.25453
0.12989
0.75337
0.0005686
0.00041526
7.2297e-06
0.096229
0.11648
0.98211
0.0091802
0.080151
0.98651
0.9913
0.0014157
0.0040655
0.98709
0.18208
0.0040776
0.16483
5.2846e-06
7.1144e-06
0.57378
12.938
0.93044
12.944
4.2653
12.938
0.0013818
0.018902
0.0073039
0.024734
0.1378
0.12042
0.00092389
0.851
0.149
0.38399
0.072683
0.098159
0.44517
1.842
0.0065178
-0.00029721
0.10377
0.52812
0.24164
-2.3571e+08
-47.8
0.0743
0.9717
129.43
8.5547
-85.526
1.3957
0.00040408
0.036729
0.023222
0.25446
0.12988
0.7533
0.00056831
0.00041358
7.2297e-06
0.096231
0.11649
0.98211
0.0091802
0.080151
0.98651
0.9913
0.0014157
0.0040655
0.98709
0.18208
0.0040776
0.16483
5.2862e-06
7.1168e-06
0.57379
12.937
0.93042
12.943
4.2653
12.938
0.0013743
0.018906
0.0072788
0.026557
0.1378
0.12041
0.00092384
0.76125
0.23875
0.29532
0.095198
0.11109
0.49839
1.9503
0.006096
-0.00056663
0.10216
0.52583
0.27862
-1.1243e+05
-47.8
0.0743
0.9717
129.43
8.5547
-85.526
1.3958
0.00040436
0.036756
0.023233
0.25454
0.1299
0.75339
0.0005686
0.00041432
7.2297e-06
0.096224
0.11648
0.98211
0.0091802
0.080151
0.98651
0.9913
0.0014157
0.0040655
0.98709
0.18208
0.0040776
0.16483
5.2884e-06
7.1203e-06
0.57381
12.937
0.93041
12.943
4.2652
12.937
0.0013784
0.018903
0.0072946
0.025134
0.1378
0.12041
0.00092379
0.83404
0.16596
0.3632
0.077316
0.10132
0.45816
1.8651
0.0064258
-0.0003558
0.10332
0.52767
0.24979
-3.4792e+07
-47.8
0.0743
0.9717
129.43
8.5547
-85.526
1.3958
0.00040357
0.036687
0.023243
0.25456
0.12998
0.75346
0.00056881
0.00040905
7.2297e-06
0.096285
0.11657
0.98211
0.0091802
0.080151
0.98651
0.9913
0.0014157
0.0040655
0.98709
0.18208
0.0040776
0.16483
5.3143e-06
7.1539e-06
0.57376
12.937
0.93042
12.943
4.2652
12.937
0.0013602
0.018916
0.0072434
0.0063476
0.1378
0.1204
0.00092366
0.69815
0.30185
0.24898
0.10806
0.11725
0.52572
2.0137
0.0058716
-0.00071082
0.10099
0.52485
3.5381
-2.9217e+05
-47.8
0.0743
0.9717
129.43
8.5547
-85.526
1.3958
0.00040353
0.036683
0.023237
0.25453
0.12996
0.75343
0.00056866
0.00040927
7.2297e-06
0.096286
0.11657
0.98211
0.0091802
0.080151
0.98651
0.9913
0.0014157
0.0040655
0.98709
0.18208
0.0040776
0.16483
5.3104e-06
7.1482e-06
0.57375
12.938
0.93043
12.944
4.2653
12.938
0.001361
0.018915
0.0072451
0.009161
0.1378
0.1204
0.00092362
0.70159
0.29841
0.25132
0.10741
0.11695
0.52431
2.0106
0.0058835
-0.00070312
0.10106
0.52483
2.7069
-2.4402e+05
-47.8
0.0743
0.9717
129.43
8.5547
-85.526
1.3957
0.00040428
0.036749
0.023217
0.25446
0.12985
0.75332
0.0005682
0.00041481
7.2297e-06
0.09622
0.11647
0.98211
0.0091802
0.080151
0.98651
0.9913
0.0014157
0.0040655
0.98709
0.18208
0.0040776
0.16483
5.2765e-06
7.1033e-06
0.57378
12.938
0.93045
12.944
4.2654
12.938
0.0013814
0.018899
0.0073038
0.024186
0.1378
0.12042
0.00092365
0.87271
0.12729
0.41298
0.066164
0.093677
0.42718
1.8101
0.006654
-0.00021061
0.10421
0.52866
0.2306
-3.5579e+09
-47.8
0.0743
0.9717
129.43
8.5547
-85.526
1.3957
0.00040386
0.03671
0.023209
0.25439
0.12986
0.75327
0.000568
0.00041367
7.2297e-06
0.096243
0.11651
0.98211
0.0091802
0.080151
0.98651
0.9913
0.0014157
0.0040655
0.98709
0.18208
0.0040776
0.16483
5.281e-06
7.1085e-06
0.57375
12.939
0.93046
12.944
4.2654
12.939
0.0013743
0.018906
0.0072779
0.026267
0.1378
0.12041
0.00092364
0.7773
0.2227
0.30858
0.091546
0.10928
0.4906
1.9339
0.0061639
-0.00052313
0.10236
0.52594
0.27271
-1.9837e+05
