-85.526
1.3965
0.00040901
0.037164
0.023571
0.25553
0.13052
0.75424
0.00057729
0.0004208
7.2294e-06
0.097103
0.11759
0.98216
0.0091779
0.080063
0.98652
0.9913
0.0014156
0.0040654
0.98711
0.18222
0.0040776
0.16487
5.4609e-06
7.3048e-06
0.57222
13.007
0.9326
13.013
4.2752
13.007
0.001399
0.019053
0.0073502
0.025103
0.13781
0.12026
0.00091531
0.83308
0.16692
0.36638
0.078257
0.10043
0.45493
1.861
0.0063475
-0.00040577
0.10419
0.52872
0.24549
-4.13e+07
-47.8
0.0743
0.9717
129.43
8.5547
-85.526
1.3966
0.00040911
0.037176
0.023579
0.25563
0.13053
0.75432
0.00057746
0.00041963
7.2294e-06
0.097078
0.11755
0.98216
0.0091779
0.080062
0.98652
0.9913
0.0014156
0.0040654
0.98711
0.18222
0.0040776
0.16487
5.4628e-06
7.3094e-06
0.57229
13.004
0.93252
13.01
4.2749
13.005
0.0013993
0.019047
0.0073605
0.022973
0.13781
0.12027
0.00091538
0.91252
0.087482
0.48243
0.052552
0.082375
0.38264
1.7336
0.0068493
-8.6813e-05
0.10572
0.53135
0.19607
-1.7616e+12
-47.8
0.0743
0.9717
129.43
8.5547
-85.526
1.3967
0.00040788
0.037069
0.023601
0.25573
0.13068
0.75448
0.00057797
0.00041125
7.2294e-06
0.097137
0.11764
0.98216
0.0091779
0.080061
0.98652
0.9913
0.0014156
0.0040654
0.98711
0.18222
0.0040776
0.16487
5.5103e-06
7.374e-06
0.57232
13.001
0.93241
13.007
4.2744
13.001
0.0013684
0.019067
0.0072743
-0.0085569
0.13781
0.12025
0.00091546
0.67305
0.32695
0.23555
0.11393
0.11816
0.53237
2.0303
0.0057292
-0.00080258
0.10144
0.52617
10.815
-1.4271e+06
-47.8
0.0743
0.9717
129.43
8.5547
-85.526
1.3967
0.00040779
0.03706
0.023601
0.25576
0.1307
0.75447
0.00057796
0.00041037
7.2294e-06
0.097102
0.11759
0.98216
0.0091779
0.08006
0.98652
0.9913
0.0014156
0.0040654
0.98711
0.18222
0.0040776
0.16487
5.5123e-06
7.3797e-06
0.57241
12.997
0.9323
13.003
4.2739
12.997
0.001365
0.019065
0.0072659
-0.014275
0.13781
0.12025
0.00091572
0.65638
0.34362
0.22558
0.11703
0.11934
0.53804
2.0452
0.0056799
-0.0008345
0.1012
0.5261
16.189
-4.8855e+06
-47.8
0.0743
0.9717
129.43
8.5547
-85.526
1.3966
0.00040907
0.037171
0.023593
0.25576
0.1306
0.75442
0.00057781
0.00041861
7.2294e-06
0.097003
0.11744
0.98216
0.0091779
0.080059
0.98652
0.9913
0.0014156
0.0040654
0.98711
0.18222
0.0040776
0.16487
5.4775e-06
7.3364e-06
0.57253
12.995
0.93222
13.001
4.2735
12.995
0.0013919
0.019047
0.0073376
0.025584
0.13781
0.12027
0.00091613
0.8121
0.1879
0.34125
0.083406
0.10409
0.47126
1.8861
0.0062365
-0.00047659
0.10342
0.52879
0.25341
-4.9963e+06
-47.8
0.0743
0.9717
129.43
8.5547
-85.526
1.3965
0.00040905
0.037167
0.023563
0.25563
0.13051
0.75425
0.00057707
0.00042031
7.2294e-06
0.096954
0.11738
0.98216
0.0091779
0.080058
0.98652
0.9913
0.0014156
0.0040654
0.98711
0.18222
0.0040776
0.16487
5.4541e-06
7.3063e-06
0.57257
12.993
0.93217
12.999
4.2733
12.993
0.001397
0.019039
0.007348
0.02556
0.13781
0.12028
0.00091645
0.81236
0.18764
0.34314
0.083591
0.1038
0.46947
1.8855
0.0062407
-0.00047391
0.10375
0.52871
0.25435
-5.2512e+06
-47.8
0.0743
0.9717
129.43
8.5547
-85.526
1.3965
0.00040893
0.037158
0.023558
0.25562
0.13051
0.75429
0.00057694
0.00042001
7.2294e-06
0.096954
0.11738
0.98216
0.0091779
0.080057
0.98652
0.9913
0.0014156
0.0040654
0.98711
0.18221
0.0040776
0.16487
5.4526e-06
7.3042e-06
0.57257
12.992
0.93213
12.998
4.2731
12.992
0.0013972
0.019034
0.0073515
0.024653
0.13781
0.12028
0.00091672
0.85363
0.14637
0.38884
0.072202
0.097053
0.44191
1.8328
0.0064491
-0.00034093
0.1043
0.52957
0.23434
-4.1292e+08
-47.8
0.0743
0.9717
129.43
8.5547
-85.526
1.3965
0.00040766
0.037047
0.023546
0.25554
0.13055
0.75427
0.00057658
0.00041324
7.2294e-06
0.097012
0.11747
0.98216
0.0091779
0.080056
0.98652
0.9913
0.0014156
0.0040654
0.98711
0.18221
0.0040776
0.16487
5.4721e-06
7.3286e-06
0.57251
12.991
0.9321
12.997
4.273
12.991
0.0013738
0.019045
0.0072853
-0.0080766
0.13781
0.12027
0.00091693
0.67545
0.32455
0.23804
0.11383
0.11779
0.53034
2.0284
0.0057345
-0.00079916
0.10178
0.52603
10.57
-1.3242e+06
-47.8
0.0743
0.9717
129.43
8.5547
-85.526
1.3966
0.00040886
0.037153
0.023551
0.25558
0.13049
0.75432
0.00057677
0.00042016
7.2294e-06
0.096969
0.1174
0.98216
0.0091779
0.080055
0.98652
0.9913
0.0014156
0.0040654
0.98711
0.18221
0.0040776
0.16487
5.45e-06
7.2997e-06
0.57253
12.99
0.93208
12.996
4.2729
12.991
0.0013979
0.01903
0.0073525
0.024804
0.13781
0.12029
0.00091734
0.84668
0.15332
0.38102
0.074294
0.098226
0.44646
1.8431
0.0064098
-0.00036592
0.10415
0.52916
0.2383
-1.6762e+08
-47.8
0.0743
0.9717
129.43
8.5547
-85.526
1.3965
0.00040906
0.037171
0.023544
0.25557
0.13046
0.75429
0.00057659
0.00042105
7.2294e-06
0.096956
0.11737
0.98216
0.0091779
0.080054
0.98652
0.9913
0.0014156
0.0040654
0.98711
0.18221
0.0040776
0.16487
5.4395e-06
7.2855e-06
0.57253
12.99
0.93205
12.995
4.2727
12.99
0.0014031
0.019022
0.0073698
0.023291
0.13781
0.1203
0.00091771
0.90241
0.097589
0.46419
0.056421
0.085302
0.39408
1.7536
0.0067681
-0.00013815
0.10552
0.53094
0.20407
-2.9991e+11
-47.8
0.0743
0.9717
129.43
8.5547
-85.526
1.3966
0.00040827
0.037101
0.023558
0.25559
0.13055
0.7544
0.00057691
0.00041611
7.2294e-06
0.09703
0.11748
0.98216
0.0091779
0.080054
0.98652
0.9913
0.0014156
0.0040654
0.98711
0.18221
0.0040776
0.16487
5.471e-06
7.326e-06
0.57247
12.988
0.93201
12.994
4.2726
12.988
0.0013836
0.019037
0.0073124
0.027205
0.13781
0.12028
0.00091803
0.72041
0.27959
0.2677
0.10495
0.11406
0.5133
1.985
0.0058777
-0.00070674
0.10247
0.52679
0.28308
-1.2347e+05
-47.8
0.0743
0.9717
129.43
8.5547
-85.526
1.3966
0.00040903
0.037166
0.023555
0.2556
0.13049
0.7544
0.00057688
0.00042103
7.2294e-06
0.096994
0.11742
0.98216
0.0091779
0.080053
0.98652
0.9913
0.0014156
0.0040654
0.98711
0.18221
0.0040776
0.16487
5.4526e-06
7.302e-06
0.57249
12.987
0.93198
12.993
4.2724
12.987
0.0014
0.019026
0.0073568
0.024894
0.13781
0.12029
0.00091837
0.84243
0.15757
0.37651
0.075571
0.098891
0.44903
1.8493
0.0063863
-0.00038084
0.10408
0.52894
0.24021
-9.4092e+07
-47.8
0.0743
0.9717
129.43
8.5547
-85.526
1.3965
0.00040896
0.03716
0.023527
0.25547
0.13041
0.75426
0.00057616
0.00042233
7.2294e-06
0.096959
0.11737
0.98216
0.0091779
0.080052
0.98652
0.9913
0.0014156
0.0040654
0.98711
0.18221
0.0040776
0.16487
5.4305e-06
7.2728e-06
0.5725
12.987
0.93196
12.993
4.2723
12.987
0.0014051
0.019017
0.0073699
0.024004
0.13781
0.1203
0.00091864
0.87742
0.12258
0.42453
0.065146
0.091565
0.41876
1.7981
0.006595
-0.00024802
0.105
0.52976
0.22183
-6.8689e+09
-47.8
0.0743
0.9717
129.43
8.5547
-85.526
1.3965
0.00040861
0.037128
0.023507
0.25537
0.13038
0.7542
0.00057567
0.00042199
7.2294e-06
0.096946
0.11736
0.98216
0.0091779
0.080051
0.98652
0.9913
0.0014156
0.0040654
0.98711
0.18221
0.0040776
0.16487
5.4232e-06
7.2632e-06
0.57251
12.985
0.93192
12.991
4.2721
12.986
0.0014029
0.019014
0.0073602
0.024923
0.13781
0.1203
0.0009189
0.83987
0.16013
0.37561
0.076535
0.099014
0.44884
1.8539
0.0063733
-0.00038912
0.10417
0.52836
0.24205
-6.2973e+07
-47.8
0.0743
0.9717
129.43
8.5547
-85.526
1.3964
0.00040861
0.037131
0.02349
0.25534
0.13033
0.75414
0.00057522
0.00042213
7.2294e-06
0.09689
0.11729
0.98216
0.0091779
0.080051
0.98652
0.9913
0.0014156
0.0040654
0.98711
0.18221
0.0040776
0.16487
5.407e-06
7.2439e-06
0.57259
12.983
0.93185
12.989
4.2718
12.983
0.0014065
0.019002
0.0073756
0.023129
0.13781
0.12032
0.00091919
0.90621
0.093791
0.47425
0.055181
0.083701
0.38687
1.7477
0.0067977
-0.00011934
0.10569
0.53046
0.20183
-4.6834e+11
-47.8
0.0743
0.9717
129.43
8.5547
-85.526
1.3966
0.00040864
0.037135
0.023514
0.25549
0.1304
0.75432
0.0005758
0.00042038
7.2294e-06
0.096876
0.11727
0.98216
0.0091779
0.08005
0.98652
0.9913
0.0014156
0.0040654
0.98711
0.18221
0.0040776
0.16487
5.4251e-06
7.271e-06
0.57269
12.98
0.93174
12.986
4.2713
12.98
0.0014016
0.019002
0.007367
0.023357
0.13781
0.12032
0.00091951
0.90002
0.099982
0.45984
0.057274
0.085997
0.39689
1.7598
0.0067435
-0.00015364
0.10519
0.53045
0.20571
-1.6637e+11
-47.8
0.0743
0.9717
129.43
8.5547
-85.526
1.3967
0.00040721
0.03701
0.023536
0.2556
0.13057
0.75448
0.00057629
0.00041044
7.2294e-06
0.096935
0.11736
0.98216
0.0091779
0.080049
0.98652
0.9913
0.0014156
0.0040654
0.98711
0.18221
0.0040776
0.16487
5.4762e-06
7.3409e-06
0.57274
12.976
0.93162
12.982
4.2707
12.976
0.0013661
0.01902
0.007271
-0.013644
0.13781
0.1203
0.00091978
0.66205
0.33795
0.23
0.11639
0.11868
0.53493
2.0412
0.0056876
-0.00082932
0.10124
0.52583
16.053
-4.5092e+06
-47.8
0.0743
0.9717
129.43
8.5547
-85.526
1.3967
0.00040718
0.037009
0.023542
0.25566
0.13059
0.75453
0.00057644
0.00040968
7.2294e-06
0.096915
0.11733
0.98216
0.0091779
0.080049
0.98652
0.9913
0.0014156
0.0040654
0.98711
0.18221
0.0040776
0.16487
5.4819e-06
7.3507e-06
0.5728
12.973
0.93153
12.979
4.2703
12.973
0.0013636
0.019018
0.0072656
-0.014825
0.13781
0.1203
0.00092016
0.6563
0.3437
0.22637
0.11737
0.11912
0.53714
2.0462
0.0056707
-0.00084025
0.10106
0.52589
17.942
-6.8703e+06
-47.8
0.0743
0.9717
129.43
8.5547
-85.526
1.3967
0.00040823
0.037099
0.023523
0.25558
0.13047
0.75443
0.000576
0.00041735
7.2294e-06
0.096833
0.11721
0.98216
0.0091779
0.080048
0.98652
0.9913
0.0014156
0.0040654
0.98711
0.1822
0.0040776
0.16487
5.4428e-06
7.2999e-06
0.57286
12.972
0.9315
12.978
4.2702
12.972
0.0013896
0.019
0.0073334
0.02597
0.1378
0.12032
0.00092062
0.79109
0.20891
0.32282
0.088882
0.10662
0.48168
1.9125
0.0061346
-0.0005416
0.10298
0.52781
0.26063
-5.3201e+05
-47.8
0.0743
0.9717
129.43
8.5547
-85.526
1.3964
0.00040841
0.037114
0.023464
0.25533
0.13028
0.7541
0.00057454
0.00042168
7.2294e-06
0.096749
0.1171
0.98216
0.0091779
0.080047
0.98652
0.9913
0.0014156
0.0040654
0.98711
0.1822
0.0040776
0.16487
5.3903e-06
7.23e-06
0.57288
12.972
0.9315
12.978
4.2702
12.972
0.0014059
0.018977
0.0073767
0.022921
0.1378
0.12034
0.00092096
0.91269
0.087306
0.48607
0.052646
0.081794
0.37949
1.7346
0.0068467
-8.8219e-05
0.10575
0.5308
0.19661
-1.3661e+12
-47.8
0.0743
0.9717
129.43
8.5547
-85.526
1.3964
0.00040833
0.037104
0.023458
0.25528
0.13027
0.75409
0.00057441
0.00042232
7.2294e-06
0.096761
0.11712
0.98216
0.0091779
0.080047
0.98652
0.9913
0.0014156
0.0040654
0.98711
0.1822
0.0040776
0.16487
5.389e-06
7.2275e-06
0.57285
12.971
0.93148
12.977
4.2701
12.971
0.001406
0.018977
0.0073726
0.023921
0.1378
0.12034
0.00092129
0.87979
0.12021
0.42918
0.064448
0.090843
0.41553
1.7951
0.0066101
-0.00023832
0.10501
0.52954
0.22045
-8.4811e+09
-47.8
0.0743
0.9717
129.43
8.5547
-85.526
1.3965
0.00040825
0.037098
0.023485
0.25539
0.13035
0.7543
0.00057508
0.00042074
7.2294e-06
0.096811
0.11718
0.98216
0.0091779
0.080046
0.98652
0.9913
0.0014156
0.0040654
0.98711
0.1822
0.0040776
0.16487
5.4138e-06
7.2599e-06
0.57282
12.97
0.93145
12.976
4.27
12.97
0.0013998
0.018983
0.0073567
0.024616
0.1378
0.12034
0.00092161
0.85368
0.14632
0.39069
0.07235
0.096762
0.4402
1.8357
0.0064465
-0.00034235
0.10407
0.52873
0.23458
-2.7507e+08
-47.8
0.0743
0.9717
129.43
8.5547
-85.526
1.3966
0.00040709
0.036997
0.023474
0.25532
0.1304
0.75431
0.00057476
0.0004146
7.2294e-06
0.096856
0.11725
0.98216
0.0091779
0.080046
0.98652
0.9913
0.0014156
0.0040654
0.98711
0.1822
0.0040776
0.16487
5.431e-06
7.2818e-06
0.57278
12.97
0.93142
12.975
4.2699
12.97
0.0013791
0.01899
0.0072996
0.012574
0.1378
0.12033
0.00092185
0.70978
0.29022
0.26107
0.1073
0.11488
0.51675
1.998
0.0058405
-0.00073061
0.10212
0.52596
2.1809
-2.0423e+05
-47.8
0.0743
0.9717
129.43
8.5547
-85.526
1.3964
0.00040757
0.037041
0.023427
0.25515
0.13022
0.75409
0.00057357
0.00041998
7.2294e-06
0.096743
0.1171
0.98216
0.0091779
0.080045
0.98652
0.9913
0.0014156
0.0040654
0.98711
0.1822
0.0040776
0.16487
5.3785e-06
7.2138e-06
0.57287
12.969
0.9314
12.974
4.2697
12.969
0.0014012
0.018962
0.0073635
0.022612
0.1378
0.12036
0.00092218
0.9212
0.0788
0.50362
0.049206
0.07897
0.3682
1.7191
0.0069211
-4.1109e-05
0.1056
0.53037
0.18832
-4.9969e+12
-47.8
0.0743
0.9717
129.43
8.5547
-85.526
1.3962
0.00040729
0.037015
0.023385
0.25497
0.13012
0.75385
0.0005725
0.00042105
7.2294e-06
0.09666
0.117
0.98216
0.0091779
0.080045
0.98652
0.9913
0.0014156
0.0040654
0.98711
0.1822
0.0040776
0.16487
5.3496e-06
7.178e-06
0.57297
12.966
0.93132
12.972
4.2694
12.966
0.0014042
0.018949
0.0073684
0.022757
0.1378
0.12037
0.00092253
0.91645
0.083547
0.49599
0.051256
0.080223
0.37253
1.7292
0.0068872
-6.2629e-05
0.10574
0.53007
0.19381
-2.231e+12
-47.8
0.0743
0.9717
129.43
8.5547
-85.526
1.3962
0.0004073
0.037015
0.023391
0.25505
0.13015
0.75391
0.00057267
0.00042067
7.2294e-06
0.096603
0.11693
0.98216
0.0091779
0.080044
0.98652
0.9913
0.0014156
0.0040654
0.98711
0.1822
0.0040776
0.16487
5.3552e-06
7.1899e-06
0.57312
12.962
0.93118
12.967
4.2687
12.962
0.0014016
0.018945
0.0073615
0.023519
0.1378
0.12037
0.00092296
0.89384
0.10616
0.45111
0.0596
0.087419
0.40187
1.773
0.0067108
-0.0001744
0.10506
0.52955
0.2107
-5.6869e+10
-47.8
0.0743
0.9717
129.43
8.5547
-85.526
1.3963
0.00040686
0.036976
0.023414
0.25519
0.13025
0.75405
0.00057323
0.00041637
7.2294e-06
0.096582
0.1169
0.98216
0.0091779
0.080044
0.98652
0.9913
0.0014156
0.0040654
0.98711
0.1822
0.0040776
0.16487
5.3844e-06
7.2338e-06
0.57328
12.956
0.931
12.962
4.2679
12.956
0.0013854
0.018952
0.0073178
0.026384
0.1378
0.12037
0.0009234
0.76848
0.23152
0.30367
0.09428
0.10933
0.49272
1.939
0.0060514
-0.00059497
0.10265
0.5269
0.26975
-1.3675e+05
-47.8
0.0743
0.9717
129.43
8.5547
-85.526
1.3963
0.00040661
0.036955
0.023414
0.25524
0.13028
0.75405
0.0005732
0.00041449
7.2294e-06
0.096521
0.11682
0.98216
0.0091779
0.080043
0.98652
0.9913
0.0014156
0.0040654
0.98711
0.1822
0.0040776
0.16487
5.3886e-06
7.2442e-06
0.57344
12.951
0.93086
12.957
4.2673
12.951
0.001379
0.018947
0.0073027
0.026902
0.1378
0.12037
0.00092378
0.73938
0.26062
0.28016
0.10059
0.11249
0.50675
1.9682
0.0059441
-0.0006639
0.10218
0.52672
0.2777
-99398
-47.8
0.0743
0.9717
129.43
8.5547
-85.526
1.3962
0.00040654
0.036948
0.023384
0.25514
0.1302
0.75389
0.00057245
0.00041597
7.2294e-06
0.096433
0.11671
0.98216
0.0091779
0.080043
0.98652
0.9913
0.0014156
0.0040654
0.98711
0.1822
0.0040776
0.16487
5.3648e-06
7.2159e-06
0.57356
12.948
0.93077
12.954
4.2668
12.949
0.0013838
0.018934
0.0073142
0.02641
0.1378
0.12038
0.00092405
0.76775
0.23225
0.30228
0.094283
0.10955
0.49389
1.9394
0.0060507
-0.00059544
0.10257
0.52704
0.26994
-1.3819e+05
-47.8
0.0743
0.9717
129.43
8.5547
-85.526
1.396
0.00040652
0.036945
0.023347
0.25498
0.13009
0.75371
0.00057154
0.00041876
7.2294e-06
0.09636
0.11662
0.98216
0.0091779
0.080042
0.98652
0.9913
0.0014156
0.0040654
0.98711
0.1822
0.0040776
0.16487
5.3347e-06
7.1776e-06
0.57363
12.947
0.93073
12.953
4.2667
12.947
0.0013923
0.018921
0.0073345
0.025236
0.1378
0.1204
0.00092423
0.82722
0.17278
0.35859
0.079635
0.1016
0.46017
1.8716
0.006315
-0.00042634
0.10347
0.52794
0.24844
-1.5881e+07
-47.8
0.0743
0.9717
129.43
8.5547
-85.526
1.3959
0.00040605
0.036904
0.023321
0.25484
0.13004
0.7536
0.00057086
0.00041791
7.2294e-06
0.096344
0.11661
0.98216
0.0091779
0.080042
0.98652
0.9913
0.0014156
0.0040654
0.98711
0.1822
0.0040776
0.16487
5.3232e-06
7.1621e-06
0.57363
12.947
0.93072
12.953
4.2666
12.947
0.0013897
0.018918
0.0073245
0.025785
0.1378
0.1204
0.00092434
0.80025
0.19975
0.33191
0.086679
0.10546
0.47594
1.9052
0.006191
-0.00050563
0.10308
0.52705
0.25969
-1.0701e+06
-47.8
0.0743
0.9717
129.43
8.5547
-85.526
1.396
0.00040607
0.036906
0.023314
0.25482
0.13002
0.75362
0.00057069
0.00041857
7.2294e-06
0.096339
0.1166
0.98216
0.0091779
0.080042
0.98652
0.9913
0.0014156
0.0040654
0.98711
0.1822
0.0040776
0.16487
5.3168e-06
7.1532e-06
0.57363
12.947
0.93072
12.953
4.2666
12.947
0.0013931
0.018912
0.0073367
0.024315
0.1378
0.12041
0.00092442
0.8663
0.1337
0.40647
0.068439
0.094437
0.43065
1.8189
0.0065376
-0.00028449
0.1042
0.52866
0.22908
-1.3739e+09
-47.8
0.0743
0.9717
129.43
8.5547
-85.526
1.396
0.00040527
0.036835
0.02331
0.25477
0.13006
0.75364
0.00057058
0.00041432
7.2294e-06
0.096389
0.11668
0.98216
0.0091779
0.080041
0.98652
0.9913
0.0014156
0.0040654
0.98711
0.1822
0.0040776
0.16487
5.3323e-06
7.1725e-06
0.57357
12.947
0.93073
12.953
4.2667
12.947
0.001378
0.018921
0.0072926
0.026944
0.1378
0.1204
0.00092445
0.73639
0.26361
0.27858
0.10132
0.11281
0.50728
1.9745
0.0059446
-0.0006637
0.10212
0.52572
0.28108
-1.0209e+05
-47.8
0.0743
0.9717
129.43
8.5547
-85.526
1.396
0.0004058
0.036884
0.023304
0.25477
0.13
0.75364
0.00057043
0.0004178
7.2294e-06
0.096355
0.11663
0.98216
0.0091779
0.080041
0.98652
0.9913
0.0014156
0.0040654
0.98711
0.1822
0.0040776
0.16487
5.3141e-06
7.1484e-06
0.57358
12.947
0.93073
12.953
4.2667
12.947
0.0013919
0.018909
0.0073347
0.023687
0.1378
0.12041
0.00092451
0.88936
0.11064
0.44068
0.060926
0.089125
0.40927
1.7823
0.0066957
-0.00018403
0.10463
0.52923
0.21466
-3.0781e+10
-47.8
0.0743
0.9717
129.43
8.5547
-85.526
1.3959
0.00040508
0.036818
0.02329
0.25467
0.13
0.75357
0.00057005
0.00041499
7.2294e-06
0.096378
0.11667
0.98216
0.0091779
0.080041
0.98652
0.9913
0.0014156
0.0040654
0.98711
0.1822
0.0040776
0.16487
5.3195e-06
7.1547e-06
0.57356
12.947
0.93073
12.953
4.2667
12.947
0.0013803
0.018916
0.0072966
0.026597
0.1378
0.1204
0.00092453
0.75661
0.24339
0.294
0.096871
0.11082
0.49831
1.9549
0.0060247
-0.00061223
0.10233
0.52575
0.27581
-1.0363e+05
-47.8
0.0743
0.9717
129.43
8.5547
-85.526
1.3958
0.00040548
0.036854
0.023271
0.25462
0.12992
0.75347
0.0005696
0.00041819
7.2294e-06
0.096316
0.11658
0.98216
0.0091779
0.08004
0.98652
0.9913
0.0014156
0.0040654
0.98711
0.1822
0.0040776
0.16487
5.2944e-06
7.1226e-06
0.57361
12.946
0.93071
12.952
4.2666
12.947
0.0013929
0.018902
0.0073347
0.023652
0.1378
0.12042
0.00092459
0.89007
0.10993
0.44316
0.06078
0.088755
0.4073
1.7811
0.0067116
-0.00017399
0.10481
0.52909
0.21529
-3.5818e+10
-47.8
0.0743
0.9717
129.43
8.5547
-85.526
1.3958
0.00040541
0.036847
0.023274
0.25464
0.12994
0.75349
0.00056968
0.00041783
7.2294e-06
0.096306
0.11657
0.98216
0.0091779
0.08004
0.98652
0.9913
0.0014156
0.0040654
0.98711
0.1822
0.0040776
0.16487
5.299e-06
7.13e-06
0.57365
12.945
0.93066
12.951
4.2664
12.945
0.00139
0.018904
0.0073248
0.024756
0.1378
0.12041
0.00092465
0.84836
0.15164
0.38345
0.073789
0.098032
0.44473
1.8454
0.0064537
-0.00033797
0.1039
0.52794
0.24019
-1.6721e+08
-47.8
0.0743
0.9717
129.43
8.5547
-85.526
1.396
0.00040505
0.036816
0.023292
0.25472
0.13002
0.75362
0.00057009
0.00041468
7.2294e-06
0.096327
0.1166
0.98216
0.0091779
0.08004
0.98652
0.9913
0.0014156
0.0040654
0.98711
0.1822
0.0040776
0.16487
5.3212e-06
7.1609e-06
0.57369
12.943
0.93061
12.949
4.2661
12.943
0.0013789
0.018911
0.0072945
0.026284
0.13779
0.12041
0.00092471
0.77531
0.22469
0.30775
0.092279
0.10904
0.49094
1.9347
0.0061064
-0.00055986
0.10235
0.5263
0.26994
-1.8271e+05
-47.8
0.0743
0.9717
129.43
8.5547
-85.526
1.3959
0.00040461
0.036778
0.023284
0.2547
0.13002
0.75359
0.00056987
0.00041221
7.2294e-06
0.096314
0.11659
0.98216
0.0091779
0.08004
0.98652
0.9913
0.0014156
0.0040654
0.98711
0.1822
0.0040776
0.16487
5.3236e-06
7.1655e-06
0.57373
12.942
0.93056
12.948
4.2659
12.942
0.0013712
0.018911
0.0072747
0.027207
0.13779
0.12041
0.00092472
0.72188
0.27812
0.26679
0.10396
0.11455
0.5147
1.9891
0.0059122
-0.00068457
0.1017
0.52551
0.28537
-1.2317e+05
-47.8
0.0743
0.9717
129.43
8.5547
-85.526
1.3959
0.00040508
0.036822
0.023267
0.25468
0.12994
0.75353
0.00056944
0.00041535
7.2294e-06
0.096234
0.11648
0.98216
0.0091779
0.080039
0.98652
0.9913
0.0014156
0.0040654
0.98711
0.1822
0.0040776
0.16487
5.2963e-06
7.1312e-06
0.57382
12.941
0.93054
12.947
4.2658
12.941
0.0013858
0.018894
0.0073225
0.023119
0.13779
0.12042
0.00092472
0.90842
0.091583
0.47238
0.053968
0.084086
0.38957
1.7468
0.0068554
-8.285e-05
0.10494
0.53004
0.20133
-6.8842e+11
-47.8
0.0743
0.9717
129.43
8.5547
-85.526
1.3959
0.00040373
0.036702
0.023261
0.25462
0.13002
0.75351
0.00056927
0.00040829
7.2294e-06
0.096288
0.11657
0.98216
0.0091779
0.080039
0.98652
0.9913
0.0014156
0.0040654
0.98711
0.1822
0.0040776
0.16487
5.3235e-06
7.1672e-06
0.5738
12.94
0.9305
12.946
4.2656
12.94
0.0013584
0.018911
0.0072403
-0.012132
0.13779
0.12041
0.00092465
0.66683
0.33317
0.23109
0.11465
0.11909
0.53517
2.0426
0.0057402
-0.00079552
0.10078
0.52447
13.857
-3.087e+06
-47.8
0.0743
0.9717
129.43
8.5547
-85.526
1.396
0.00040426
0.036748
0.02328
0.25471
0.13004
0.75362
0.00056976
0.00041064
7.2294e-06
0.096287
0.11656
0.98216
0.0091779
0.080039
0.98652
0.9913
0.0014156
0.0040654
0.98711
0.1822
0.0040776
0.16487
5.3277e-06
7.1734e-06
0.57381
12.939
0.93049
12.945
4.2656
12.94
0.0013658
0.01891
0.0072611
0.027205
0.13779
0.12041
0.00092475
0.72314
0.27686
0.26638
0.10333
0.1147
0.5156
1.9885
0.0059217
-0.00067846
0.10137
0.52549
0.28504
-1.1891e+05
-47.8
0.0743
0.9717
129.43
8.5547
-85.526
1.3958
0.00040468
0.036783
0.023252
0.25458
0.12993
0.75345
0.00056909
0.00041523
7.2294e-06
0.096227
0.11648
0.98216
0.0091779
0.080039
0.98652
0.9913
0.0014156
0.0040654
0.98711
0.1822
0.0040776
0.16487
5.2957e-06
7.131e-06
0.57384
12.94
0.93049
12.946
4.2656
12.94
0.0013806
0.018898
0.0072991
0.025512
0.13779
0.12042
0.00092479
0.8156
0.1844
0.34459
0.082361
0.10391
0.46914
1.8882
0.0062996
-0.00043631
0.10304
0.5272
0.25619
-5.4209e+06
-47.8
0.0743
0.9717
129.43
8.5547
-85.526
1.3957
0.00040436
0.036753
0.023217
0.2544
0.12984
0.75327
0.00056819
0.00041608
7.2294e-06
0.096201
0.11645
0.98216
0.0091779
0.080039
0.98652
0.9913
0.0014156
0.0040654
0.98711
0.1822
0.0040776
0.16487
5.2733e-06
7.1005e-06
0.57382
12.94
0.93052
12.946
4.2657
12.941
0.0013833
0.018892
0.0073031
0.025187
0.13779
0.12043
0.00092477
0.8301
0.1699
0.36119
0.078718
0.10147
0.45861
1.8709
0.0063757
-0.00038782
0.10344
0.52721
0.25014
-2.327e+07
-47.8
0.0743
0.9717
129.43
8.5547
-85.526
1.3956
0.00040401
0.036722
0.023193
0.25428
0.12979
0.75316
0.0005676
0.00041594
7.2294e-06
0.096187
0.11644
0.98216
0.0091779
0.080039
0.98652
0.9913
0.0014156
0.0040654
0.98711
0.1822
0.0040776
0.16487
5.2616e-06
7.0845e-06
0.57382
12.941
0.93053
12.947
4.2658
12.941
0.0013827
0.018889
0.0072994
0.025232
0.13779
0.12043
0.00092475
0.82768
0.17232
0.35903
0.079423
0.10181
0.45974
1.875
0.0063652
-0.00039453
0.10339
0.52685
0.25203
-1.6969e+07
-47.8
0.0743
0.9717
129.43
8.5547
-85.526
1.3955
0.00040396
0.036718
0.023181
0.25425
0.12976
0.75311
0.00056729
0.00041619
7.2294e-06
0.096155
0.1164
0.98216
0.0091779
0.080039
0.98652
0.9913
0.0014156
0.0040654
0.98711
0.1822
0.0040776
0.16487
5.252e-06
7.0729e-06
0.57386
12.94
0.93051
12.946
4.2656
12.94
0.0013846
0.018883
0.0073065
0.02441
0.13779
0.12043
0.00092478
0.86275
0.13725
0.40164
0.069482
0.095357
0.43353
1.8266
0.0065618
-0.00026931
0.10411
0.52782
0.23405
-9.7775e+08
-47.8
0.0743
0.9717
129.43
8.5547
-85.526
1.3955
0.00040383
0.036706
0.023187
0.25429
0.12979
0.75314
0.00056744
0.00041508
7.2294e-06
0.096137
0.11638
0.98216
0.0091779
0.080039
0.98652
0.9913
0.0014156
0.0040654
0.98711
0.1822
0.0040776
0.16487
5.2598e-06
7.0854e-06
0.57393
12.938
0.93044
12.944
4.2654
12.938
0.0013795
0.018884
0.0072913
0.025619
0.13779
0.12043
0.00092485
0.80982
0.19018
0.33966
0.083952
0.10466
0.47172
1.8968
0.0062795
-0.00044921
0.103
0.52654
0.25949
-2.9072e+06
-47.8
0.0743
0.9717
129.43
8.5547
-85.526
1.3956
0.00040398
0.036721
0.023207
0.25442
0.12985
0.75324
0.00056793
0.00041414
7.2294e-06
0.096113
0.11634
0.98216
0.0091779
0.080039
0.98652
0.9913
0.0014156
0.0040654
0.98711
0.1822
0.0040776
0.16487
5.2722e-06
7.105e-06
0.57403
12.935
0.93036
12.941
4.265
12.936
0.0013767
0.018884
0.0072874
0.025671
0.13779
0.12043
0.00092494
0.80824
0.19176
0.33669
0.084136
0.10511
0.47407
1.8977
0.0062715
-0.00045436
0.10284
0.52689
0.25918
-2.7146e+06
-47.8
0.0743
0.9717
129.43
8.5547
-85.526
1.3957
0.00040359
0.036689
0.023226
0.25454
0.12993
0.75333
0.00056839
0.00040982
7.2294e-06
0.096122
0.11635
0.98216
0.0091779
0.080038
0.98652
0.9913
0.0014156
0.0040654
0.98711
0.1822
0.0040776
0.16487
5.2964e-06
7.1396e-06
0.5741
12.933
0.93028
12.939
4.2646
12.933
0.0013626
0.018891
0.007251
0.01396
0.13779
0.12043
0.00092499
0.70585
0.29415
0.25422
0.10668
0.11637
0.52272
2.005
0.0058746
-0.00070892
0.10119
0.52527
1.6146
-1.9184e+05
-47.8
0.0743
0.9717
129.43
8.5547
-85.526
1.3958
0.00040381
0.036708
0.023244
0.25465
0.12998
0.75342
0.00056884
0.00040957
7.2294e-06
0.096112
0.11633
0.98216
0.0091779
0.080038
0.98652
0.9913
0.0014156
0.0040654
0.98711
0.1822
0.0040776
0.16487
5.306e-06
7.1542e-06
0.57416
12.931
0.93024
12.937
4.2644
12.932
0.0013622
0.018891
0.0072526
0.022891
0.13779
0.12043
0.00092507
0.71309
0.28691
0.25845
0.10507
0.11585
0.52064
1.9971
0.0058989
-0.00069323
0.10119
0.52568
0.35666
-1.4124e+05
