-85.745
1.3911
0.00036798
0.033545
0.021851
0.246
0.1278
0.748
0.00053291
0.00033516
6.9712e-06
0.097562
0.11934
0.98199
0.0090229
0.081007
0.98716
0.99163
0.001365
0.0040069
0.98703
0.18294
0.0040215
0.1661
4.9605e-06
6.5616e-06
0.56947
13.049
0.9339
13.053
4.2813
13.049
0.0011178
0.018947
0.00634
0.021963
0.13782
0.12034
0.00091159
0.94371
0.056288
0.4882
0.035802
0.083032
0.39297
1.9661
0.0070254
1.6379e-05
0.083038
0.44917
0.26006
-55920
-47.8
0.0743
0.9717
129.43
8.5547
-85.745
1.3911
0.00036753
0.033507
0.021844
0.24596
0.1278
0.74794
0.0005327
0.00033244
6.9712e-06
0.097597
0.11939
0.98199
0.0090229
0.081006
0.98716
0.99163
0.001365
0.0040069
0.98703
0.18294
0.0040215
0.1661
4.9647e-06
6.5656e-06
0.56942
13.049
0.9339
13.053
4.2813
13.049
0.0011101
0.01895
0.0063174
0.020165
0.13782
0.12034
0.00091153
0.96821
0.03179
0.58989
0.024424
0.065874
0.31981
1.8582
0.0070029
1.6786e-06
0.083389
0.45108
0.19208
-48978
-47.8
0.0743
0.9717
129.43
8.5547
-85.745
1.3912
0.00036817
0.033562
0.021869
0.24608
0.12784
0.74815
0.00053335
0.00033496
6.9712e-06
0.097618
0.1194
0.98199
0.0090229
0.081005
0.98716
0.99163
0.001365
0.0040069
0.98703
0.18294
0.0040215
0.1661
4.9722e-06
6.5751e-06
0.5694
13.048
0.93388
13.052
4.2812
13.049
0.0011174
0.018954
0.0063405
0.021666
0.13782
0.12034
0.00091161
0.9484
0.051595
0.50406
0.033873
0.080338
0.38173
1.9496
0.007031
1.9861e-05
0.083022
0.44935
0.24942
-54846
-47.8
0.0743
0.9717
129.43
8.5547
-85.745
1.3914
0.0003684
0.033583
0.021889
0.24617
0.12788
0.74831
0.00053386
0.00033508
6.9712e-06
0.097674
0.11946
0.98199
0.0090229
0.081004
0.98716
0.99163
0.001365
0.0040069
0.98703
0.18294
0.0040215
0.1661
4.9849e-06
6.5896e-06
0.56932
13.049
0.93389
13.053
4.2812
13.049
0.001118
0.018959
0.0063433
0.021805
0.13782
0.12033
0.00091164
0.94633
0.053667
0.49656
0.034733
0.081601
0.3871
1.9558
0.0070306
1.969e-05
0.083063
0.44957
0.25421
-55282
-47.8
0.0743
0.9717
129.43
8.5547
-85.745
1.3915
0.00036787
0.033539
0.021898
0.24617
0.12794
0.74842
0.00053405
0.00033142
6.9712e-06
0.097777
0.11962
0.98199
0.0090229
0.081003
0.98716
0.99163
0.001365
0.0040069
0.98703
0.18294
0.0040215
0.1661
5.0046e-06
6.6113e-06
0.56915
13.051
0.93396
13.055
4.2816
13.051
0.0011078
0.018966
0.0063144
0.020384
0.13782
0.12032
0.00091156
0.96601
0.033989
0.57529
0.02555
0.068321
0.33084
1.8733
0.007023
1.4535e-05
0.082914
0.45032
0.20222
-49961
-47.8
0.0743
0.9717
129.43
8.5547
-85.745
1.3913
0.00036686
0.033452
0.021876
0.24604
0.12794
0.74826
0.00053345
0.00032628
6.9712e-06
0.097845
0.11973
0.98199
0.0090229
0.081002
0.98716
0.99163
0.001365
0.0040069
0.98703
0.18294
0.0040215
0.1661
5.0096e-06
6.6142e-06
0.56902
13.053
0.93401
13.056
4.2818
13.053
0.0010928
0.018967
0.0062673
0.018615
0.13782
0.12032
0.00091151
0.98387
0.01613
0.68711
0.014666
0.04966
0.24856
1.7317
0.0069
-6.3919e-05
0.084171
0.45609
0.12993
-41687
-47.8
0.0743
0.9717
129.43
8.5547
-85.745
1.3917
0.00036777
0.033532
0.021918
0.24624
0.12801
0.74863
0.00053453
0.0003296
6.9712e-06
0.09787
0.11974
0.98199
0.0090229
0.081001
0.98716
0.99163
0.001365
0.0040069
0.98703
0.18294
0.0040215
0.1661
5.0246e-06
6.6339e-06
0.56901
13.052
0.93398
13.055
4.2816
13.052
0.0011029
0.018971
0.0063015
0.019912
0.13782
0.12032
0.00091169
0.97154
0.028456
0.60364
0.022518
0.063546
0.31029
1.8367
0.0070027
1.5052e-06
0.083232
0.45213
0.18288
-47771
-47.8
0.0743
0.9717
129.43
8.5547
-85.745
1.3917
0.00036808
0.033558
0.021922
0.24628
0.128
0.74869
0.00053466
0.00033108
6.9712e-06
0.097842
0.11969
0.98199
0.0090229
0.081
0.98716
0.99163
0.001365
0.0040069
0.98703
0.18294
0.0040215
0.1661
5.0217e-06
6.6317e-06
0.56907
13.049
0.93391
13.053
4.2813
13.05
0.0011073
0.018969
0.0063152
0.020327
0.13782
0.12032
0.00091191
0.9668
0.033203
0.57863
0.025132
0.067748
0.32849
1.8673
0.0070219
1.3807e-05
0.082976
0.45088
0.19966
-49623
-47.8
0.0743
0.9717
129.43
8.5547
-85.745
1.3915
0.0003674
0.033499
0.021883
0.24611
0.12793
0.74844
0.00053366
0.00032933
6.9712e-06
0.097782
0.11962
0.98199
0.0090229
0.080999
0.98716
0.99163
0.001365
0.0040069
0.98703
0.18294
0.0040215
0.1661
5.0041e-06
6.6107e-06
0.56916
13.047
0.93383
13.051
4.2809
13.047
0.0011019
0.01896
0.0062969
0.01965
0.13782
0.12033
0.00091213
0.97423
0.025768
0.62044
0.020959
0.060739
0.29786
1.8169
0.0069825
-1.1366e-05
0.083524
0.453
0.17172
-46563
-47.8
0.0743
0.9717
129.43
8.5547
-85.745
1.3912
0.00036689
0.033453
0.021838
0.24593
0.12783
0.74814
0.00053251
0.00032892
6.9712e-06
0.097676
0.11949
0.98199
0.0090229
0.080998
0.98716
0.99163
0.001365
0.0040069
0.98703
0.18294
0.0040215
0.1661
4.9776e-06
6.5802e-06
0.56932
13.043
0.9337
13.046
4.2804
13.043
0.0011002
0.018948
0.006289
0.019329
0.13782
0.12034
0.00091243
0.97733
0.022665
0.64121
0.019062
0.057282
0.28244
1.7926
0.0069556
-2.8504e-05
0.083832
0.45386
0.15836
-45105
-47.8
0.0743
0.9717
129.43
8.5547
-85.745
1.3913
0.00036756
0.033509
0.021829
0.24594
0.12776
0.74815
0.00053232
0.00033437
6.9712e-06
0.097539
0.11929
0.98199
0.0090229
0.080998
0.98716
0.99163
0.001365
0.0040069
0.98703
0.18293
0.0040215
0.1661
4.9543e-06
6.5557e-06
0.56956
13.037
0.93353
13.041
4.2796
13.038
0.0011156
0.018936
0.0063339
0.022473
0.13781
0.12035
0.00091288
0.93546
0.064541
0.4608
0.038887
0.08769
0.41262
1.9925
0.0070166
1.094e-05
0.082889
0.449
0.27861
-57679
-47.8
0.0743
0.9717
129.43
8.5547
-85.745
1.391
0.00036687
0.033448
0.021785
0.24577
0.12768
0.74785
0.00053121
0.0003323
6.9712e-06
0.097452
0.11918
0.98199
0.0090229
0.080997
0.98716
0.99163
0.001365
0.0040069
0.98703
0.18293
0.0040215
0.1661
4.933e-06
6.5312e-06
0.5697
13.034
0.93342
13.037
4.2791
13.034
0.0011095
0.018925
0.0063142
0.0203
0.13781
0.12036
0.00091313
0.96662
0.033385
0.5814
0.025272
0.067311
0.32602
1.8699
0.0070082
5.0597e-06
0.083158
0.45023
0.1981
-49670
-47.8
0.0743
0.9717
129.43
8.5547
-85.745
1.391
0.00036702
0.033459
0.02177
0.24572
0.12762
0.74781
0.00053083
0.00033486
6.9712e-06
0.097366
0.11907
0.98199
0.0090229
0.080996
0.98716
0.99163
0.001365
0.0040069
0.98703
0.18293
0.0040215
0.1661
4.9164e-06
6.5131e-06
0.56984
13.03
0.93331
13.034
4.2786
13.03
0.0011165
0.018915
0.0063335
0.022845
0.13781
0.12037
0.00091347
0.92847
0.071529
0.44202
0.041371
0.090912
0.4257
2.0132
0.0069993
-5.4932e-08
0.08294
0.44865
0.29138
-58995
-47.8
0.0743
0.9717
129.43
8.5547
-85.745
1.3908
0.00036627
0.033395
0.021743
0.24559
0.12759
0.74765
0.00053013
0.00033148
6.9712e-06
0.097348
0.11906
0.98199
0.0090229
0.080995
0.98716
0.99163
0.001365
0.0040069
0.98703
0.18293
0.0040215
0.1661
4.9105e-06
6.506e-06
0.56987
13.029
0.93327
13.032
4.2784
13.029
0.0011069
0.01891
0.0063049
0.020111
0.13781
0.12038
0.00091361
0.96877
0.031232
0.59271
0.024109
0.065417
0.31777
1.8574
0.0069955
-3.0552e-06
0.083228
0.45053
0.19051
-48886
-47.8
0.0743
0.9717
129.43
8.5547
-85.745
1.3909
0.0003666
0.033423
0.021747
0.24563
0.12758
0.74775
0.00053026
0.00033382
6.9712e-06
0.097313
0.119
0.98199
0.0090229
0.080995
0.98716
0.99163
0.001365
0.0040069
0.98703
0.18293
0.0040215
0.1661
4.9068e-06
6.503e-06
0.56994
13.026
0.9332
13.03
4.2781
13.027
0.0011136
0.018906
0.0063253
0.022104
0.13781
0.12038
0.00091389
0.94154
0.058462
0.47997
0.036603
0.084449
0.39898
1.9767
0.0070188
1.2217e-05
0.082743
0.44836
0.26609
-56573
-47.8
0.0743
0.9717
129.43
8.5547
-85.745
1.3908
0.00036605
0.033375
0.021724
0.24553
0.12754
0.74758
0.00052964
0.00033138
6.9712e-06
0.097295
0.11899
0.98199
0.0090229
0.080994
0.98716
0.99163
0.001365
0.0040069
0.98703
0.18293
0.0040215
0.1661
4.8995e-06
6.4939e-06
0.56997
13.025
0.93315
13.029
4.2779
13.025
0.0011065
0.018901
0.0063034
0.020129
0.13781
0.12039
0.00091405
0.96855
0.031448
0.59157
0.024225
0.065612
0.3186
1.8593
0.0069938
-4.1573e-06
0.083177
0.45034
0.19127
-48993
-47.8
0.0743
0.9717
129.43
8.5547
-85.745
1.3908
0.00036656
0.033419
0.02173
0.24558
0.12753
0.74767
0.00052983
0.00033453
6.9712e-06
0.097255
0.11892
0.98199
0.0090229
0.080993
0.98716
0.99163
0.001365
0.0040069
0.98703
0.18293
0.0040215
0.1661
4.8938e-06
6.4884e-06
0.57004
13.023
0.93308
13.026
4.2775
13.023
0.0011155
0.018897
0.0063299
0.022341
0.13781
0.12039
0.00091435
0.93739
0.062609
0.46791
0.038213
0.086501
0.40737
1.989
0.0070098
6.5439e-06
0.082869
0.44842
0.27397
-57371
-47.8
0.0743
0.9717
129.43
8.5547
-85.745
1.3909
0.00036646
0.03341
0.021731
0.24558
0.12754
0.74773
0.00052984
0.00033396
6.9712e-06
0.097264
0.11893
0.98199
0.0090229
0.080993
0.98716
0.99163
0.001365
0.0040069
0.98703
0.18293
0.0040215
0.1661
4.8968e-06
6.4921e-06
0.57003
13.022
0.93306
13.026
4.2774
13.022
0.001114
0.018896
0.006326
0.022017
0.13781
0.12039
0.00091452
0.94287
0.057129
0.4847
0.036094
0.083646
0.39556
1.9724
0.0070174
1.1276e-05
0.082767
0.44834
0.2628
-56281
-47.8
0.0743
0.9717
129.43
8.5547
-85.745
1.3908
0.0003656
0.033336
0.021714
0.24548
0.12754
0.74766
0.00052939
0.0003297
6.9712e-06
0.097302
0.11901
0.98199
0.0090229
0.080992
0.98716
0.99163
0.001365
0.0040069
0.98703
0.18293
0.0040215
0.1661
4.902e-06
6.4973e-06
0.56997
13.023
0.93308
13.026
4.2775
13.023
0.0011018
0.018895
0.0062901
0.020028
0.13781
0.12039
0.00091459
0.96987
0.030126
0.59659
0.023465
0.064768
0.31518
1.8529
0.0069912
-5.7914e-06
0.082963
0.45027
0.18814
-48617
-47.8
0.0743
0.9717
129.43
8.5547
-85.745
1.3907
0.00036509
0.033291
0.02169
0.24536
0.1275
0.7475
0.00052875
0.000328
6.9712e-06
0.097278
0.11899
0.98199
0.0090229
0.080991
0.98716
0.99163
0.001365
0.0040069
0.98703
0.18293
0.0040215
0.1661
4.8929e-06
6.4861e-06
0.57
13.021
0.93303
13.025
4.2773
13.021
0.0010967
0.018889
0.0062729
0.019341
0.13781
0.1204
0.00091479
0.97704
0.022958
0.63977
0.019238
0.057546
0.28345
1.7995
0.0069445
-3.5627e-05
0.083532
0.45255
0.15964
-45428
-47.8
0.0743
0.9717
129.43
8.5547
-85.745
1.3908
0.000366
0.033369
0.021698
0.24544
0.12747
0.7476
0.00052901
0.00033354
6.9712e-06
0.09719
0.11885
0.98199
0.0090229
0.080991
0.98716
0.99163
0.001365
0.0040069
0.98703
0.18293
0.0040215
0.1661
4.8801e-06
6.4732e-06
0.57016
13.017
0.93291
13.021
4.2767
13.018
0.0011125
0.018883
0.00632
0.022202
0.13781
0.12041
0.0009152
0.93989
0.060107
0.47468
0.037225
0.085359
0.40274
1.9835
0.0070137
8.9347e-06
0.082659
0.44796
0.26988
-56996
-47.8
0.0743
0.9717
129.43
8.5547
-85.745
1.3907
0.00036598
0.033367
0.021681
0.24539
0.12742
0.74749
0.00052859
0.00033452
6.9712e-06
0.097129
0.11876
0.98199
0.0090229
0.08099
0.98716
0.99163
0.001365
0.0040069
0.98703
0.18293
0.0040215
0.1661
4.8665e-06
6.4577e-06
0.57025
13.014
0.93283
13.018
4.2764
13.015
0.001115
0.018876
0.0063257
0.023174
0.13781
0.12041
0.00091551
0.92203
0.077975
0.42532
0.043471
0.093794
0.43741
2.0327
0.0069797
-1.2476e-05
0.082826
0.448
0.30303
-60212
-47.8
0.0743
0.9717
129.43
8.5547
-85.745
1.3906
0.00036513
0.033294
0.021662
0.24529
0.12742
0.74737
0.00052807
0.00032992
6.9712e-06
0.097152
0.11881
0.98199
0.0090229
0.08099
0.98716
0.99163
0.001365
0.0040069
0.98703
0.18293
0.0040215
0.1661
4.8693e-06
6.4605e-06
0.57022
13.014
0.93282
13.018
4.2763
13.015
0.001102
0.018874
0.006288
0.019805
0.13781
0.12041
0.0009156
0.97214
0.02786
0.61112
0.022201
0.062339
0.30434
1.8368
0.0069726
-1.7665e-05
0.083288
0.45097
0.17835
-47609
-47.8
0.0743
0.9717
129.43
8.5547
-85.745
1.3908
0.00036562
0.033337
0.021681
0.24538
0.12744
0.74759
0.00052856
0.00033229
6.9712e-06
0.097141
0.11879
0.98199
0.0090229
0.080989
0.98716
0.99163
0.001365
0.0040069
0.98703
0.18293
0.0040215
0.1661
4.8736e-06
6.4673e-06
0.57026
13.013
0.93277
13.017
4.2761
13.013
0.0011092
0.018872
0.0063112
0.021484
0.13781
0.12042
0.00091586
0.95122
0.048781
0.51258
0.032589
0.078936
0.3759
1.9466
0.0070237
1.516e-05
0.082434
0.44773
0.24477
-54551
-47.8
0.0743
0.9717
129.43
8.5547
-85.745
1.3906
0.00036527
0.033305
0.021659
0.2453
0.1274
0.74743
0.000528
0.000331
6.9712e-06
0.097104
0.11874
0.98199
0.0090229
0.080989
0.98716
0.99163
0.001365
0.0040069
0.98703
0.18293
0.0040215
0.1661
4.8637e-06
6.4557e-06
0.57031
13.011
0.93272
13.015
4.2758
13.011
0.0011053
0.018867
0.0062986
0.02028
0.13781
0.12042
0.00091609
0.96678
0.033222
0.58181
0.025165
0.067264
0.32576
1.8731
0.0069985
-1.1522e-06
0.082851
0.44925
0.19817
-49811
-47.8
0.0743
0.9717
129.43
8.5547
-85.745
1.3906
0.0003656
0.033333
0.021653
0.24529
0.12737
0.74743
0.00052788
0.00033388
6.9712e-06
0.097037
0.11864
0.98199
0.0090229
0.080988
0.98716
0.99163
0.001365
0.0040069
0.98703
0.18293
0.0040215
0.1661
4.8517e-06
6.4427e-06
0.57043
13.008
0.93263
13.012
4.2754
13.008
0.0011133
0.018859
0.0063213
0.022447
0.13781
0.12043
0.00091644
0.93554
0.064456
0.46211
0.038869
0.087507
0.41151
1.9969
0.0070045
3.1724e-06
0.082712
0.44785
0.27827
-57861
-47.8
0.0743
0.9717
129.43
8.5547
-85.745
1.3906
0.00036517
0.033296
0.021636
0.24521
0.12734
0.74737
0.00052744
0.00033269
6.9712e-06
0.097015
0.11863
0.98199
0.0090229
0.080988
0.98716
0.99163
0.001365
0.0040069
0.98703
0.18292
0.0040215
0.1661
4.8467e-06
6.437e-06
0.57046
13.007
0.93258
13.01
4.2752
13.007
0.0011098
0.018854
0.0063105
0.022031
0.13781
0.12043
0.00091667
0.94271
0.057287
0.48335
0.036108
0.0839
0.39665
1.977
0.0070174
1.1303e-05
0.082471
0.44742
0.26458
-56536
-47.8
0.0743
0.9717
129.43
8.5547
-85.745
1.3903
0.00036383
0.033179
0.021585
0.24496
0.12727
0.747
0.0005261
0.00032721
6.9713e-06
0.096993
0.11863
0.98199
0.0090229
0.080987
0.98716
0.99163
0.001365
0.0040069
0.98703
0.18292
0.0040215
0.1661
4.8335e-06
6.4199e-06
0.57048
13.006
0.93255
13.009
4.2751
13.006
0.0010937
0.018846
0.0062591
0.019094
0.13781
0.12044
0.00091682
0.97924
0.020759
0.65554
0.017827
0.054936
0.2717
1.7833
0.0069239
-4.8709e-05
0.083591
0.45253
0.15005
-44436
-47.8
0.0743
0.9717
129.43
8.5547
-85.745
1.3904
0.00036483
0.033265
0.021601
0.24507
0.12726
0.74718
0.00052656
0.00033308
6.9713e-06
0.096914
0.1185
0.98199
0.0090229
0.080987
0.98716
0.99163
0.001365
0.0040069
0.98703
0.18292
0.0040215
0.1661
4.825e-06
6.4125e-06
0.57063
13.002
0.93244
13.006
4.2746
13.002
0.0011105
0.018841
0.0063102
0.022569
0.1378
0.12045
0.00091725
0.93348
0.066517
0.45539
0.039566
0.08867
0.41637
2.0059
0.0070051
3.594e-06
0.08251
0.44717
0.28369
-58421
-47.8
0.0743
0.9717
129.43
8.5547
-85.745
1.3903
0.00036502
0.03328
0.021594
0.24506
0.12723
0.74711
0.00052638
0.00033441
6.9713e-06
0.096865
0.11843
0.98199
0.0090229
0.080987
0.98716
0.99163
0.001365
0.0040069
0.98703
0.18292
0.0040215
0.1661
4.8152e-06
6.4015e-06
0.57071
13
0.93236
13.003
4.2742
13
0.0011141
0.018836
0.0063199
0.023373
0.1378
0.12045
0.00091756
0.91783
0.082166
0.41553
0.044785
0.095498
0.44419
2.0454
0.0069728
-1.6791e-05
0.082755
0.44741
0.3104
-60994
-47.8
0.0743
0.9717
129.43
8.5547
-85.745
1.3904
0.00036474
0.033258
0.021599
0.24508
0.12726
0.74715
0.0005265
0.00033173
6.9713e-06
0.096911
0.11849
0.98199
0.0090229
0.080986
0.98716
0.99163
0.001365
0.0040069
0.98703
0.18292
0.0040215
0.1661
4.826e-06
6.4143e-06
0.57064
13
0.93238
13.004
4.2743
13
0.0011069
0.018839
0.0063009
0.020573
0.1378
0.12045
0.00091767
0.96311
0.036892
0.56411
0.027055
0.070267
0.33857
1.8977
0.0070171
1.0726e-05
0.082496
0.44757
0.21117
-51294
-47.8
0.0743
0.9717
129.43
8.5547
-85.745
1.3906
0.00036537
0.033313
0.02163
0.24522
0.12731
0.74741
0.00052728
0.00033397
6.9713e-06
0.096949
0.11853
0.98199
0.0090229
0.080986
0.98716
0.99163
0.001365
0.004007
0.98703
0.18292
0.0040215
0.1661
4.838e-06
6.4289e-06
0.57059
13
0.93238
13.004
4.2743
13.001
0.0011135
0.018841
0.0063216
0.022749
0.1378
0.12045
0.00091789
0.93012
0.069875
0.4466
0.040786
0.090157
0.42246
2.0123
0.0070016
1.4271e-06
0.082724
0.44782
0.28904
-58891
-47.8
0.0743
0.9717
129.43
8.5547
-85.745
1.3908
0.00036518
0.033298
0.021654
0.2453
0.1274
0.74764
0.00052786
0.00033121
6.9713e-06
0.097056
0.11868
0.98199
0.0090229
0.080985
0.98716
0.99163
0.001365
0.004007
0.98703
0.18292
0.0040215
0.1661
4.8624e-06
6.4571e-06
0.57043
13.003
0.93246
13.006
4.2747
13.003
0.0011062
0.018849
0.0063029
0.020986
0.1378
0.12044
0.00091792
0.95824
0.041757
0.53957
0.029382
0.074385
0.35666
1.9203
0.007035
2.2267e-05
0.082231
0.44747
0.22758
-52837
-47.8
0.0743
0.9717
129.43
8.5547
-85.745
1.3907
0.00036418
0.033213
0.02164
0.24519
0.12742
0.74756
0.00052746
0.00032575
6.9713e-06
0.097136
0.11881
0.98199
0.009023
0.080985
0.98716
0.99163
0.001365
0.004007
0.98703
0.18292
0.0040215
0.1661
4.873e-06
6.4675e-06
0.57029
13.005
0.93253
13.009
4.275
13.005
0.0010905
0.01885
0.006255
0.019055
0.1378
0.12044
0.00091795
0.97983
0.020165
0.65675
0.017423
0.054725
0.2711
1.7784
0.0069398
-3.8593e-05
0.083369
0.45285
0.14952
-44230
-47.8
0.0743
0.9717
129.43
8.5547
-85.745
1.3908
0.00036425
0.033219
0.021647
0.24523
0.12743
0.74764
0.00052763
0.00032589
6.9713e-06
0.097144
0.11882
0.98199
0.009023
0.080985
0.98716
0.99163
0.001365
0.004007
0.98703
0.18292
0.0040215
0.1661
4.8772e-06
6.4729e-06
0.57029
13.004
0.93251
13.008
4.2749
13.005
0.0010911
0.018849
0.0062576
0.019237
0.1378
0.12044
0.00091817
0.97819
0.021813
0.64471
0.018489
0.056727
0.28007
1.7936
0.0069589
-2.6434e-05
0.083159
0.45218
0.15732
-45115
-47.8
0.0743
0.9717
129.43
8.5547
-85.745
1.3908
0.00036487
0.033273
0.02165
0.24528
0.12741
0.74766
0.00052775
0.00032928
6.9713e-06
0.097069
0.1187
0.98199
0.009023
0.080984
0.98716
0.99163
0.001365
0.004007
0.98703
0.18292
0.0040215
0.1661
4.8666e-06
6.4625e-06
0.57043
13.001
0.9324
13.005
4.2744
13.001
0.0011008
0.018844
0.0062875
0.020119
0.1378
0.12044
0.00091856
0.96887
0.03113
0.59036
0.024001
0.065825
0.31981
1.8621
0.0070155
9.7221e-06
0.082658
0.4494
0.19326
-49192
-47.8
0.0743
0.9717
129.43
8.5547
-85.745
1.3907
0.00036546
0.033321
0.021637
0.24528
0.12734
0.74753
0.00052747
0.00033353
6.9713e-06
0.096949
0.11852
0.98199
0.009023
0.080984
0.98716
0.99163
0.001365
0.004007
0.98703
0.18292
0.0040215
0.1661
4.8437e-06
6.4371e-06
0.57062
12.996
0.93225
13
4.2737
12.997
0.0011126
0.018835
0.006321
0.021938
0.1378
0.12045
0.000919
0.94407
0.055934
0.48883
0.035616
0.082958
0.39259
1.97
0.0070348
2.2368e-05
0.08267
0.448
0.26104
-56133
-47.8
0.0743
0.9717
129.43
8.5547
-85.745
1.3906
0.00036551
0.033325
0.021622
0.24523
0.12729
0.7474
0.00052708
0.00033467
6.9713e-06
0.096885
0.11843
0.98199
0.009023
0.080984
0.98716
0.99163
0.001365
0.004007
0.98703
0.18292
0.0040215
0.1661
4.8298e-06
6.4213e-06
0.57072
12.994
0.93217
12.997
4.2734
12.994
0.0011156
0.018829
0.0063284
0.0224
0.1378
0.12046
0.00091932
0.93615
0.06385
0.46507
0.038699
0.087
0.40923
1.9938
0.0070243
1.5776e-05
0.082871
0.44812
0.2769
-57696
-47.8
0.0743
0.9717
129.43
8.5547
-85.745
1.3907
0.00036547
0.033322
0.021632
0.24527
0.12732
0.74751
0.00052734
0.00033384
6.9713e-06
0.096924
0.11848
0.98199
0.009023
0.080984
0.98716
0.99163
0.001365
0.004007
0.98703
0.18292
0.0040215
0.1661
4.8398e-06
6.4332e-06
0.57067
12.994
0.93219
12.998
4.2734
12.994
0.0011134
0.018831
0.0063232
0.022184
0.1378
0.12046
0.00091947
0.94002
0.059981
0.47589
0.037207
0.085157
0.40175
1.9826
0.0070346
2.2333e-05
0.082726
0.44806
0.26989
-56977
-47.8
0.0743
0.9717
129.43
8.5547
-85.745
1.3908
0.00036497
0.033281
0.021647
0.2453
0.1274
0.74765
0.00052768
0.00032942
6.9713e-06
0.097038
0.11865
0.98199
0.009023
0.080984
0.98716
0.99163
0.001365
0.004007
0.98703
0.18292
0.0040215
0.1661
4.8632e-06
6.4596e-06
0.57049
12.997
0.93228
13.001
4.2738
12.997
0.0011012
0.018838
0.0062887
0.019752
0.1378
0.12045
0.00091944
0.97279
0.027211
0.61379
0.021812
0.06189
0.3025
1.8329
0.0070032
1.8733e-06
0.083182
0.45105
0.17754
-47438
-47.8
0.0743
0.9717
129.43
8.5547
-85.745
1.3912
0.00036543
0.033323
0.021694
0.24548
0.12751
0.74807
0.00052886
0.00032995
6.9713e-06
0.097147
0.11879
0.98199
0.009023
0.080983
0.98716
0.99163
0.001365
0.004007
0.98703
0.18292
0.0040215
0.1661
4.8923e-06
6.4942e-06
0.57033
13
0.93236
13.003
4.2742
13
0.0011033
0.018847
0.0062985
0.020703
0.1378
0.12044
0.00091949
0.96219
0.037813
0.55469
0.027431
0.071833
0.34605
1.9025
0.0070575
3.661e-05
0.082048
0.44775
0.21827
-51759
-47.8
0.0743
0.9717
129.43
8.5547
-85.745
1.3911
0.00036444
0.033238
0.021677
0.24536
0.12751
0.74793
0.00052838
0.00032466
6.9713e-06
0.097225
0.11892
0.98199
0.009023
0.080983
0.98716
0.99163
0.001365
0.004007
0.98703
0.18292
0.0040215
0.1661
4.9003e-06
6.5008e-06
0.57018
13.002
0.93243
13.006
4.2746
13.002
0.0010879
0.018849
0.0062503
0.018801
0.1378
0.12044
0.00091947
0.98221
0.017789
0.67275
0.015815
0.052065
0.25937
1.7557
0.0069458
-3.4749e-05
0.083439
0.45381
0.14003
-42997
-47.8
0.0743
0.9717
129.43
8.5547
-85.745
1.3911
0.0003644
0.033235
0.021684
0.24538
0.12754
0.748
0.00052855
0.00032413
6.9713e-06
0.097258
0.11897
0.98199
0.009023
0.080983
0.98716
0.99163
0.001365
0.004007
0.98703
0.18292
0.0040215
0.1661
4.9075e-06
6.509e-06
0.57013
13.002
0.93245
13.006
4.2746
13.003
0.0010865
0.018851
0.0062467
0.018879
0.1378
0.12044
0.00091958
0.9816
0.018401
0.66688
0.016229
0.053038
0.26386
1.7631
0.0069594
-2.6078e-05
0.083221
0.45334
0.14393
-43425
-47.8
0.0743
0.9717
129.43
8.5547
-85.745
1.3911
0.00036484
0.033273
0.021689
0.24544
0.12753
0.74799
0.0005287
0.00032596
6.9713e-06
0.097225
0.1189
0.98199
0.009023
0.080983
0.98716
0.99163
0.001365
0.004007
0.98703
0.18292
0.0040215
0.1661
4.9026e-06
6.5041e-06
0.57019
13.001
0.93239
13.004
4.2744
13.001
0.0010917
0.01885
0.0062626
0.019
0.1378
0.12044
0.0009198
0.98043
0.019567
0.66039
0.017027
0.054114
0.26847
1.7715
0.0069672
-2.1096e-05
0.083467
0.4535
0.14775
-43897
-47.8
0.0743
0.9717
129.43
8.5547
-85.745
1.3913
0.00036625
0.033395
0.021725
0.24565
0.12755
0.74825
0.00052967
0.00033244
6.9713e-06
0.097171
0.1188
0.98199
0.009023
0.080983
0.98716
0.99163
0.001365
0.004007
0.98703
0.18292
0.0040215
0.1661
4.9018e-06
6.5061e-06
0.57031
12.998
0.9323
13.002
4.274
12.998
0.0011106
0.01885
0.0063214
0.02158
0.1378
0.12044
0.00092012
0.95002
0.049975
0.50733
0.033099
0.079804
0.37977
1.9472
0.0070667
4.2687e-05
0.082554
0.44871
0.2491
-54749
-47.8
0.0743
0.9717
129.43
8.5547
-85.745
1.3913
0.00036612
0.033384
0.021723
0.24564
0.12756
0.74821
0.0005296
0.00033127
6.9713e-06
0.097177
0.1188
0.98199
0.009023
0.080983
0.98716
0.99163
0.001365
0.004007
0.98703
0.18292
0.0040215
0.1661
4.903e-06
6.5075e-06
0.5703
12.998
0.93229
13.001
4.2739
12.998
0.0011074
0.01885
0.0063125
0.020545
0.1378
0.12044
0.00092021
0.96393
0.036069
0.56505
0.026605
0.070078
0.33826
1.8898
0.0070629
3.9991e-05
0.082484
0.44875
0.21112
-50979
-47.8
0.0743
0.9717
129.43
8.5547
-85.745
1.3912
0.00036552
0.033332
0.02171
0.24557
0.12755
0.7481
0.00052925
0.00032805
6.9713e-06
0.097213
0.11886
0.98199
0.009023
0.080983
0.98716
0.99163
0.001365
0.004007
0.98703
0.18292
0.0040215
0.1661
4.9058e-06
6.5094e-06
0.57023
12.999
0.93233
13.002
4.2741
12.999
0.001098
0.018851
0.0062834
0.019247
0.1378
0.12044
0.0009202
0.97806
0.021939
0.64566
0.01859
0.056557
0.27919
1.7894
0.0069889
-7.2428e-06
0.083619
0.45341
0.15686
-44941
-47.8
0.0743
0.9717
129.43
8.5547
-85.745
1.3915
0.00036611
0.033384
0.021749
0.24573
0.12763
0.74845
0.00053024
0.00032996
6.9713e-06
0.097271
0.11893
0.98199
0.009023
0.080983
0.98716
0.99163
0.001365
0.004007
0.98703
0.18292
0.0040215
0.1661
4.925e-06
6.5329e-06
0.57016
13
0.93237
13.004
4.2743
13
0.001104
0.018857
0.0063042
0.02054
0.1378
0.12043
0.00092023
0.96427
0.03573
0.56433
0.026392
0.070198
0.33908
1.8895
0.0070716
4.5566e-05
0.082226
0.44856
0.21195
-50993
-47.8
0.0743
0.9717
129.43
8.5547
-85.745
1.3914
0.00036527
0.033312
0.021732
0.24562
0.12763
0.74833
0.00052978
0.00032579
6.9713e-06
0.097328
0.11903
0.98199
0.009023
0.080983
0.98716
0.99163
0.001365
0.004007
0.98703
0.18292
0.0040215
0.1661
4.9299e-06
6.5364e-06
0.57005
13.002
0.93244
13.006
4.2746
13.002
0.0010918
0.018858
0.0062658
0.01906
0.1378
0.12043
0.00092012
0.97999
0.020009
0.6561
0.017317
0.054819
0.27177
1.775
0.0069843
-1.0201e-05
0.083383
0.45358
0.15053
-44139
-47.8
0.0743
0.9717
129.43
8.5547
-85.745
1.3914
0.00036475
0.033267
0.021724
0.24555
0.12764
0.74829
0.00052955
0.00032345
6.9713e-06
0.097368
0.1191
0.98199
0.009023
0.080983
0.98716
0.99163
0.001365
0.004007
0.98703
0.18292
0.0040215
0.1661
4.9344e-06
6.5404e-06
0.56997
13.004
0.93248
13.008
4.2748
13.004
0.0010849
0.018859
0.0062443
0.018668
0.1378
0.12043
0.00092005
0.98347
0.016532
0.68054
0.014932
0.050768
0.25376
1.7433
0.0069547
-2.9036e-05
0.083353
0.45429
0.13559
-42352
