-85.789
1.3913
0.00035797
0.032681
0.021783
0.24484
0.12813
0.74823
0.00053075
0.00028994
6.9204e-06
0.097391
0.11961
0.98274
0.0089835
0.079446
0.98727
0.99166
0.0013549
0.0039957
0.98739
0.18425
0.0040143
0.16591
5.0875e-06
6.7577e-06
0.57049
13.07
0.93455
13.073
4.2843
13.07
0.00098022
0.018616
0.0058896
-0.0091697
0.13776
0.12067
0.00094254
0.98468
0.015318
0.80751
0.014021
0.030969
0.1475
1.8242
0.0070342
1.5248e-05
0.074221
0.43327
-19.672
-25031
-47.8
0.0743
0.9717
129.43
8.5547
-85.789
1.3923
0.00036055
0.032909
0.021909
0.24547
0.12834
0.74935
0.00053401
0.0002973
6.9204e-06
0.097442
0.11961
0.98274
0.0089835
0.079445
0.98727
0.99166
0.0013549
0.0039957
0.98739
0.18425
0.0040143
0.16591
5.134e-06
6.8207e-06
0.57054
13.067
0.93447
13.071
4.2839
13.067
0.0010042
0.018631
0.0059867
-0.0081257
0.13776
0.12066
0.00094269
0.96355
0.036449
0.68557
0.028364
0.051456
0.23461
1.9532
0.0072182
0.00013305
0.075113
0.43661
-16.019
-38544
-47.8
0.0743
0.9717
129.43
8.5547
-85.789
1.3924
0.00036126
0.032972
0.021934
0.24562
0.12838
0.74951
0.00053466
0.00029891
6.9204e-06
0.097428
0.11956
0.98274
0.0089835
0.079444
0.98727
0.99166
0.0013549
0.0039957
0.98739
0.18425
0.0040143
0.16591
5.1399e-06
6.8301e-06
0.5706
13.064
0.93438
13.068
4.2835
13.064
0.0010092
0.018632
0.0060048
-0.01231
0.13776
0.12066
0.00094305
0.96501
0.034991
0.69475
0.027539
0.049855
0.22786
1.9421
0.0071953
0.00011852
0.075472
0.43746
-16.468
-37541
-47.8
0.0743
0.9717
129.43
8.5547
-85.789
1.3923
0.00036097
0.032946
0.021917
0.24555
0.12835
0.74937
0.00053422
0.00029786
6.9204e-06
0.097406
0.11953
0.98274
0.0089835
0.079443
0.98727
0.99166
0.0013549
0.0039957
0.98739
0.18425
0.0040143
0.16591
5.133e-06
6.8219e-06
0.57063
13.062
0.93431
13.066
4.2832
13.062
0.0010058
0.018625
0.0059904
-0.023817
0.13776
0.12067
0.00094359
0.97282
0.027179
0.7365
0.022611
0.042794
0.19809
1.9023
0.0071321
7.8154e-05
0.075221
0.43683
-18.135
-33591
-47.8
0.0743
0.9717
129.43
8.5547
-85.789
1.3925
0.00036095
0.032944
0.02192
0.24555
0.12835
0.74958
0.00053429
0.00029849
6.9204e-06
0.097398
0.11954
0.98274
0.0089835
0.079443
0.98727
0.99166
0.0013549
0.0039957
0.98739
0.18425
0.0040143
0.16591
5.135e-06
6.8251e-06
0.57065
13.06
0.93426
13.064
4.2829
13.061
0.0010082
0.018617
0.0060023
-0.0078864
0.13775
0.12067
0.00094445
0.96302
0.036983
0.68532
0.028722
0.051491
0.23447
1.9523
0.0072084
0.00012688
0.075405
0.43733
-16.053
-38455
-47.8
0.0743
0.9717
129.43
8.5547
-85.789
1.3921
0.00035909
0.03278
0.02184
0.24513
0.12822
0.74917
0.00053222
0.00029439
6.9204e-06
0.097361
0.11956
0.98274
0.0089835
0.079442
0.98727
0.99166
0.0013549
0.0039957
0.98739
0.18425
0.0040143
0.16591
5.1094e-06
6.7908e-06
0.57064
13.06
0.93424
13.063
4.2828
13.06
0.00099539
0.018599
0.0059555
-0.011474
0.13775
0.12069
0.00094546
0.96683
0.033174
0.70363
0.026405
0.048461
0.2215
1.9438
0.0071905
0.00011539
0.074492
0.43511
-16.465
-37515
-47.8
0.0743
0.9717
129.43
8.5547
-85.789
1.3904
0.00035445
0.032369
0.021584
0.2439
0.12776
0.74714
0.00052569
0.0002834
6.9204e-06
0.097169
0.11943
0.98274
0.0089835
0.079441
0.98727
0.99166
0.0013549
0.0039957
0.98739
0.18425
0.0040143
0.16591
5.0031e-06
6.652e-06
0.57073
13.058
0.93418
13.061
4.2825
13.058
0.00095909
0.018548
0.0058032
0.025803
0.13775
0.12074
0.00094681
0.98923
0.010771
0.84427
0.010301
0.024937
0.12049
1.7829
0.0069666
-2.7926e-05
0.07327
0.43002
-19.218
-19772
-47.8
0.0743
0.9717
129.43
8.5547
-85.789
1.39
0.00035338
0.032274
0.021516
0.24358
0.12762
0.74675
0.00052393
0.0002819
6.9204e-06
0.097082
0.11935
0.98274
0.0089835
0.07944
0.98727
0.99166
0.0013549
0.0039957
0.98739
0.18425
0.0040143
0.16591
4.9697e-06
6.6098e-06
0.57081
13.055
0.93409
13.058
4.2822
13.055
0.00095414
0.018526
0.0057804
0.046017
0.13775
0.12076
0.00094793
0.99061
0.0093872
0.85745
0.009109
0.022783
0.11066
1.7655
0.0069372
-4.6699e-05
0.073098
0.42904
-18.775
-17418
-47.8
0.0743
0.9717
129.43
8.5547
-85.789
1.3916
0.0003564
0.032542
0.021684
0.24436
0.12791
0.74858
0.00052825
0.00029204
6.9204e-06
0.097159
0.1194
0.98274
0.0089835
0.079439
0.98727
0.99166
0.0013549
0.0039957
0.98739
0.18425
0.0040143
0.16591
5.0375e-06
6.7009e-06
0.57084
13.053
0.93403
13.056
4.2819
13.053
0.00098818
0.018542
0.0059233
0.021737
0.13775
0.12075
0.00094861
0.9447
0.055296
0.59516
0.037966
0.068267
0.2986
2.045
0.0073971
0.00024576
0.073977
0.43266
-13.754
-45936
-47.8
0.0743
0.9717
129.43
8.5547
-85.789
1.3899
0.00035254
0.0322
0.021473
0.24337
0.12754
0.74663
0.00052286
0.00028066
6.9204e-06
0.097007
0.11929
0.98274
0.0089835
0.079438
0.98727
0.99166
0.0013549
0.0039957
0.98739
0.18424
0.0040143
0.16591
4.953e-06
6.5908e-06
0.57093
13.05
0.93395
13.054
4.2815
13.051
0.00095017
0.018507
0.005766
0.02884
0.13774
0.12078
0.00094928
0.98986
0.01014
0.85071
0.0097561
0.023899
0.11563
1.7812
0.0069588
-3.2927e-05
0.072715
0.42817
-19.183
-19415
-47.8
0.0743
0.9717
129.43
8.5547
-85.789
1.3893
0.00035169
0.032123
0.021402
0.2431
0.12739
0.74595
0.00052105
0.00027872
6.9204e-06
0.096898
0.11914
0.98274
0.0089835
0.079438
0.98727
0.99166
0.0013549
0.0039957
0.98739
0.18424
0.0040143
0.16591
4.914e-06
6.5425e-06
0.57107
13.047
0.93383
13.05
4.281
13.047
0.00094378
0.018487
0.005737
0.097526
0.13774
0.1208
0.00094984
0.99285
0.0071537
0.87916
0.0071195
0.019242
0.094481
1.7317
0.0068855
-7.9533e-05
0.072626
0.42736
-17.389
-12535
-47.8
0.0743
0.9717
129.43
8.5547
-85.789
1.3916
0.00035676
0.032574
0.021697
0.2445
0.12795
0.74852
0.00052858
0.00029054
6.9204e-06
0.097111
0.1193
0.98274
0.0089835
0.079437
0.98727
0.99166
0.0013549
0.0039957
0.98739
0.18424
0.0040143
0.16591
5.0427e-06
6.7123e-06
0.57101
13.045
0.9338
13.049
4.2808
13.046
0.00098314
0.018541
0.0059071
-0.020562
0.13774
0.12075
0.00094924
0.97427
0.025732
0.74582
0.021611
0.041359
0.19121
1.9122
0.0071296
7.6555e-05
0.073608
0.43255
-17.857
-34218
-47.8
0.0743
0.9717
129.43
8.5547
-85.789
1.3924
0.00035959
0.032824
0.021812
0.24513
0.12812
0.74943
0.00053155
0.00029838
6.9204e-06
0.097108
0.11919
0.98274
0.0089835
0.079436
0.98727
0.99166
0.0013549
0.0039957
0.98739
0.18424
0.0040143
0.1659
5.0741e-06
6.7574e-06
0.57113
13.041
0.93367
13.045
4.2802
13.042
0.0010083
0.018551
0.0060022
0.015517
0.13774
0.12074
0.00094923
0.94967
0.050329
0.62454
0.035896
0.062223
0.27734
2.0087
0.0073063
0.00018899
0.075424
0.4368
-14.048
-43314
-47.8
0.0743
0.9717
129.43
8.5547
-85.789
1.392
0.00035847
0.032725
0.021761
0.24489
0.12804
0.74898
0.00053024
0.00029481
6.9204e-06
0.097082
0.11918
0.98274
0.0089835
0.079435
0.98727
0.99166
0.0013549
0.0039957
0.98739
0.18424
0.0040143
0.1659
5.0577e-06
6.7362e-06
0.57115
13.04
0.93364
13.044
4.2801
13.041
0.00099688
0.018548
0.0059603
-0.0097907
0.13774
0.12074
0.00094907
0.96647
0.033526
0.70532
0.026668
0.048222
0.21979
1.9454
0.0071866
0.00011286
0.074602
0.43508
-16.419
-37548
-47.8
0.0743
0.9717
129.43
8.5547
-85.789
1.3906
0.00035514
0.03243
0.021579
0.24404
0.12772
0.74741
0.00052558
0.00028591
6.9204e-06
0.096951
0.11908
0.98274
0.0089835
0.079435
0.98727
0.99166
0.0013549
0.0039957
0.98739
0.18424
0.0040143
0.1659
4.9834e-06
6.639e-06
0.57122
13.039
0.93361
13.043
4.2799
13.04
0.00096738
0.018518
0.0058369
0.024157
0.13774
0.12077
0.00094923
0.98846
0.01154
0.83928
0.010953
0.025752
0.12402
1.787
0.0069807
-1.8944e-05
0.073822
0.4315
-19.243
-20303
-47.8
0.0743
0.9717
129.43
8.5547
-85.789
1.3912
0.00035579
0.032488
0.021639
0.24428
0.12784
0.74804
0.00052708
0.00028726
6.9204e-06
0.09701
0.11916
0.98274
0.0089835
0.079434
0.98727
0.99166
0.0013549
0.0039957
0.98739
0.18424
0.0040143
0.1659
5.0167e-06
6.6827e-06
0.57119
13.039
0.9336
13.043
4.2799
13.039
0.00097215
0.018531
0.0058634
-0.016736
0.13774
0.12076
0.00094905
0.98292
0.017078
0.79689
0.015378
0.032769
0.15497
1.8484
0.0070638
3.4275e-05
0.073498
0.43181
-19.553
-27580
-47.8
0.0743
0.9717
129.43
8.5547
-85.789
1.3916
0.00035703
0.032598
0.021686
0.24455
0.12791
0.74851
0.0005283
0.00029115
6.9204e-06
0.096981
0.11908
0.98274
0.0089835
0.079433
0.98727
0.99166
0.0013549
0.0039957
0.98739
0.18424
0.0040143
0.1659
5.027e-06
6.6994e-06
0.5713
13.036
0.9335
13.039
4.2795
13.036
0.00098485
0.018534
0.0059129
-0.022932
0.13774
0.12076
0.0009492
0.97853
0.021474
0.77101
0.018651
0.037081
0.17326
1.8788
0.0070949
5.4319e-05
0.074005
0.43329
-18.975
-30863
-47.8
0.0743
0.9717
129.43
8.5547
-85.789
1.3916
0.00035781
0.032665
0.021677
0.24459
0.12783
0.74859
0.00052813
0.00029672
6.9204e-06
0.096847
0.11887
0.98274
0.0089835
0.079433
0.98727
0.99166
0.0013549
0.0039957
0.98739
0.18424
0.0040143
0.1659
5.0009e-06
6.6708e-06
0.57153
13.031
0.93334
13.034
4.2787
13.031
0.0010025
0.018519
0.0059755
0.021835
0.13774
0.12077
0.0009498
0.94315
0.056852
0.59409
0.038863
0.067918
0.29913
2.0388
0.0073771
0.00023362
0.074993
0.43504
-13.699
-45570
-47.8
0.0743
0.9717
129.43
8.5547
-85.789
1.3901
0.0003548
0.032397
0.021494
0.24375
0.12749
0.74683
0.00052344
0.00028791
6.9204e-06
0.096693
0.11871
0.98274
0.0089835
0.079432
0.98727
0.99166
0.0013549
0.0039957
0.98739
0.18424
0.0040143
0.1659
4.9196e-06
6.5652e-06
0.57163
13.028
0.93326
13.032
4.2784
13.028
0.00097307
0.018489
0.0058499
0.038021
0.13774
0.1208
0.00095019
0.98914
0.01086
0.84929
0.010377
0.024117
0.11621
1.7754
0.0069508
-3.7999e-05
0.074374
0.43162
-18.938
-18681
-47.8
0.0743
0.9717
129.43
8.5547
-85.789
1.3918
0.00035809
0.03269
0.021698
0.24469
0.12788
0.74873
0.00052864
0.00029639
6.9204e-06
0.096875
0.11889
0.98274
0.0089835
0.079431
0.98727
0.99166
0.0013549
0.0039957
0.98739
0.18424
0.0040143
0.1659
5.0126e-06
6.686e-06
0.57152
13.029
0.93329
13.033
4.2785
13.029
0.0010019
0.018523
0.0059765
0.013561
0.13774
0.12077
0.00095007
0.95319
0.04681
0.64165
0.034148
0.059508
0.26469
2.0021
0.0073063
0.00018852
0.074965
0.43534
-14.262
-42600
-47.8
0.0743
0.9717
129.43
8.5547
-85.789
1.3921
0.00035837
0.032717
0.021747
0.24487
0.12801
0.74909
0.00052987
0.00029486
6.9204e-06
0.097001
0.11906
0.98274
0.0089835
0.079431
0.98727
0.99166
0.0013549
0.0039957
0.98739
0.18424
0.0040143
0.1659
5.0484e-06
6.729e-06
0.57134
13.031
0.93336
13.035
4.2788
13.032
0.00099725
0.018537
0.005963
-0.011644
0.13774
0.12075
0.00094992
0.96777
0.032233
0.71279
0.025882
0.046948
0.21438
1.9378
0.0071795
0.00010834
0.074632
0.43531
-16.722
-36826
-47.8
0.0743
0.9717
129.43
8.5547
-85.789
1.3914
0.00035633
0.032536
0.021662
0.24443
0.12789
0.74833
0.00052768
0.00028842
6.9204e-06
0.09702
0.11914
0.98274
0.0089835
0.07943
0.98727
0.99166
0.0013549
0.0039957
0.98739
0.18424
0.0040143
0.1659
5.0264e-06
6.6963e-06
0.57122
13.033
0.93342
13.037
4.2791
13.034
0.00097607
0.01853
0.0058794
-0.016295
0.13774
0.12076
0.00095003
0.9823
0.017703
0.79349
0.015859
0.033329
0.15733
1.8508
0.0070684
3.7356e-05
0.073753
0.43258
-19.517
-27867
-47.8
0.0743
0.9717
129.43
8.5547
-85.789
1.3908
0.00035482
0.032403
0.021581
0.24404
0.12774
0.74763
0.00052561
0.00028445
6.9204e-06
0.096995
0.11914
0.98274
0.0089835
0.07943
0.98727
0.99166
0.0013549
0.0039957
0.98739
0.18424
0.0040143
0.1659
4.9946e-06
6.6526e-06
0.57117
13.034
0.93343
13.037
4.2792
13.034
0.00096306
0.018515
0.0058237
0.025236
0.13774
0.12077
0.00095041
0.98859
0.011408
0.83834
0.010842
0.025902
0.12492
1.7873
0.0069878
-1.4162e-05
0.073518
0.43118
-19.257
-20363
-47.8
0.0743
0.9717
129.43
8.5547
-85.789
1.3918
0.00035641
0.032545
0.021699
0.24454
0.12798
0.74873
0.0005286
0.00028771
6.9204e-06
0.09714
0.11932
0.98274
0.0089835
0.079429
0.98727
0.99166
0.0013549
0.0039957
0.98739
0.18423
0.0040143
0.1659
5.0562e-06
6.7307e-06
0.57103
13.035
0.93348
13.039
4.2794
13.036
0.00097444
0.018539
0.0058786
-0.020102
0.13774
0.12075
0.00095038
0.98041
0.019589
0.77989
0.01726
0.035601
0.16725
1.8683
0.0070899
5.132e-05
0.073432
0.4325
-19.234
-29791
-47.8
0.0743
0.9717
129.43
8.5547
-85.789
1.3918
0.00035652
0.032555
0.021705
0.24457
0.12799
0.74881
0.00052874
0.00028824
6.9204e-06
0.097146
0.11932
0.98274
0.0089835
0.079429
0.98727
0.99166
0.0013549
0.0039957
0.98739
0.18423
0.0040143
0.1659
5.0583e-06
6.7334e-06
0.57102
13.035
0.93346
13.038
4.2793
13.035
0.0009764
0.018538
0.0058872
-0.021241
0.13774
0.12075
0.00095069
0.97814
0.021862
0.76629
0.018908
0.037891
0.17691
1.8863
0.007109
6.3612e-05
0.073355
0.43251
-18.767
-31662
-47.8
0.0743
0.9717
129.43
8.5547
-85.789
1.3906
0.00035444
0.032369
0.021551
0.2439
0.12768
0.74743
0.00052484
0.00028384
6.9204e-06
0.096975
0.11912
0.98274
0.0089835
0.079428
0.98727
0.99166
0.0013549
0.0039957
0.98739
0.18423
0.0040143
0.1659
4.9794e-06
6.6322e-06
0.57116
13.031
0.93336
13.035
4.2788
13.032
0.0009612
0.018504
0.0058135
0.054027
0.13774
0.12078
0.00095139
0.99032
0.0096838
0.85445
0.009372
0.023259
0.11292
1.7627
0.0069484
-3.9136e-05
0.073627
0.43096
-18.623
-17099
-47.8
0.0743
0.9717
129.43
8.5547
-85.789
1.3918
0.00035655
0.032557
0.021694
0.24454
0.12796
0.74881
0.00052849
0.00028928
6.9204e-06
0.097103
0.11927
0.98274
0.0089835
0.079428
0.98727
0.99166
0.0013549
0.0039957
0.98739
0.18423
0.0040143
0.1659
5.0493e-06
6.7234e-06
0.57109
13.032
0.93337
13.035
4.2789
13.032
0.00097989
0.018532
0.0059006
-0.015757
0.13774
0.12076
0.00095123
0.97282
0.027179
0.73688
0.022573
0.042926
0.19762
1.9214
0.0071559
9.3419e-05
0.073391
0.43272
-17.45
-35170
-47.8
0.0743
0.9717
129.43
8.5547
-85.789
1.3911
0.00035538
0.032453
0.021613
0.2442
0.1278
0.74801
0.00052643
0.00028572
6.9204e-06
0.097018
0.11916
0.98274
0.0089835
0.079427
0.98727
0.99166
0.0013549
0.0039957
0.98739
0.18423
0.0040143
0.1659
5.0101e-06
6.6733e-06
0.57117
13.03
0.9333
13.033
4.2786
13.03
0.00096739
0.018515
0.0058422
0.014644
0.13774
0.12078
0.00095148
0.98743
0.012568
0.82927
0.011806
0.027393
0.13153
1.7994
0.0070092
-3.9625e-07
0.073698
0.43188
-19.464
-21918
-47.8
0.0743
0.9717
129.43
8.5547
-85.789
1.3917
0.00035647
0.03255
0.021682
0.24452
0.12794
0.74865
0.00052818
0.00028821
6.9204e-06
0.097064
0.11919
0.98274
0.0089835
0.079427
0.98727
0.99166
0.0013549
0.0039957
0.98739
0.18423
0.0040143
0.1659
5.0419e-06
6.7158e-06
0.57117
13.029
0.93327
13.032
4.2784
13.029
0.00097577
0.018526
0.0058812
-0.01607
0.13774
0.12076
0.00095142
0.98196
0.018045
0.79021
0.016115
0.03387
0.1598
1.8534
0.0070783
4.387e-05
0.073679
0.4328
-19.481
-28210
-47.8
0.0743
0.9717
129.43
8.5547
-85.789
1.3921
0.00035725
0.032619
0.021721
0.24472
0.128
0.7491
0.00052917
0.00029095
6.9204e-06
0.097057
0.11917
0.98274
0.0089835
0.079427
0.98727
0.99166
0.0013549
0.0039958
0.98739
0.18423
0.0040143
0.1659
5.0551e-06
6.735e-06
0.57124
13.027
0.93322
13.031
4.2782
13.027
0.00098512
0.018528
0.0059211
-0.016399
0.13774
0.12076
0.00095157
0.97254
0.027459
0.73435
0.022759
0.043291
0.1996
1.9183
0.007162
9.7387e-05
0.073766
0.43381
-17.533
-34982
-47.8
0.0743
0.9717
129.43
8.5547
-85.789
1.391
0.0003549
0.03241
0.021571
0.24405
0.12771
0.74783
0.00052536
0.00028555
6.9204e-06
0.096884
0.11898
0.98274
0.0089835
0.079426
0.98727
0.99166
0.0013549
0.0039958
0.98739
0.18423
0.0040143
0.1659
4.9842e-06
6.6454e-06
0.57141
13.023
0.93311
13.027
4.2777
13.024
0.00096668
0.018497
0.0058393
0.0077699
0.13774
0.12079
0.00095202
0.98688
0.013118
0.82425
0.012254
0.028226
0.13527
1.8081
0.0070281
1.1489e-05
0.073526
0.43141
-19.552
-22979
-47.8
0.0743
0.9717
129.43
8.5547
-85.789
1.3909
0.00035469
0.032391
0.021552
0.24397
0.12766
0.74779
0.00052487
0.00028574
6.9204e-06
0.096807
0.11889
0.98274
0.0089835
0.079426
0.98727
0.99166
0.0013549
0.0039958
0.98739
0.18423
0.0040143
0.1659
4.9718e-06
6.6327e-06
0.57156
13.02
0.93302
13.024
4.2772
13.021
0.00096722
0.018488
0.005842
-0.0013642
0.13774
0.1208
0.00095232
0.98581
0.014191
0.8161
0.013118
0.029581
0.14121
1.8214
0.007048
2.4125e-05
0.073416
0.43119
-19.628
-24542
-47.8
0.0743
0.9717
129.43
8.5547
-85.789
1.3915
0.00035602
0.032509
0.021611
0.24429
0.12775
0.74847
0.00052639
0.00029057
6.9204e-06
0.096757
0.11879
0.98274
0.0089835
0.079426
0.98727
0.99166
0.0013549
0.0039958
0.98739
0.18423
0.0040143
0.1659
4.9881e-06
6.6593e-06
0.57174
13.016
0.93289
13.02
4.2766
13.017
0.00098333
0.018489
0.0059104
-0.013679
0.13774
0.1208
0.00095264
0.97134
0.028659
0.72722
0.023533
0.044527
0.20472
1.9292
0.0071896
0.00011473
0.073626
0.43286
-17.083
-35977
-47.8
0.0743
0.9717
129.43
8.5547
-85.789
1.3906
0.00035469
0.032389
0.021486
0.2438
0.12748
0.74734
0.00052324
0.00028825
6.9204e-06
0.096517
0.11847
0.98274
0.0089835
0.079425
0.98727
0.99166
0.0013549
0.0039958
0.98739
0.18423
0.0040143
0.1659
4.9149e-06
6.5704e-06
0.57207
13.009
0.93267
13.013
4.2757
13.01
0.00097469
0.018455
0.005864
0.0050872
0.13773
0.12083
0.00095333
0.98625
0.013747
0.82296
0.012768
0.028451
0.13582
1.8126
0.0070332
1.4444e-05
0.074032
0.43174
-19.546
-23441
-47.8
0.0743
0.9717
129.43
8.5547
-85.789
1.3913
0.00035699
0.032591
0.021568
0.24428
0.12758
0.74822
0.00052537
0.00029685
6.9204e-06
0.096422
0.11828
0.98274
0.0089835
0.079425
0.98727
0.99166
0.0013549
0.0039958
0.98739
0.18423
0.0040143
0.1659
4.9283e-06
6.5957e-06
0.57234
13.003
0.93247
13.006
4.2747
13.003
0.0010026
0.018454
0.0059756
0.010915
0.13773
0.12084
0.00095395
0.95602
0.043976
0.65471
0.032656
0.057056
0.25558
1.9924
0.0072998
0.0001846
0.074999
0.43496
-14.558
-41739
-47.8
0.0743
0.9717
129.43
8.5547
-85.789
1.3914
0.0003577
0.032652
0.021574
0.24437
0.12755
0.74834
0.00052555
0.00030013
6.9204e-06
0.096322
0.11812
0.98274
0.0089835
0.079425
0.98727
0.99166
0.0013549
0.0039958
0.98739
0.18423
0.0040143
0.1659
4.9166e-06
6.5854e-06
0.57253
12.998
0.93233
13.002
4.2741
12.998
0.0010124
0.018441
0.0060088
0.022791
0.13773
0.12085
0.00095461
0.94163
0.058367
0.59079
0.039645
0.068094
0.30147
2.0379
0.0073793
0.00023548
0.075696
0.43616
-13.697
-45541
-47.8
0.0743
0.9717
129.43
8.5547
-85.789
1.3913
0.00035647
0.032545
0.021541
0.24417
0.12753
0.74815
0.00052469
0.00029553
6.9204e-06
0.096341
0.11819
0.98274
0.0089835
0.079424
0.98727
0.99166
0.0013549
0.0039957
0.98739
0.18423
0.0040143
0.1659
4.9168e-06
6.5845e-06
0.57249
12.999
0.93234
13.002
4.2741
12.999
0.00099837
0.018436
0.0059606
-0.00045285
0.13773
0.12086
0.000955
0.96316
0.036835
0.68857
0.028645
0.051125
0.23166
1.9639
0.0072523
0.00015449
0.074694
0.4344
-15.622
-39187
-47.8
0.0743
0.9717
129.43
8.5547
-85.789
1.3906
0.00035398
0.032325
0.021438
0.24361
0.12737
0.74735
0.00052203
0.0002879
6.9204e-06
0.096311
0.11823
0.98274
0.0089835
0.079424
0.98727
0.99166
0.0013549
0.0039957
0.98739
0.18423
0.0040143
0.1659
4.8877e-06
6.5445e-06
0.57245
12.999
0.93236
13.003
4.2742
13
0.00097377
0.018417
0.0058638
-0.0098503
0.13773
0.12087
0.00095562
0.98399
0.016008
0.80582
0.014555
0.031307
0.14831
1.8396
0.0070831
4.6117e-05
0.073664
0.43117
-19.551
-26523
-47.8
0.0743
0.9717
129.43
8.5547
-85.789
1.3906
0.00035338
0.032273
0.021418
0.24348
0.12734
0.74742
0.0005215
0.0002877
6.9204e-06
0.096278
0.11823
0.98274
0.0089835
0.079424
0.98727
0.99166
0.0013549
0.0039957
0.98739
0.18423
0.0040143
0.1659
4.8827e-06
6.539e-06
0.5725
12.998
0.93233
13.002
4.2741
12.998
0.0009736
0.018406
0.0058683
-0.016199
0.13773
0.12088
0.00095648
0.97464
0.025365
0.74518
0.021324
0.041528
0.19197
1.9196
0.0071895
0.00011432
0.072911
0.4303
-17.512
-34851
-47.8
0.0743
0.9717
129.43
8.5547
-85.789
1.3891
0.00035088
0.032049
0.021222
0.24264
0.12692
0.74564
0.00051653
0.00028273
6.9204e-06
0.095999
0.11789
0.98274
0.0089835
0.079424
0.98727
0.99166
0.0013549
0.0039957
0.98739
0.18423
0.0040143
0.1659
4.778e-06
6.4066e-06
0.5728
12.992
0.93214
12.995
4.2732
12.992
0.00095644
0.018354
0.005784
0.065806
0.13772
0.12093
0.00095796
0.99111
0.0088852
0.86602
0.0086616
0.021402
0.10391
1.7586
0.0069468
-4.0902e-05
0.073324
0.42833
-18.266
-16264
-47.8
0.0743
0.9717
129.43
8.5547
-85.789
1.3908
0.00035495
0.032409
0.021428
0.24367
0.12728
0.74761
0.00052181
0.00029481
6.9204e-06
0.096067
0.11789
0.98274
0.0089835
0.079424
0.98727
0.99166
0.0013549
0.0039957
0.98739
0.18423
0.0040143
0.1659
4.8543e-06
6.5114e-06
0.57289
12.988
0.93202
12.992
4.2727
12.989
0.00099657
0.018378
0.0059508
0.020534
0.13772
0.12091
0.00095863
0.95122
0.048778
0.63335
0.035139
0.061262
0.27025
2.0184
0.0073628
0.00022404
0.07457
0.43325
-13.846
-43729
-47.8
0.0743
0.9717
129.43
8.5547
-85.789
1.3912
0.00035641
0.032539
0.021496
0.24404
0.1274
0.74814
0.00052355
0.00029784
6.9204e-06
0.096083
0.11786
0.98274
0.0089835
0.079423
0.98727
0.99166
0.0013549
0.0039957
0.98739
0.18423
0.0040143
0.1659
4.8783e-06
6.5448e-06
0.57294
12.986
0.93194
12.989
4.2723
12.986
0.0010064
0.018381
0.0059889
0.01847
0.13772
0.12091
0.00095937
0.95109
0.048906
0.63704
0.035332
0.060371
0.26726
2.0099
0.0073299
0.0002034
0.075277
0.43517
-14.033
-43094
-47.8
0.0743
0.9717
129.43
8.5547
-85.789
1.3912
0.00035576
0.032483
0.021487
0.24395
0.12741
0.74809
0.0005233
0.0002952
6.9204e-06
0.096126
0.11795
0.98274
0.0089835
0.079423
0.98727
0.99166
0.0013549
0.0039957
0.98739
0.18423
0.0040143
0.1659
4.8856e-06
6.5523e-06
0.57285
12.987
0.93197
12.99
4.2724
12.987
0.00099828
0.018378
0.0059616
0.01258
0.13772
0.12092
0.00096008
0.9569
0.043104
0.66237
0.032256
0.056024
0.24935
1.9922
0.0072989
0.00018362
0.074704
0.4342
-14.596
-41527
-47.8
0.0743
0.9717
129.43
8.5547
-85.789
1.3903
0.00035278
0.032219
0.021362
0.24328
0.12722
0.74699
0.00052009
0.00028563
6.9204e-06
0.096131
0.11805
0.98274
0.0089835
0.079423
0.98727
0.99166
0.0013549
0.0039957
0.98739
0.18423
0.0040143
0.1659
4.8521e-06
6.5036e-06
0.57271
12.989
0.93205
12.993
4.2728
12.99
0.00096668
0.018359
0.0058343
0.010178
0.13772
0.12093
0.00096089
0.98666
0.013339
0.82927
0.012433
0.027439
0.13086
1.8127
0.0070278
1.1036e-05
0.073639
0.43063
-19.472
-23202
-47.8
0.0743
0.9717
129.43
8.5547
-85.789
1.3908
0.00035276
0.03222
0.021407
0.2434
0.12734
0.74762
0.00052119
0.0002857
6.9204e-06
0.096252
0.11826
0.98274
0.0089835
0.079423
0.98727
0.99166
0.0013549
0.0039957
0.98739
0.18423
0.0040143
0.1659
4.8875e-06
6.546e-06
0.57252
12.993
0.93216
12.996
4.2733
12.993
0.0009685
0.018366
0.0058543
-0.012003
0.13772
0.12093
0.00096167
0.97416
0.025841
0.74784
0.021683
0.041219
0.18926
1.9253
0.0071587
9.4889e-05
0.072571
0.42978
-17.343
-35174
-47.8
0.0743
0.9717
129.43
8.5547
-85.789
1.3892
0.00034949
0.031929
0.021204
0.24245
0.12695
0.74573
0.00051603
0.00027732
6.9204e-06
0.096104
0.11813
0.98274
0.0089835
0.079423
0.98727
0.99166
0.0013549
0.0039957
0.98739
0.18423
0.0040143
0.1659
4.7968e-06
6.4251e-06
0.57255
12.992
0.93214
12.995
4.2732
12.992
0.00094005
0.018319
0.0057257
0.11522
0.13771
0.12097
0.00096306
0.99304
0.0069612
0.88382
0.0069356
0.018498
0.090747
1.7292
0.0068943
-7.3567e-05
0.07251
0.42698
-16.985
-11916
-47.8
0.0743
0.9717
129.43
8.5547
-85.789
1.3908
0.0003518
0.032137
0.021405
0.24329
0.12739
0.74764
0.00052112
0.00028105
6.9204e-06
0.096397
0.1185
0.98274
0.0089835
0.079423
0.98727
0.99166
0.0013549
0.0039957
0.98739
0.18423
0.0040143
0.1659
4.9101e-06
6.5684e-06
0.57223
12.997
0.9323
13.001
4.2739
12.997
0.0009534
0.018365
0.0057994
-0.014509
0.13772
0.12093
0.00096294
0.98195
0.018054
0.79509
0.016111
0.033157
0.15564
1.8704
0.0070651
3.5709e-05
0.072241
0.42894
-19.198
-29567
-47.8
0.0743
0.9717
129.43
8.5547
-85.789
1.3908
0.00035158
0.032117
0.021408
0.24327
0.12742
0.74764
0.00052118
0.00027959
6.9204e-06
0.096451
0.11858
0.98274
0.0089835
0.079423
0.98727
0.99166
0.0013549
0.0039957
0.98739
0.18423
0.0040143
0.1659
4.9185e-06
6.5768e-06
0.57212
12.999
0.93234
13.002
4.2742
12.999
0.00094846
0.018364
0.005778
-0.00063965
0.13772
0.12093
0.00096339
0.98578
0.014217
0.82043
0.013129
0.028916
0.13752
1.832
0.0070226
8.6162e-06
0.072312
0.42903
-19.594
-25391
-47.8
0.0743
0.9717
129.43
8.5547
-85.789
1.39
0.00034979
0.031958
0.021301
0.24276
0.12721
0.7467
0.00051844
0.00027581
6.9204e-06
0.096371
0.11853
0.98274
0.0089835
0.079423
0.98727
0.99166
0.0013549
0.0039957
0.98739
0.18423
0.0040143
0.1659
4.871e-06
6.5137e-06
0.57214
12.998
0.93234
13.002
4.2741
12.999
0.00093568
0.018342
0.0057195
0.042598
0.13771
0.12095
0.00096406
0.99039
0.009614
0.85504
0.0092985
0.023202
0.11246
1.7794
0.0069615
-3.0452e-05
0.071881
0.42704
-18.991
-18976
-47.8
0.0743
0.9717
129.43
8.5547
-85.789
1.3898
0.00034916
0.031902
0.021275
0.24261
0.12717
0.74653
0.00051778
0.0002745
6.9204e-06
0.096367
0.11855
0.98274
0.0089835
0.079423
0.98727
0.99166
0.0013549
0.0039957
0.98739
0.18423
0.0040143
0.1659
4.8638e-06
6.5036e-06
0.57212
12.999
0.93235
13.002
4.2742
12.999
0.00093138
0.018338
0.0057028
0.035777
0.13771
0.12095
0.00096431
0.99021
0.0097913
0.85329
0.0094492
0.023498
0.11377
1.7858
0.0069648
-2.8312e-05
0.071544
0.42623
-19.143
-19760
