-85.79
1.3924
0.0003617
0.03301
0.022011
0.24579
0.12856
0.74952
0.00053661
0.0002982
6.919e-06
0.097808
0.12003
0.98282
0.0089794
0.079244
0.98727
0.99166
0.0013546
0.0039954
0.98743
0.18448
0.004014
0.16598
5.1942e-06
6.8844e-06
0.56996
13.09
0.93517
13.094
4.2871
13.09
0.0010059
0.018718
0.0059873
-0.020902
0.13777
0.12057
0.00093582
0.96761
0.032388
0.6974
0.025818
0.049308
0.22747
1.9321
0.0071907
0.00011543
0.075205
0.43679
-16.883
-36885
-47.8
0.0743
0.9717
129.43
8.5547
-85.79
1.3919
0.00036061
0.032914
0.021942
0.24549
0.12843
0.74895
0.00053483
0.00029521
6.919e-06
0.097735
0.11995
0.98282
0.0089794
0.079243
0.98727
0.99166
0.0013546
0.0039954
0.98743
0.18448
0.004014
0.16598
5.1613e-06
6.8431e-06
0.57004
13.088
0.9351
13.091
4.2868
13.088
0.00099651
0.018705
0.005948
-0.026084
0.13777
0.12058
0.00093605
0.98147
0.018528
0.77983
0.016472
0.035504
0.1682
1.8472
0.0070511
2.6085e-05
0.074765
0.43501
-19.635
-27956
-47.8
0.0743
0.9717
129.43
8.5547
-85.79
1.3924
0.00036159
0.032999
0.021982
0.2457
0.12848
0.74948
0.00053588
0.00029957
6.919e-06
0.097702
0.11988
0.98282
0.0089794
0.079242
0.98727
0.99166
0.0013546
0.0039954
0.98743
0.18448
0.004014
0.16598
5.1714e-06
6.8596e-06
0.57015
13.084
0.935
13.088
4.2863
13.085
0.0010099
0.018703
0.0060011
0.00029162
0.13777
0.12059
0.00093649
0.95613
0.043868
0.63954
0.032299
0.059153
0.26901
1.9829
0.0072813
0.00017332
0.07549
0.43715
-14.826
-41556
-47.8
0.0743
0.9717
129.43
8.5547
-85.79
1.392
0.00036043
0.032897
0.021924
0.24543
0.12839
0.74905
0.00053438
0.00029609
6.919e-06
0.097638
0.11983
0.98282
0.0089794
0.079241
0.98727
0.99166
0.0013546
0.0039954
0.98743
0.18448
0.004014
0.16598
5.1492e-06
6.8325e-06
0.57024
13.082
0.93492
13.086
4.286
13.082
0.00099916
0.018692
0.0059598
-0.030072
0.13777
0.1206
0.00093687
0.97458
0.025425
0.73722
0.021352
0.042631
0.1988
1.8978
0.0071271
7.4734e-05
0.074716
0.43531
-18.336
-33337
-47.8
0.0743
0.9717
129.43
8.5547
-85.79
1.3915
0.0003593
0.032797
0.021838
0.24508
0.12821
0.74839
0.00053219
0.00029387
6.919e-06
0.09749
0.11965
0.98282
0.0089794
0.07924
0.98727
0.99166
0.0013546
0.0039954
0.98743
0.18448
0.004014
0.16598
5.1025e-06
6.7761e-06
0.57044
13.077
0.93477
13.08
4.2853
13.077
0.00099185
0.018668
0.005928
-0.021914
0.13777
0.12062
0.00093763
0.98282
0.017176
0.79129
0.015457
0.03362
0.15964
1.8386
0.0070294
1.2149e-05
0.074622
0.43404
-19.708
-26851
-47.8
0.0743
0.9717
129.43
8.5547
-85.79
1.392
0.00036118
0.032961
0.021896
0.24544
0.12826
0.74906
0.00053372
0.00030166
6.919e-06
0.097395
0.11946
0.98282
0.0089794
0.079239
0.98727
0.99166
0.0013546
0.0039954
0.98743
0.18448
0.004014
0.16598
5.1067e-06
6.7881e-06
0.57067
13.071
0.93458
13.074
4.2844
13.071
0.0010159
0.018661
0.0060193
0.013419
0.13777
0.12063
0.0009386
0.94521
0.05479
0.59546
0.037744
0.066769
0.30003
2.0214
0.0073321
0.00020578
0.075916
0.43733
-13.8
-44654
-47.8
0.0743
0.9717
129.43
8.5547
-85.79
1.3922
0.00036154
0.032993
0.021912
0.24554
0.12829
0.7492
0.00053414
0.00030213
6.919e-06
0.097381
0.11943
0.98282
0.0089794
0.079238
0.98727
0.99166
0.0013546
0.0039954
0.98743
0.18447
0.004014
0.16598
5.1124e-06
6.7973e-06
0.57073
13.068
0.93449
13.072
4.284
13.068
0.0010177
0.018657
0.0060277
0.0085235
0.13776
0.12063
0.00093931
0.94978
0.050218
0.61853
0.035694
0.062808
0.28297
2.0032
0.007296
0.00018273
0.076052
0.43785
-14.201
-43133
-47.8
0.0743
0.9717
129.43
8.5547
-85.79
1.3921
0.0003609
0.032938
0.021912
0.24549
0.12833
0.74917
0.0005341
0.00029822
6.919e-06
0.097453
0.11955
0.98282
0.0089794
0.079238
0.98727
0.99166
0.0013546
0.0039954
0.98743
0.18447
0.004014
0.16598
5.1285e-06
6.8154e-06
0.57061
13.068
0.93451
13.072
4.2841
13.069
0.0010061
0.018658
0.0059868
-0.027251
0.13776
0.12063
0.00093984
0.97273
0.027274
0.73226
0.022641
0.043474
0.20162
1.9042
0.007126
7.412e-05
0.075222
0.43645
-18.093
-33868
-47.8
0.0743
0.9717
129.43
8.5547
-85.79
1.3924
0.00036094
0.032943
0.021941
0.24558
0.12841
0.74951
0.00053482
0.00029756
6.919e-06
0.097527
0.11967
0.98282
0.0089794
0.079237
0.98727
0.99166
0.0013546
0.0039954
0.98743
0.18447
0.004014
0.16598
5.1519e-06
6.8435e-06
0.5705
13.069
0.93453
13.073
4.2842
13.069
0.0010046
0.018658
0.0059864
-0.020464
0.13776
0.12063
0.00094065
0.9686
0.031405
0.70919
0.025287
0.047377
0.21815
1.9272
0.0071677
0.00010086
0.075133
0.43672
-17.132
-36178
-47.8
0.0743
0.9717
129.43
8.5547
-85.79
1.3923
0.00035981
0.032844
0.021903
0.24536
0.12836
0.74934
0.00053383
0.00029441
6.919e-06
0.097546
0.11974
0.98282
0.0089794
0.079236
0.98727
0.99166
0.0013546
0.0039954
0.98743
0.18447
0.004014
0.16598
5.1461e-06
6.8336e-06
0.57042
13.069
0.93453
13.073
4.2842
13.07
0.00099501
0.018648
0.0059525
-0.023124
0.13776
0.12064
0.00094167
0.97162
0.028382
0.72523
0.023342
0.044712
0.20671
1.917
0.007148
8.8317e-05
0.074451
0.43526
-17.6
-35081
-47.8
0.0743
0.9717
129.43
8.5547
-85.79
1.3912
0.0003569
0.032587
0.021745
0.24461
0.12808
0.74807
0.00052978
0.00028676
6.919e-06
0.097444
0.11968
0.98282
0.0089794
0.079235
0.98727
0.99166
0.0013546
0.0039954
0.98743
0.18447
0.004014
0.16598
5.0822e-06
6.7493e-06
0.57044
13.068
0.93449
13.072
4.284
13.068
0.00097012
0.018614
0.0058497
0.013725
0.13776
0.12067
0.00094299
0.988
0.012002
0.83069
0.011342
0.027133
0.13083
1.7915
0.0069692
-2.6035e-05
0.073807
0.43203
-19.455
-21052
-47.8
0.0743
0.9717
129.43
8.5547
-85.79
1.3915
0.00035709
0.032605
0.021779
0.24473
0.12816
0.74848
0.00053061
0.00028687
6.919e-06
0.097489
0.11976
0.98282
0.0089794
0.079235
0.98727
0.99166
0.0013546
0.0039954
0.98743
0.18447
0.004014
0.16598
5.1054e-06
6.7788e-06
0.5704
13.067
0.93447
13.071
4.2839
13.067
0.00097091
0.018613
0.0058581
-0.0097573
0.13776
0.12068
0.000944
0.98526
0.014745
0.80895
0.013559
0.03073
0.14676
1.8239
0.0070209
7.067e-06
0.073545
0.43215
-19.744
-24974
-47.8
0.0743
0.9717
129.43
8.5547
-85.79
1.3921
0.00035812
0.032697
0.021841
0.24502
0.12828
0.74912
0.0005322
0.00028953
6.919e-06
0.097515
0.11977
0.98282
0.0089794
0.079234
0.98727
0.99166
0.0013546
0.0039954
0.98743
0.18447
0.004014
0.16598
5.1332e-06
6.8165e-06
0.57042
13.065
0.93439
13.068
4.2835
13.065
0.0009802
0.018614
0.0059002
-0.025809
0.13775
0.12068
0.00094507
0.97842
0.02158
0.76591
0.0187
0.037917
0.17748
1.8812
0.0070868
4.9432e-05
0.073554
0.43322
-18.965
-31246
-47.8
0.0743
0.9717
129.43
8.5547
-85.79
1.3915
0.00035724
0.032618
0.021756
0.24469
0.12809
0.74842
0.00053007
0.00028806
6.919e-06
0.097371
0.11959
0.98282
0.0089794
0.079233
0.98727
0.99166
0.0013546
0.0039954
0.98743
0.18447
0.004014
0.16598
5.0837e-06
6.7555e-06
0.5706
13.059
0.93423
13.063
4.2828
13.06
0.0009748
0.018585
0.005869
0.0086803
0.13775
0.1207
0.00094652
0.98698
0.013023
0.82608
0.012183
0.027904
0.13384
1.8
0.0069855
-1.5495e-05
0.074146
0.43296
-19.572
-22028
-47.8
0.0743
0.9717
129.43
8.5547
-85.79
1.3924
0.00035876
0.032753
0.021837
0.24508
0.12823
0.74943
0.00053215
0.00029397
6.919e-06
0.097371
0.11957
0.98282
0.0089794
0.079232
0.98727
0.99166
0.0013546
0.0039954
0.98743
0.18447
0.004014
0.16598
5.1137e-06
6.7978e-06
0.57069
13.056
0.93413
13.06
4.2824
13.057
0.00099543
0.018584
0.0059584
0.010818
0.13775
0.12071
0.0009477
0.95455
0.045454
0.64676
0.033423
0.058979
0.26083
1.9987
0.0072942
0.00018041
0.07452
0.4351
-14.418
-42326
-47.8
0.0743
0.9717
129.43
8.5547
-85.79
1.391
0.00035505
0.032424
0.021642
0.24413
0.12789
0.7478
0.00052715
0.00028381
6.919e-06
0.097231
0.11948
0.98282
0.0089794
0.079232
0.98727
0.99166
0.0013546
0.0039954
0.98743
0.18447
0.004014
0.16598
5.0373e-06
6.6982e-06
0.57076
13.054
0.93407
13.058
4.2821
13.055
0.00096103
0.018546
0.0058149
0.020626
0.13775
0.12074
0.00094884
0.98865
0.011348
0.83887
0.01079
0.025816
0.12452
1.7884
0.00697
-2.5322e-05
0.073347
0.43072
-19.386
-20451
-47.8
0.0743
0.9717
129.43
8.5547
-85.79
1.3907
0.00035356
0.032293
0.021586
0.24383
0.12781
0.74751
0.00052569
0.00028024
6.919e-06
0.0972
0.1195
0.98282
0.0089794
0.079231
0.98727
0.99166
0.0013546
0.0039954
0.98743
0.18447
0.004014
0.16598
5.0234e-06
6.6802e-06
0.57078
13.053
0.93404
13.057
4.2819
13.054
0.00094954
0.018531
0.0057735
0.011031
0.13774
0.12076
0.00094966
0.98846
0.011543
0.83501
0.010947
0.026465
0.12758
1.7997
0.006988
-1.3806e-05
0.072446
0.42888
-19.561
-21817
-47.8
0.0743
0.9717
129.43
8.5547
-85.79
1.3905
0.000353
0.032243
0.021548
0.24367
0.12773
0.74728
0.00052472
0.00027911
6.919e-06
0.09713
0.11942
0.98282
0.0089794
0.07923
0.98727
0.99166
0.0013546
0.0039954
0.98743
0.18447
0.004014
0.16598
5.0041e-06
6.6573e-06
0.57087
13.05
0.93395
13.054
4.2815
13.051
0.00094595
0.018515
0.0057582
0.030011
0.13774
0.12077
0.00095043
0.98994
0.010059
0.84707
0.0096923
0.024478
0.11876
1.7804
0.0069666
-2.7452e-05
0.072364
0.42843
-19.207
-19368
-47.8
0.0743
0.9717
129.43
8.5547
-85.79
1.3909
0.00035409
0.032339
0.021599
0.24395
0.12782
0.74776
0.00052603
0.00028166
6.919e-06
0.09711
0.11936
0.98282
0.0089794
0.07923
0.98727
0.99166
0.0013546
0.0039954
0.98743
0.18446
0.004014
0.16598
5.0213e-06
6.6832e-06
0.57099
13.047
0.93384
13.05
4.281
13.047
0.00095444
0.018517
0.0057942
0.011821
0.13774
0.12077
0.00095084
0.98811
0.011887
0.83298
0.011236
0.026795
0.12899
1.8002
0.0069977
-7.6421e-06
0.072785
0.42984
-19.537
-21883
-47.8
0.0743
0.9717
129.43
8.5547
-85.79
1.3917
0.00035607
0.032515
0.021695
0.24446
0.12798
0.74863
0.0005285
0.00028672
6.919e-06
0.097097
0.11928
0.98282
0.0089794
0.079229
0.98727
0.99166
0.0013546
0.0039954
0.98743
0.18446
0.004014
0.16598
5.0549e-06
6.7322e-06
0.57114
13.042
0.9337
13.046
4.2804
13.043
0.00097135
0.018526
0.0058679
-0.021606
0.13774
0.12076
0.00095112
0.98037
0.019633
0.78181
0.017297
0.035304
0.16559
1.871
0.0070779
4.3747e-05
0.073211
0.43197
-19.221
-29945
-47.8
0.0743
0.9717
129.43
8.5547
-85.79
1.3913
0.00035629
0.032532
0.021653
0.24437
0.12786
0.74825
0.00052747
0.00028851
6.919e-06
0.096913
0.119
0.98282
0.0089794
0.079229
0.98727
0.99166
0.0013546
0.0039954
0.98743
0.18446
0.004014
0.16598
5.0147e-06
6.6871e-06
0.57145
13.035
0.93348
13.039
4.2793
13.035
0.00097639
0.018505
0.0058778
-0.0067315
0.13774
0.12079
0.00095178
0.98446
0.015539
0.81073
0.014197
0.030469
0.1446
1.8286
0.0070369
1.7289e-05
0.074032
0.43278
-19.668
-25258
-47.8
0.0743
0.9717
129.43
8.5547
-85.79
1.392
0.00035808
0.03269
0.021711
0.24473
0.12791
0.749
0.00052898
0.00029615
6.919e-06
0.096798
0.1188
0.98282
0.0089794
0.079228
0.98727
0.99166
0.0013546
0.0039954
0.98743
0.18446
0.004014
0.16598
5.0187e-06
6.7003e-06
0.57174
13.029
0.93328
13.032
4.2784
13.029
0.0010019
0.018497
0.0059792
0.019928
0.13774
0.1208
0.0009525
0.94753
0.052473
0.61728
0.03699
0.06421
0.28152
2.0219
0.0073567
0.00022012
0.074975
0.43556
-13.777
-44216
-47.8
0.0743
0.9717
129.43
8.5547
-85.79
1.391
0.00035551
0.032462
0.021576
0.24409
0.12768
0.74787
0.00052552
0.00028907
6.919e-06
0.096655
0.11867
0.98282
0.0089794
0.079228
0.98727
0.99166
0.0013546
0.0039954
0.98743
0.18446
0.004014
0.16598
4.9649e-06
6.633e-06
0.57191
13.025
0.93316
13.029
4.2779
13.025
0.00097805
0.018473
0.0058847
-0.020508
0.13774
0.12082
0.000953
0.9804
0.019604
0.7855
0.017293
0.034699
0.16251
1.8693
0.0070861
4.8641e-05
0.073702
0.43197
-19.229
-29645
-47.8
0.0743
0.9717
129.43
8.5547
-85.79
1.39
0.0003536
0.032292
0.021432
0.24347
0.12737
0.74666
0.00052186
0.00028576
6.919e-06
0.096437
0.11841
0.98282
0.0089793
0.079227
0.98727
0.99166
0.0013546
0.0039954
0.98743
0.18446
0.004014
0.16598
4.8884e-06
6.5376e-06
0.57217
13.019
0.933
13.023
4.2771
13.02
0.0009665
0.018436
0.0058276
0.029419
0.13773
0.12085
0.00095392
0.98884
0.01116
0.84548
0.010628
0.024754
0.11913
1.7853
0.0069854
-1.6015e-05
0.073787
0.4304
-19.14
-19842
-47.8
0.0743
0.9717
129.43
8.5547
-85.79
1.3914
0.00035701
0.032594
0.021595
0.2443
0.12764
0.74831
0.00052606
0.00029648
6.919e-06
0.096467
0.11837
0.98282
0.0089793
0.079227
0.98727
0.99166
0.0013546
0.0039954
0.98743
0.18446
0.004014
0.16598
4.944e-06
6.6152e-06
0.57228
13.016
0.93288
13.019
4.2766
13.016
0.0010027
0.01845
0.0059767
0.018826
0.13773
0.12084
0.00095445
0.94953
0.050467
0.63068
0.036138
0.06207
0.27112
2.0176
0.0073509
0.00021597
0.075021
0.43479
-13.885
-43677
-47.8
0.0743
0.9717
129.43
8.5547
-85.79
1.3917
0.00035751
0.032638
0.021623
0.24442
0.12769
0.74862
0.00052676
0.00029786
6.919e-06
0.09648
0.11838
0.98282
0.0089793
0.079226
0.98727
0.99166
0.0013546
0.0039954
0.98743
0.18446
0.004014
0.16598
4.9553e-06
6.6304e-06
0.57228
13.015
0.93285
13.018
4.2764
13.015
0.0010069
0.018449
0.0059928
0.023293
0.13773
0.12084
0.00095493
0.94232
0.057681
0.5981
0.039495
0.067693
0.29471
2.0386
0.0073913
0.00024198
0.075327
0.43556
-13.662
-45417
-47.8
0.0743
0.9717
129.43
8.5547
-85.79
1.3908
0.00035426
0.032351
0.021504
0.24376
0.12754
0.74763
0.00052369
0.00028717
6.919e-06
0.096517
0.11853
0.98282
0.0089793
0.079226
0.98727
0.99166
0.0013546
0.0039954
0.98743
0.18446
0.004014
0.16598
4.9323e-06
6.595e-06
0.57211
13.018
0.93294
13.021
4.2769
13.018
0.00097209
0.01844
0.0058623
-0.019808
0.13773
0.12085
0.00095515
0.98062
0.019381
0.78694
0.017121
0.034485
0.16145
1.8727
0.0070985
5.6474e-05
0.073276
0.43078
-19.15
-29920
-47.8
0.0743
0.9717
129.43
8.5547
-85.79
1.3895
0.00035097
0.03206
0.021329
0.2429
0.12722
0.74611
0.00051919
0.00027892
6.919e-06
0.096421
0.11849
0.98282
0.0089793
0.079225
0.98727
0.99166
0.0013546
0.0039954
0.98743
0.18446
0.004014
0.16598
4.8624e-06
6.501e-06
0.57209
13.018
0.93296
13.022
4.277
13.019
0.00094483
0.018405
0.0057464
0.061521
0.13773
0.12088
0.00095591
0.9914
0.0085974
0.8644
0.008413
0.021661
0.10553
1.7597
0.0069577
-3.3554e-05
0.072472
0.42732
-18.416
-16408
-47.8
0.0743
0.9717
129.43
8.5547
-85.79
1.3903
0.00035221
0.032171
0.021428
0.24333
0.12743
0.74701
0.00052171
0.00028082
6.919e-06
0.096559
0.11866
0.98282
0.0089793
0.079225
0.98727
0.99166
0.0013546
0.0039954
0.98743
0.18446
0.004014
0.16598
4.917e-06
6.5701e-06
0.57195
13.02
0.93301
13.023
4.2772
13.02
0.00095147
0.018427
0.0057805
0.0076492
0.13773
0.12086
0.0009559
0.98765
0.012351
0.8312
0.011614
0.027121
0.13007
1.8112
0.0070379
1.7682e-05
0.072485
0.42852
-19.549
-23065
-47.8
0.0743
0.9717
129.43
8.5547
-85.79
1.3914
0.00035488
0.032409
0.02158
0.24407
0.12772
0.74826
0.00052557
0.00028634
6.919e-06
0.09668
0.11874
0.98282
0.0089793
0.079225
0.98727
0.99166
0.0013546
0.0039954
0.98743
0.18446
0.004014
0.16598
4.9824e-06
6.6558e-06
0.57189
13.019
0.93299
13.023
4.2771
13.02
0.00097007
0.01845
0.0058609
-0.016664
0.13773
0.12084
0.00095593
0.98161
0.01839
0.79029
0.016374
0.033902
0.15943
1.862
0.007101
5.8252e-05
0.073219
0.4315
-19.334
-28923
-47.8
0.0743
0.9717
129.43
8.5547
-85.79
1.3918
0.00035646
0.032549
0.021648
0.24444
0.12783
0.7488
0.00052732
0.0002907
6.919e-06
0.096686
0.1187
0.98282
0.0089793
0.079224
0.98727
0.99166
0.0013546
0.0039954
0.98743
0.18446
0.004014
0.16598
5.0033e-06
6.6855e-06
0.57195
13.017
0.93291
13.02
4.2767
13.017
0.00098465
0.018457
0.0059195
-0.014027
0.13773
0.12084
0.00095629
0.97201
0.027988
0.73591
0.023148
0.04312
0.19782
1.9228
0.0071768
0.00010668
0.073739
0.43345
-17.372
-35207
-47.8
0.0743
0.9717
129.43
8.5547
-85.79
1.391
0.00035523
0.032438
0.02155
0.24404
0.12763
0.74783
0.00052485
0.00028765
6.919e-06
0.096553
0.11853
0.98282
0.0089793
0.079224
0.98727
0.99166
0.0013546
0.0039954
0.98743
0.18446
0.004014
0.16598
4.9522e-06
6.6211e-06
0.5721
13.013
0.93279
13.017
4.2762
13.013
0.00097362
0.018434
0.0058653
0.0085789
0.13773
0.12086
0.00095696
0.98615
0.013845
0.82378
0.012849
0.028322
0.13505
1.8119
0.0070427
2.0813e-05
0.074019
0.43234
-19.513
-23246
-47.8
0.0743
0.9717
129.43
8.5547
-85.79
1.3919
0.00035696
0.032592
0.02165
0.24451
0.12781
0.74885
0.00052741
0.00029256
6.919e-06
0.096608
0.11857
0.98282
0.0089793
0.079224
0.98727
0.99166
0.0013546
0.0039954
0.98743
0.18446
0.004014
0.16598
4.9946e-06
6.6782e-06
0.57211
13.012
0.93275
13.015
4.276
13.012
0.00099065
0.018445
0.0059404
-0.012612
0.13773
0.12085
0.00095742
0.9709
0.029099
0.73283
0.023913
0.043649
0.19961
1.9254
0.0071735
0.0001046
0.074169
0.43424
-17.254
-35434
-47.8
0.0743
0.9717
129.43
8.5547
-85.79
1.3919
0.0003565
0.032552
0.021631
0.2444
0.12777
0.74888
0.00052691
0.0002922
6.919e-06
0.096581
0.11857
0.98282
0.0089793
0.079223
0.98727
0.99166
0.0013546
0.0039954
0.98743
0.18446
0.004014
0.16598
4.9873e-06
6.6691e-06
0.57214
13.011
0.93272
13.014
4.2759
13.011
0.00099012
0.018435
0.00594
-6.4468e-05
0.13773
0.12086
0.00095815
0.96453
0.035468
0.70018
0.027906
0.049535
0.22237
1.9597
0.0072374
0.0001447
0.074145
0.43408
-15.836
-38636
-47.8
0.0743
0.9717
129.43
8.5547
-85.79
1.3902
0.00035212
0.032163
0.021398
0.24325
0.12736
0.74693
0.00052095
0.00028142
6.919e-06
0.096421
0.11848
0.98282
0.0089793
0.079223
0.98727
0.99166
0.0013546
0.0039954
0.98743
0.18446
0.004014
0.16598
4.8949e-06
6.5471e-06
0.57219
13.01
0.9327
13.014
4.2758
13.01
0.00095341
0.018394
0.0057853
0.020236
0.13772
0.1209
0.00095905
0.98844
0.011559
0.84014
0.010957
0.025649
0.12325
1.7988
0.0070154
3.5242e-06
0.072784
0.42887
-19.367
-21510
-47.8
0.0743
0.9717
129.43
8.5547
-85.79
1.3895
0.00035018
0.031991
0.021299
0.24276
0.12718
0.74616
0.00051841
0.00027695
6.919e-06
0.096358
0.11845
0.98282
0.0089793
0.079223
0.98727
0.99166
0.0013546
0.0039954
0.98743
0.18446
0.004014
0.16598
4.8565e-06
6.496e-06
0.5722
13.01
0.9327
13.013
4.2758
13.01
0.00093877
0.018372
0.0057254
0.060768
0.13772
0.12092
0.00095977
0.99146
0.0085387
0.86436
0.0083601
0.021671
0.10561
1.7623
0.006964
-2.9197e-05
0.07205
0.42662
-18.487
-16737
-47.8
0.0743
0.9717
129.43
8.5547
-85.79
1.3905
0.0003519
0.032145
0.021424
0.24331
0.12744
0.7473
0.00052158
0.00027998
6.919e-06
0.096502
0.11861
0.98282
0.0089793
0.079223
0.98727
0.99166
0.0013546
0.0039954
0.98743
0.18446
0.004014
0.16598
4.9207e-06
6.5785e-06
0.57208
13.011
0.93273
13.015
4.2759
13.012
0.00094922
0.018396
0.0057768
0.0011142
0.13772
0.12089
0.00095974
0.98659
0.013408
0.82403
0.012476
0.028316
0.13518
1.8249
0.0070477
2.4298e-05
0.072239
0.42847
-19.599
-24647
-47.8
0.0743
0.9717
129.43
8.5547
-85.79
1.3911
0.00035352
0.032289
0.02151
0.24375
0.1276
0.74798
0.00052378
0.00028311
6.919e-06
0.096564
0.11864
0.98282
0.0089793
0.079222
0.98727
0.99166
0.0013546
0.0039954
0.98743
0.18446
0.004014
0.16598
4.956e-06
6.625e-06
0.57205
13.01
0.93271
13.014
4.2758
13.011
0.00095968
0.018407
0.0058202
-0.0027684
0.13772
0.12088
0.00095988
0.98522
0.014779
0.81458
0.013582
0.029864
0.14197
1.8319
0.0070612
3.3009e-05
0.072866
0.43043
-19.594
-25542
-47.8
0.0743
0.9717
129.43
8.5547
-85.79
1.3916
0.00035472
0.032395
0.021572
0.24406
0.12771
0.74854
0.00052536
0.00028604
6.919e-06
0.096588
0.11864
0.98282
0.0089793
0.079222
0.98727
0.99166
0.0013546
0.0039954
0.98743
0.18446
0.004014
0.16598
4.9797e-06
6.6575e-06
0.57208
13.009
0.93266
13.012
4.2756
13.009
0.00096967
0.018413
0.0058631
-0.015317
0.13772
0.12088
0.0009601
0.98095
0.01905
0.78686
0.016869
0.034481
0.16179
1.8673
0.0071012
5.8706e-05
0.073148
0.43169
-19.214
-29483
-47.8
0.0743
0.9717
129.43
8.5547
-85.79
1.3913
0.00035388
0.032321
0.021517
0.24381
0.12759
0.74822
0.00052396
0.00028537
6.919e-06
0.096494
0.11854
0.98282
0.0089793
0.079222
0.98727
0.99166
0.0013546
0.0039954
0.98743
0.18446
0.004014
0.16598
4.9517e-06
6.6235e-06
0.57221
13.006
0.93258
13.01
4.2753
13.007
0.00096776
0.018398
0.0058557
-0.017071
0.13772
0.12089
0.00096062
0.97802
0.021977
0.76886
0.018993
0.03755
0.17459
1.8955
0.0071329
7.886e-05
0.072694
0.43058
-18.448
-32348
-47.8
0.0743
0.9717
129.43
8.5547
-85.79
1.3894
0.00035
0.031975
0.021257
0.24263
0.12707
0.746
0.00051738
0.00027773
6.919e-06
0.096187
0.11822
0.98282
0.0089793
0.079222
0.98727
0.99166
0.0013546
0.0039954
0.98743
0.18446
0.004014
0.16598
4.8252e-06
6.4619e-06
0.5725
13.001
0.93243
13.005
4.2746
13.002
0.00094134
0.01834
0.005733
0.078415
0.13772
0.12095
0.00096162
0.99203
0.0079701
0.87162
0.0078517
0.020488
0.10004
1.7506
0.0069511
-3.7541e-05
0.072296
0.42678
-18.011
-15114
-47.8
0.0743
0.9717
129.43
8.5547
-85.79
1.3899
0.00035071
0.032037
0.021304
0.24283
0.12716
0.7466
0.00051858
0.00028015
6.919e-06
0.096182
0.11821
0.98282
0.0089793
0.079222
0.98727
0.99166
0.0013546
0.0039954
0.98743
0.18446
0.004014
0.16598
4.8462e-06
6.4924e-06
0.57258
13
0.93237
13.003
4.2743
13
0.00094932
0.018347
0.0057691
0.0096855
0.13772
0.12094
0.00096162
0.98778
0.012218
0.83513
0.0115
0.026496
0.12687
1.813
0.0070405
1.9251e-05
0.072337
0.42754
-19.497
-23172
-47.8
0.0743
0.9717
129.43
8.5547
-85.79
1.3907
0.00035274
0.032218
0.02139
0.24329
0.12728
0.74756
0.00052078
0.00028766
6.919e-06
0.096142
0.11811
0.98282
0.0089793
0.079221
0.98727
0.99166
0.0013546
0.0039954
0.98743
0.18446
0.004014
0.16598
4.8679e-06
6.5259e-06
0.57276
12.996
0.93226
12.999
4.2738
12.996
0.00097535
0.018353
0.0058776
0.011608
0.13772
0.12094
0.00096173
0.96198
0.038018
0.68348
0.029316
0.053065
0.23414
1.9884
0.0073218
0.00019728
0.07307
0.43027
-14.765
-40978
-47.8
0.0743
0.9717
129.43
8.5547
-85.79
1.3886
0.00034969
0.031944
0.021148
0.24226
0.12676
0.74512
0.00051465
0.00028079
6.919e-06
0.095819
0.1177
0.98282
0.0089793
0.079221
0.98727
0.99166
0.0013546
0.0039954
0.98743
0.18446
0.004014
0.16598
4.7395e-06
6.3625e-06
0.57309
12.99
0.93207
12.993
4.2729
12.99
0.00095033
0.0183
0.0057557
0.11287
0.13772
0.12099
0.00096218
0.99289
0.0071128
0.88602
0.0070646
0.018152
0.088765
1.7303
0.0069072
-6.5723e-05
0.073077
0.42696
-16.961
-12035
-47.8
0.0743
0.9717
129.43
8.5547
-85.79
1.3908
0.00035457
0.032377
0.021424
0.2436
0.12728
0.74764
0.0005217
0.00029369
6.919e-06
0.096016
0.11785
0.98282
0.0089793
0.079221
0.98727
0.99166
0.0013546
0.0039954
0.98743
0.18446
0.004014
0.16598
4.8556e-06
6.5169e-06
0.57304
12.99
0.93207
12.993
4.2729
12.99
0.00099363
0.018354
0.0059408
0.023812
0.13772
0.12094
0.00096119
0.9501
0.049904
0.62899
0.035722
0.062496
0.27279
2.0248
0.0073923
0.00024231
0.074367
0.43277
-13.684
-44192
-47.8
0.0743
0.9717
129.43
8.5547
-85.79
1.3914
0.0003561
0.032513
0.021525
0.24408
0.1275
0.7483
0.00052427
0.00029492
6.919e-06
0.096156
0.11797
0.98282
0.0089793
0.079221
0.98727
0.99166
0.0013546
0.0039954
0.98743
0.18446
0.004014
0.16598
4.9062e-06
6.5811e-06
0.5729
12.992
0.93213
12.996
4.2732
12.992
0.00099732
0.018381
0.005959
0.0020103
0.13772
0.12091
0.00096019
0.96322
0.036784
0.69202
0.028665
0.050652
0.22866
1.964
0.0072594
0.00015899
0.074632
0.43433
-15.592
-39095
-47.8
0.0743
0.9717
129.43
8.5547
-85.79
1.3913
0.00035563
0.032473
0.021526
0.24405
0.12753
0.74815
0.00052428
0.00029172
6.919e-06
0.096248
0.11811
0.98282
0.0089793
0.079221
0.98727
0.99166
0.0013546
0.0039954
0.98743
0.18446
0.004014
0.16598
4.9196e-06
6.5946e-06
0.57273
12.995
0.93224
12.999
4.2737
12.996
0.00098688
0.018394
0.0059187
-0.018092
0.13772
0.1209
0.00095938
0.97761
0.022386
0.76632
0.019305
0.037903
0.17648
1.887
0.0071498
8.9316e-05
0.073938
0.43293
-18.642
-31653
-47.8
0.0743
0.9717
129.43
8.5547
-85.79
1.3913
0.00035521
0.032436
0.021526
0.244
0.12755
0.74817
0.00052424
0.00029042
6.919e-06
0.096318
0.11822
0.98282
0.0089793
0.079221
0.98727
0.99166
0.0013546
0.0039954
0.98743
0.18446
0.004014
0.16598
4.9285e-06
6.6028e-06
0.57259
12.999
0.93234
13.002
4.2741
12.999
0.00098279
0.018402
0.0059067
-0.014701
0.13772
0.12089
0.00095888
0.97369
0.026312
0.74172
0.021995
0.042076
0.19421
1.9163
0.0071911
0.00011571
0.073582
0.43248
-17.564
-34638
-47.8
0.0743
0.9717
129.43
8.5547
-85.79
1.3904
0.00035319
0.032257
0.021416
0.24347
0.12736
0.74716
0.00052145
0.0002847
6.919e-06
0.096276
0.11821
0.98282
0.0089793
0.079221
0.98727
0.99166
0.0013546
0.0039954
0.98743
0.18446
0.004014
0.16598
4.885e-06
6.5432e-06
0.57254
13
0.93239
13.004
4.2744
13.001
0.00096384
0.018387
0.0058259
0.016706
0.13772
0.1209
0.00095876
0.98769
0.012309
0.83294
0.011587
0.02682
0.12866
1.8026
0.0070405
1.9257e-05
0.073311
0.43023
-19.373
-22153
-47.8
0.0743
0.9717
129.43
8.5547
-85.79
1.3911
0.00035425
0.032352
0.021502
0.24383
0.12754
0.74797
0.00052361
0.00028695
6.919e-06
0.096397
0.11836
0.98282
0.0089793
0.079221
0.98727
0.99166
0.0013546
0.0039954
0.98743
0.18446
0.004014
0.16598
4.9309e-06
6.6011e-06
0.57241
13.003
0.93247
13.006
4.2747
13.003
0.00097185
0.018408
0.0058656
-0.018021
0.13773
0.12088
0.00095837
0.98006
0.019941
0.77737
0.017509
0.036063
0.16906
1.8775
0.0071407
8.3533e-05
0.073006
0.43097
-18.94
-30670
