-85.531
1.3965
0.00040661
0.036958
0.023555
0.25555
0.13063
0.75427
0.00057678
0.00040722
7.2236e-06
0.097076
0.11759
0.98215
0.009176
0.080089
0.98653
0.9913
0.0014145
0.0040641
0.9871
0.1822
0.0040766
0.16487
5.4981e-06
7.3606e-06
0.57241
13.001
0.9324
13.006
4.2743
13.001
0.0013548
0.019059
0.007236
-0.014638
0.13781
0.12026
0.00091504
0.6529
0.3471
0.22135
0.11648
0.12075
0.54141
2.0542
0.0057442
-0.00079294
0.10051
0.52473
17.233
-6.5473e+06
-47.8
0.0743
0.9717
129.43
8.5547
-85.531
1.3965
0.00040782
0.037061
0.023553
0.25553
0.13055
0.75426
0.00057677
0.00041512
7.2236e-06
0.097029
0.11751
0.98215
0.009176
0.080088
0.98653
0.9913
0.0014145
0.0040641
0.9871
0.1822
0.0040766
0.16487
5.4699e-06
7.3233e-06
0.57243
13
0.93239
13.006
4.2743
13
0.0013802
0.019047
0.0073031
0.025901
0.13781
0.12027
0.00091521
0.798
0.202
0.32549
0.086378
0.10692
0.48121
1.908
0.0062622
-0.00046012
0.10266
0.5272
0.26542
-2.8577e+06
-47.8
0.0743
0.9717
129.43
8.5547
-85.531
1.3963
0.00040776
0.037054
0.023517
0.25536
0.13045
0.75406
0.00057587
0.00041718
7.2236e-06
0.097001
0.11748
0.98215
0.009176
0.080087
0.98653
0.9913
0.0014145
0.0040641
0.9871
0.1822
0.0040766
0.16487
5.4426e-06
7.2862e-06
0.57241
13
0.93239
13.006
4.2743
13
0.0013866
0.019041
0.0073159
0.025727
0.13781
0.12028
0.00091533
0.80563
0.19437
0.33472
0.084834
0.10558
0.47486
1.8991
0.0063017
-0.00043492
0.10317
0.52717
0.26324
-5.8688e+06
-47.8
0.0743
0.9717
129.43
8.5547
-85.531
1.3963
0.00040784
0.037062
0.023496
0.25528
0.13038
0.75397
0.00057535
0.00041858
7.2237e-06
0.096977
0.11744
0.98215
0.009176
0.080086
0.98653
0.9913
0.0014145
0.0040641
0.9871
0.18219
0.0040766
0.16487
5.4236e-06
7.2606e-06
0.57241
13
0.93237
13.006
4.2742
13
0.0013933
0.019032
0.0073364
0.024011
0.13781
0.12028
0.00091548
0.87867
0.12133
0.42373
0.064447
0.091998
0.41983
1.799
0.00671
-0.00017495
0.10477
0.5291
0.2257
-2.2804e+10
-47.8
0.0743
0.9717
129.43
8.5547
-85.531
1.3963
0.00040773
0.037051
0.02351
0.25533
0.13043
0.75407
0.00057571
0.00041744
7.2237e-06
0.097006
0.11747
0.98215
0.009176
0.080085
0.98653
0.9913
0.0014145
0.0040641
0.9871
0.18219
0.0040766
0.16487
5.4394e-06
7.2816e-06
0.5724
12.998
0.93233
13.004
4.274
12.998
0.0013876
0.019038
0.0073184
0.025523
0.13781
0.12028
0.00091567
0.81545
0.18455
0.34466
0.082382
0.10412
0.46883
1.8877
0.0063484
-0.0004051
0.10332
0.5273
0.25912
-1.4639e+07
-47.8
0.0743
0.9717
129.43
8.5547
-85.531
1.3965
0.00040762
0.037043
0.023529
0.25543
0.1305
0.7542
0.00057618
0.00041542
7.2237e-06
0.09703
0.1175
0.98215
0.009176
0.080084
0.98653
0.9913
0.0014145
0.0040641
0.9871
0.18219
0.0040766
0.16487
5.4582e-06
7.3072e-06
0.57241
12.996
0.93226
13.002
4.2737
12.996
0.001381
0.019043
0.0073016
0.026327
0.13781
0.12027
0.00091588
0.77494
0.22506
0.30606
0.091996
0.10967
0.49227
1.9343
0.0061648
-0.0005224
0.10247
0.52653
0.27288
-3.9465e+05
-47.8
0.0743
0.9717
129.43
8.5547
-85.531
1.3965
0.00040751
0.037033
0.023525
0.25542
0.13049
0.75419
0.00057607
0.00041477
7.2237e-06
0.097019
0.11748
0.98215
0.009176
0.080084
0.98653
0.9913
0.0014145
0.0040641
0.9871
0.18219
0.0040766
0.16487
5.4576e-06
7.3072e-06
0.57244
12.994
0.93221
13
4.2735
12.995
0.001379
0.019042
0.0072967
0.026653
0.13781
0.12027
0.00091607
0.75676
0.24324
0.29136
0.096109
0.1117
0.50083
1.9534
0.0060927
-0.00056862
0.10227
0.52625
0.27917
-1.4999e+05
-47.8
0.0743
0.9717
129.43
8.5547
-85.531
1.3964
0.00040783
0.037061
0.023508
0.25537
0.13042
0.75413
0.00057564
0.00041767
7.2237e-06
0.096964
0.11741
0.98215
0.009176
0.080083
0.98653
0.9913
0.0014145
0.0040641
0.9871
0.18219
0.0040766
0.16487
5.4353e-06
7.279e-06
0.5725
12.993
0.93216
12.999
4.2732
12.993
0.0013895
0.019031
0.0073265
0.024982
0.13781
0.12029
0.00091623
0.84043
0.15957
0.37171
0.075714
0.10007
0.4525
1.8551
0.006476
-0.00032367
0.10378
0.52811
0.24771
-2.0956e+08
-47.8
0.0743
0.9717
129.43
8.5547
-85.531
1.3964
0.00040748
0.037032
0.023497
0.25533
0.13041
0.75414
0.00057536
0.00041649
7.2237e-06
0.096955
0.1174
0.98215
0.009176
0.080082
0.98653
0.9913
0.0014145
0.0040641
0.9871
0.18219
0.0040766
0.16487
5.434e-06
7.2779e-06
0.57252
12.992
0.93212
12.997
4.273
12.992
0.0013863
0.019028
0.0073192
0.024796
0.13781
0.12029
0.00091637
0.84861
0.15139
0.38079
0.07332
0.098693
0.4472
1.8454
0.0065171
-0.00029748
0.10367
0.52805
0.24325
-4.6767e+08
-47.8
0.0743
0.9717
129.43
8.5547
-85.531
1.3963
0.00040585
0.036889
0.023466
0.25518
0.13043
0.75402
0.00057451
0.00040845
7.2237e-06
0.096976
0.11745
0.98215
0.009176
0.080081
0.98653
0.9913
0.0014145
0.0040641
0.9871
0.18219
0.0040766
0.16487
5.4446e-06
7.2921e-06
0.57252
12.99
0.93206
12.996
4.2728
12.99
0.001359
0.019036
0.0072419
-0.01684
0.13781
0.12028
0.00091645
0.64641
0.35359
0.21915
0.1182
0.12095
0.54169
2.0622
0.0057239
-0.00080605
0.10076
0.52397
20.579
-1.3849e+07
-47.8
0.0743
0.9717
129.43
8.5547
-85.531
1.3965
0.00040747
0.037036
0.023497
0.2554
0.13041
0.75423
0.00057531
0.00041515
7.2237e-06
0.096914
0.11734
0.98215
0.009176
0.08008
0.98653
0.9913
0.0014145
0.0040641
0.9871
0.18219
0.0040766
0.16487
5.4313e-06
7.277e-06
0.57261
12.988
0.932
12.994
4.2725
12.988
0.0013863
0.019017
0.0073287
0.022873
0.13781
0.1203
0.0009168
0.91621
0.083788
0.48636
0.05088
0.081864
0.3809
1.731
0.006977
-5.6229e-06
0.10503
0.53036
0.19789
-6.0447e+12
-47.8
0.0743
0.9717
129.43
8.5547
-85.531
1.3966
0.00040672
0.036968
0.023521
0.25549
0.13054
0.75434
0.0005759
0.00040936
7.2237e-06
0.096977
0.11743
0.98215
0.009176
0.080079
0.98653
0.9913
0.0014145
0.0040641
0.9871
0.18219
0.0040766
0.16487
5.4712e-06
7.3304e-06
0.57261
12.985
0.93192
12.991
4.2721
12.985
0.001363
0.019035
0.00726
-0.0028765
0.13781
0.12028
0.00091706
0.68324
0.31676
0.23986
0.11102
0.11845
0.53067
2.0252
0.0058358
-0.00073372
0.10108
0.52527
7.7383
-6.9987e+05
-47.8
0.0743
0.9717
129.43
8.5547
-85.531
1.3967
0.00040669
0.036965
0.023536
0.25557
0.13059
0.75444
0.00057629
0.00040818
7.2237e-06
0.096996
0.11745
0.98215
0.009176
0.080079
0.98653
0.9913
0.0014145
0.0040641
0.9871
0.18219
0.0040767
0.16487
5.4858e-06
7.3502e-06
0.57262
12.983
0.93186
12.989
4.2718
12.983
0.0013587
0.019037
0.0072496
-0.0080638
0.13781
0.12028
0.00091742
0.67281
0.32719
0.2331
0.11287
0.11929
0.53474
2.035
0.0058028
-0.00075498
0.10077
0.52521
11.024
-1.5173e+06
-47.8
0.0743
0.9717
129.43
8.5547
-85.531
1.3966
0.00040701
0.036992
0.023517
0.25547
0.13051
0.75435
0.00057581
0.00041158
7.2237e-06
0.096967
0.11741
0.98215
0.009176
0.080078
0.98653
0.9913
0.0014145
0.0040641
0.9871
0.18219
0.0040767
0.16487
5.4631e-06
7.3197e-06
0.57261
12.983
0.93184
12.989
4.2718
12.983
0.0013699
0.019028
0.0072775
0.025846
0.13781
0.12029
0.00091782
0.71669
0.28331
0.26172
0.10449
0.11565
0.51813
1.9934
0.0059454
-0.00066316
0.10157
0.52573
0.29299
-1.3344e+05
-47.8
0.0743
0.9717
129.43
8.5547
-85.531
1.3963
0.00040754
0.037038
0.02346
0.25523
0.13031
0.75406
0.00057442
0.00041809
7.2237e-06
0.096875
0.11728
0.98215
0.009176
0.080077
0.98653
0.9913
0.0014145
0.0040641
0.9871
0.18218
0.0040767
0.16487
5.4038e-06
7.2406e-06
0.57262
12.983
0.93186
12.989
4.2718
12.983
0.0013942
0.019002
0.0073435
0.02319
0.13781
0.12031
0.00091817
0.90569
0.094312
0.46951
0.055116
0.084636
0.39074
1.7517
0.0069024
-5.287e-05
0.10523
0.52984
0.20742
-1.0589e+12
-47.8
0.0743
0.9717
129.43
8.5547
-85.531
1.3962
0.00040732
0.037016
0.023437
0.2551
0.13025
0.75394
0.00057383
0.00041908
7.2237e-06
0.09687
0.11728
0.98215
0.009176
0.080076
0.98653
0.9913
0.0014145
0.0040641
0.9871
0.18218
0.0040767
0.16487
5.391e-06
7.2226e-06
0.5726
12.983
0.93184
12.989
4.2718
12.983
0.0013954
0.018999
0.0073409
0.024113
0.13781
0.12032
0.00091849
0.87385
0.12615
0.41827
0.066118
0.09287
0.42275
1.8081
0.0066778
-0.00019533
0.1046
0.52845
0.2297
-9.8026e+09
-47.8
0.0743
0.9717
129.43
8.5547
-85.531
1.3963
0.00040722
0.037008
0.023447
0.25514
0.13029
0.75405
0.0005741
0.00041825
7.2237e-06
0.096887
0.1173
0.98215
0.009176
0.080076
0.98653
0.9913
0.0014145
0.0040641
0.9871
0.18218
0.0040767
0.16487
5.4029e-06
7.2387e-06
0.5726
12.981
0.93179
12.987
4.2716
12.981
0.0013918
0.019001
0.0073307
0.024544
0.13781
0.12032
0.00091885
0.85776
0.14224
0.39459
0.070902
0.09657
0.43794
1.8333
0.0065738
-0.0002614
0.10402
0.5279
0.23892
-1.1956e+09
-47.8
0.0743
0.9717
129.43
8.5547
-85.531
1.3964
0.00040669
0.036961
0.023449
0.25515
0.13034
0.75409
0.00057412
0.00041495
7.2237e-06
0.096898
0.11732
0.98215
0.009176
0.080075
0.98653
0.9913
0.0014145
0.0040641
0.9871
0.18218
0.0040767
0.16487
5.4165e-06
7.2577e-06
0.57263
12.979
0.93172
12.985
4.2712
12.979
0.0013802
0.019005
0.0072978
0.026572
0.13781
0.12031
0.00091919
0.75999
0.24001
0.29523
0.095658
0.11114
0.49797
1.9523
0.0061024
-0.00056235
0.1023
0.52564
0.27826
-1.5023e+05
-47.8
0.0743
0.9717
129.43
8.5547
-85.531
1.3963
0.00040704
0.036993
0.023433
0.25514
0.13027
0.75405
0.00057371
0.00041739
7.2237e-06
0.096818
0.11721
0.98215
0.009176
0.080074
0.98653
0.9913
0.0014145
0.0040641
0.9871
0.18218
0.0040767
0.16487
5.3936e-06
7.2302e-06
0.57274
12.977
0.93165
12.982
4.2709
12.977
0.0013913
0.018987
0.0073344
0.023387
0.13781
0.12033
0.00091954
0.89976
0.10024
0.45762
0.057206
0.086568
0.3986
1.7647
0.0068528
-8.4221e-05
0.10483
0.52929
0.21182
-3.5767e+11
-47.8
0.0743
0.9717
129.43
8.5547
-85.531
1.3962
0.00040612
0.036911
0.023409
0.25502
0.13026
0.75394
0.00057308
0.00041396
7.2237e-06
0.096791
0.11719
0.98215
0.009176
0.080074
0.98653
0.9913
0.0014145
0.0040641
0.9871
0.18218
0.0040767
0.16487
5.3947e-06
7.2341e-06
0.57282
12.973
0.93155
12.979
4.2704
12.974
0.0013773
0.018988
0.0072899
0.026811
0.13781
0.12033
0.00091985
0.74616
0.25384
0.28452
0.098701
0.11259
0.50419
1.9671
0.0060476
-0.0005975
0.10208
0.52526
0.28222
-1.1035e+05
-47.8
0.0743
0.9717
129.43
8.5547
-85.531
1.3961
0.00040646
0.036942
0.023381
0.25497
0.13016
0.75382
0.00057238
0.00041702
7.2237e-06
0.096668
0.11703
0.98215
0.009176
0.080073
0.98653
0.9913
0.0014145
0.0040641
0.9871
0.18218
0.0040767
0.16487
5.362e-06
7.1952e-06
0.57299
12.97
0.93144
12.976
4.2699
12.97
0.0013904
0.018966
0.0073316
0.023211
0.1378
0.12035
0.00092019
0.90512
0.09488
0.46777
0.055277
0.084921
0.39203
1.7548
0.0068913
-5.9896e-05
0.10496
0.52934
0.20762
-8.3642e+11
-47.8
0.0743
0.9717
129.43
8.5547
-85.531
1.3961
0.00040588
0.036889
0.02337
0.25493
0.13017
0.75376
0.00057209
0.00041464
7.2237e-06
0.096619
0.11697
0.98215
0.009176
0.080073
0.98653
0.9913
0.0014145
0.0040641
0.9871
0.18218
0.0040767
0.16487
5.3667e-06
7.2057e-06
0.57313
12.965
0.9313
12.971
4.2693
12.965
0.0013792
0.018968
0.0072953
0.026433
0.1378
0.12035
0.00092051
0.76798
0.23202
0.3013
0.093777
0.11029
0.49464
1.9442
0.0061289
-0.00054538
0.10229
0.52569
0.27526
-2.1876e+05
-47.8
0.0743
0.9717
129.43
8.5547
-85.531
1.3961
0.0004061
0.036909
0.023372
0.255
0.13017
0.75378
0.00057215
0.00041558
7.2237e-06
0.09654
0.11686
0.98215
0.009176
0.080072
0.98653
0.9913
0.0014145
0.0040641
0.9871
0.18218
0.0040767
0.16487
5.3627e-06
7.2054e-06
0.5733
12.961
0.93116
12.967
4.2686
12.961
0.0013821
0.018958
0.0073064
0.025527
0.1378
0.12036
0.00092084
0.81564
0.18436
0.34371
0.082153
0.10423
0.46991
1.8891
0.0063367
-0.00041248
0.10289
0.52699
0.2582
-1.2624e+07
-47.8
0.0743
0.9717
129.43
8.5547
-85.531
1.3961
0.00040555
0.036862
0.023373
0.25504
0.13022
0.7538
0.00057214
0.00041156
7.2237e-06
0.096514
0.11684
0.98215
0.009176
0.080072
0.98653
0.9913
0.0014145
0.0040641
0.9871
0.18218
0.0040767
0.16487
5.3748e-06
7.225e-06
0.57341
12.957
0.93104
12.963
4.2681
12.957
0.0013692
0.018959
0.007273
0.027226
0.1378
0.12036
0.00092108
0.72299
0.27701
0.26586
0.10316
0.11507
0.5159
1.9885
0.00596
-0.00065382
0.10155
0.52551
0.28762
-1.1747e+05
-47.8
0.0743
0.9717
129.43
8.5547
-85.531
1.3962
0.00040557
0.036865
0.023379
0.2551
0.13024
0.75387
0.0005723
0.00041112
7.2237e-06
0.09649
0.1168
0.98215
0.009176
0.080071
0.98653
0.9913
0.0014145
0.0040641
0.9871
0.18218
0.0040767
0.16487
5.3792e-06
7.233e-06
0.57349
12.955
0.93097
12.961
4.2678
12.955
0.0013684
0.018956
0.0072737
0.02686
0.1378
0.12036
0.00092124
0.74546
0.25454
0.28117
0.098217
0.11305
0.50756
1.9662
0.0060372
-0.00060419
0.10155
0.5259
0.28119
-1.1258e+05
-47.8
0.0743
0.9717
129.43
8.5547
-85.531
1.3961
0.00040478
0.036796
0.023362
0.25502
0.13024
0.75381
0.00057184
0.00040752
7.2237e-06
0.096502
0.11683
0.98215
0.009176
0.080071
0.98653
0.9913
0.0014145
0.0040641
0.9871
0.18218
0.0040767
0.16487
5.3827e-06
7.2374e-06
0.57348
12.954
0.93095
12.96
4.2677
12.954
0.0013563
0.018959
0.0072403
-0.0063568
0.1378
0.12036
0.00092126
0.67779
0.32221
0.23598
0.11189
0.11889
0.53324
2.0328
0.0058094
-0.00075077
0.10063
0.52466
9.8534
-1.1582e+06
-47.8
0.0743
0.9717
129.43
8.5547
-85.531
1.3961
0.00040467
0.036785
0.023346
0.25493
0.13019
0.75375
0.00057142
0.0004083
7.2237e-06
0.096509
0.11684
0.98215
0.009176
0.08007
0.98653
0.9913
0.0014145
0.0040641
0.9871
0.18218
0.0040767
0.16487
5.3721e-06
7.2217e-06
0.57343
12.955
0.93097
12.961
4.2678
12.955
0.0013587
0.018957
0.0072445
-0.0039435
0.1378
0.12036
0.00092134
0.68345
0.31655
0.23985
0.11094
0.1184
0.53081
2.0282
0.0058272
-0.00073935
0.10079
0.5245
8.3744
-8.1552e+05
-47.8
0.0743
0.9717
129.43
8.5547
-85.531
1.3961
0.00040561
0.036868
0.023336
0.25487
0.1301
0.75373
0.00057122
0.00041511
7.2237e-06
0.096486
0.1168
0.98215
0.009176
0.08007
0.98653
0.9913
0.0014145
0.0040641
0.9871
0.18218
0.0040767
0.16487
5.3433e-06
7.1815e-06
0.57337
12.957
0.93102
12.962
4.268
12.957
0.0013824
0.018944
0.0073089
0.024575
0.1378
0.12037
0.00092153
0.85778
0.14222
0.39182
0.070602
0.096985
0.44059
1.8343
0.0065607
-0.00026978
0.10359
0.52784
0.23856
-1.2034e+09
-47.8
0.0743
0.9717
129.43
8.5547
-85.531
1.396
0.00040491
0.036804
0.023312
0.25469
0.13007
0.75362
0.00057061
0.00041326
7.2237e-06
0.096536
0.11688
0.98215
0.009176
0.080069
0.98653
0.9913
0.0014145
0.0040641
0.9871
0.18218
0.0040767
0.16487
5.3408e-06
7.1746e-06
0.57326
12.958
0.93108
12.964
4.2683
12.959
0.0013746
0.018949
0.0072803
0.026674
0.1378
0.12037
0.00092162
0.75431
0.24569
0.29032
0.096811
0.11179
0.50107
1.9605
0.0060726
-0.00058155
0.10195
0.52495
0.28029
-1.2426e+05
-47.8
0.0743
0.9717
129.43
8.5547
-85.531
1.3959
0.00040519
0.036829
0.023286
0.25458
0.12997
0.75351
0.00056995
0.00041649
7.2237e-06
0.096507
0.11684
0.98215
0.009176
0.080069
0.98653
0.9913
0.0014145
0.0040641
0.9871
0.18218
0.0040767
0.16487
5.312e-06
7.1349e-06
0.57322
12.96
0.93112
12.965
4.2685
12.96
0.0013879
0.018935
0.0073194
0.023703
0.1378
0.12038
0.00092174
0.88848
0.11152
0.44009
0.06124
0.089406
0.40927
1.7873
0.0067663
-0.0001392
0.10452
0.52809
0.2202
-6.049e+10
-47.8
0.0743
0.9717
129.43
8.5547
-85.531
1.3958
0.00040506
0.036819
0.023276
0.25455
0.12995
0.75348
0.0005697
0.00041595
7.2237e-06
0.096494
0.11682
0.98215
0.009176
0.080068
0.98653
0.9913
0.0014145
0.0040641
0.9871
0.18218
0.0040767
0.16487
5.3063e-06
7.1276e-06
0.57323
12.959
0.93109
12.965
4.2684
12.959
0.0013877
0.01893
0.0073216
0.022723
0.1378
0.12039
0.00092191
0.91856
0.081441
0.49648
0.050191
0.080242
0.37309
1.7292
0.0069986
7.931e-06
0.10522
0.52908
0.19622
-7.4471e+12
-47.8
0.0743
0.9717
129.43
8.5547
-85.531
1.396
0.00040458
0.036775
0.0233
0.25465
0.13006
0.75362
0.0005703
0.0004122
7.2237e-06
0.096526
0.11687
0.98215
0.009176
0.080068
0.98653
0.9913
0.0014145
0.0040641
0.9871
0.18218
0.0040767
0.16487
5.3391e-06
7.1731e-06
0.57328
12.956
0.931
12.962
4.2679
12.956
0.0013711
0.018944
0.0072705
0.026927
0.1378
0.12037
0.00092215
0.7396
0.2604
0.27902
0.099961
0.11332
0.50771
1.9763
0.0060161
-0.0006178
0.10167
0.52456
0.28386
-1.0611e+05
-47.8
0.0743
0.9717
129.43
8.5547
-85.531
1.396
0.00040517
0.036827
0.023306
0.25473
0.13004
0.75364
0.00057048
0.00041503
7.2237e-06
0.096448
0.11675
0.98215
0.009176
0.080068
0.98653
0.9913
0.0014145
0.0040641
0.9871
0.18218
0.0040767
0.16487
5.3306e-06
7.1662e-06
0.57343
12.952
0.93089
12.958
4.2674
12.952
0.00138
0.018935
0.0072975
0.025524
0.1378
0.12038
0.00092242
0.81534
0.18466
0.34381
0.082279
0.10422
0.46969
1.8916
0.0063323
-0.00041531
0.10276
0.5264
0.25908
-1.0667e+07
-47.8
0.0743
0.9717
129.43
8.5547
-85.531
1.3959
0.00040507
0.036818
0.023297
0.25474
0.13003
0.75359
0.00057024
0.00041456
7.2237e-06
0.096381
0.11667
0.98215
0.009176
0.080067
0.98653
0.9913
0.0014145
0.0040641
0.9871
0.18218
0.0040767
0.16487
5.3245e-06
7.162e-06
0.57357
12.949
0.93078
12.955
4.2669
12.949
0.0013789
0.018928
0.0072965
0.025419
0.1378
0.12039
0.00092264
0.82069
0.17931
0.34876
0.080822
0.10348
0.46693
1.8847
0.006356
-0.0004002
0.10278
0.52664
0.25598
-1.8779e+07
-47.8
0.0743
0.9717
129.43
8.5547
-85.531
1.3959
0.00040396
0.036722
0.023278
0.25467
0.13005
0.75349
0.0005697
0.00040865
7.2237e-06
0.096361
0.11666
0.98215
0.009176
0.080067
0.98653
0.9913
0.0014145
0.0040641
0.9871
0.18218
0.0040767
0.16487
5.3326e-06
7.1754e-06
0.57366
12.946
0.93069
12.952
4.2665
12.946
0.0013591
0.018931
0.0072417
-0.0066158
0.1378
0.12039
0.00092277
0.67961
0.32039
0.23794
0.11182
0.1186
0.53164
2.0332
0.0058117
-0.00074932
0.10079
0.52405
9.9912
-1.1913e+06
-47.8
0.0743
0.9717
129.43
8.5547
-85.531
1.3959
0.00040481
0.036796
0.02329
0.25476
0.13003
0.75356
0.00057004
0.00041286
7.2237e-06
0.0963
0.11656
0.98215
0.009176
0.080067
0.98653
0.9913
0.0014145
0.0040641
0.9871
0.18217
0.0040767
0.16487
5.3236e-06
7.1663e-06
0.57376
12.943
0.93061
12.949
4.2661
12.944
0.0013735
0.018921
0.0072829
0.026198
0.1378
0.1204
0.00092305
0.78185
0.21815
0.31114
0.090229
0.1089
0.48974
1.9298
0.0061752
-0.00051578
0.10202
0.52594
0.27037
-5.449e+05
-47.8
0.0743
0.9717
129.43
8.5547
-85.531
1.3959
0.00040493
0.036807
0.023295
0.2548
0.13004
0.75358
0.00057017
0.00041294
7.2237e-06
0.096288
0.11655
0.98215
0.009176
0.080067
0.98653
0.9913
0.0014145
0.0040641
0.9871
0.18217
0.0040767
0.16487
5.325e-06
7.1692e-06
0.5738
12.942
0.93057
12.948
4.266
12.942
0.0013739
0.01892
0.0072849
0.026255
0.1378
0.1204
0.00092321
0.77887
0.22113
0.30855
0.090925
0.10926
0.49127
1.9325
0.006163
-0.00052354
0.10203
0.52605
0.27149
-4.5338e+05
-47.8
0.0743
0.9717
129.43
8.5547
-85.531
1.396
0.00040434
0.036756
0.023301
0.25482
0.1301
0.75363
0.00057028
0.0004089
7.2237e-06
0.096339
0.11662
0.98215
0.009176
0.080066
0.98653
0.9913
0.0014145
0.0040641
0.9871
0.18217
0.0040767
0.16487
5.343e-06
7.192e-06
0.57374
12.942
0.93058
12.948
4.266
12.942
0.0013605
0.018928
0.0072494
0.0036437
0.1378
0.12039
0.00092326
0.69543
0.30457
0.24731
0.10862
0.11742
0.52664
2.0169
0.0058607
-0.00071771
0.10092
0.52468
4.9746
-3.7088e+05
-47.8
0.0743
0.9717
129.43
8.5547
-85.531
1.396
0.00040452
0.036772
0.023308
0.25482
0.1301
0.7537
0.00057047
0.00040993
7.2237e-06
0.096378
0.11666
0.98215
0.009176
0.080066
0.98653
0.9913
0.0014145
0.0040641
0.9871
0.18217
0.0040767
0.16487
5.3459e-06
7.1934e-06
0.57366
12.944
0.93062
12.95
4.2662
12.944
0.0013639
0.018929
0.007258
0.021917
0.1378
0.12039
0.00092333
0.71591
0.28409
0.26087
0.10457
0.11568
0.51888
1.9976
0.0059278
-0.00067447
0.10116
0.52489
0.47653
-1.4653e+05
-47.8
0.0743
0.9717
129.43
8.5547
-85.531
1.3959
0.00040499
0.036811
0.02329
0.2547
0.13001
0.7536
0.00057005
0.00041442
7.2237e-06
0.096382
0.11667
0.98215
0.009176
0.080066
0.98653
0.9913
0.0014145
0.0040641
0.9871
0.18217
0.0040767
0.16487
5.3217e-06
7.1581e-06
0.57357
12.946
0.9307
12.952
4.2666
12.947
0.0013787
0.018924
0.0072942
0.025958
0.1378
0.12039
0.00092335
0.79341
0.20659
0.32289
0.087747
0.10722
0.48214
1.9176
0.0062264
-0.000483
0.10237
0.52586
0.26708
-1.2838e+06
-47.8
0.0743
0.9717
129.43
8.5547
-85.531
1.3958
0.00040523
0.036833
0.023268
0.25458
0.12992
0.75348
0.00056949
0.0004171
7.2237e-06
0.096389
0.11667
0.98215
0.009176
0.080066
0.98653
0.9913
0.0014145
0.0040641
0.9871
0.18217
0.0040767
0.16487
5.2974e-06
7.1224e-06
0.57346
12.949
0.9308
12.955
4.267
12.949
0.0013899
0.018916
0.0073264
0.023616
0.1378
0.1204
0.00092331
0.89143
0.10857
0.44499
0.060239
0.088604
0.40617
1.7815
0.0067815
-0.00012953
0.10463
0.52838
0.21809
-9.3408e+10
-47.8
0.0743
0.9717
129.43
8.5547
-85.531
1.396
0.00040515
0.036826
0.023285
0.25463
0.12998
0.75363
0.00056992
0.00041615
7.2237e-06
0.096463
0.11677
0.98215
0.009176
0.080066
0.98653
0.9913
0.0014145
0.0040641
0.9871
0.18217
0.0040767
0.16487
5.3141e-06
7.1414e-06
0.57335
12.951
0.93086
12.957
4.2673
12.951
0.0013865
0.018924
0.0073172
0.02393
0.1378
0.12039
0.00092327
0.88083
0.11917
0.42692
0.063696
0.09149
0.4179
1.8008
0.0067042
-0.00017854
0.10412
0.52779
0.22536
-1.8265e+10
-47.8
0.0743
0.9717
129.43
8.5547
-85.531
1.396
0.00040407
0.036731
0.02329
0.2546
0.13006
0.75369
0.00057002
0.0004097
7.2237e-06
0.096555
0.1169
0.98215
0.009176
0.080065
0.98653
0.9913
0.0014145
0.0040641
0.9871
0.18217
0.0040767
0.16487
5.3442e-06
7.1788e-06
0.57324
12.952
0.93089
12.958
4.2674
12.952
0.0013631
0.018941
0.0072495
-0.0030718
0.1378
0.12038
0.00092321
0.69059
0.30941
0.24611
0.11011
0.11753
0.52626
2.0251
0.0058443
-0.00072827
0.10103
0.52357
7.9725
-7.2582e+05
-47.8
0.0743
0.9717
129.43
8.5547
-85.531
1.396
0.00040518
0.036831
0.023289
0.25465
0.12998
0.75368
0.00057001
0.00041562
7.2237e-06
0.09649
0.1168
0.98215
0.009176
0.080065
0.98653
0.9913
0.0014145
0.0040641
0.9871
0.18217
0.0040767
0.16487
5.3163e-06
7.1428e-06
0.57329
12.952
0.93088
12.958
4.2674
12.952
0.0013869
0.018923
0.0073219
0.02269
0.1378
0.12039
0.00092336
0.91977
0.080228
0.49765
0.049627
0.080042
0.37268
1.7273
0.0069997
8.698e-06
0.10499
0.52907
0.19508
-7.9791e+12
-47.8
0.0743
0.9717
129.43
8.5547
-85.531
1.396
0.00040519
0.036828
0.023288
0.25463
0.12999
0.75364
0.00057002
0.00041638
7.2237e-06
0.096473
0.11678
0.98215
0.009176
0.080065
0.98653
0.9913
0.0014145
0.0040641
0.9871
0.18217
0.0040767
0.16487
5.3176e-06
7.1459e-06
0.57334
12.951
0.93083
12.956
4.2672
12.951
0.0013853
0.018927
0.0073101
0.02539
0.1378
0.12039
0.0009235
0.82001
0.17999
0.35094
0.081394
0.10313
0.46453
1.8868
0.0063521
-0.00040264
0.10299
0.52607
0.25664
-1.4516e+07
-47.8
0.0743
0.9717
129.43
8.5547
-85.531
1.396
0.00040525
0.036836
0.023293
0.25471
0.13
0.75369
0.00057013
0.00041561
7.2237e-06
0.09643
0.11672
0.98215
0.009176
0.080065
0.98653
0.9913
0.0014145
0.0040641
0.9871
0.18217
0.0040767
0.16487
5.3183e-06
7.1497e-06
0.57344
12.948
0.93076
12.954
4.2668
12.948
0.0013856
0.01892
0.0073186
0.023519
0.1378
0.1204
0.00092364
0.89535
0.10465
0.44932
0.058706
0.087902
0.40407
1.7756
0.0068011
-0.00011702
0.10432
0.52843
0.21491
-1.4455e+11
-47.8
0.0743
0.9717
129.43
8.5547
-85.531
1.396
0.00040375
0.036704
0.023286
0.25468
0.13008
0.75366
0.0005699
0.00040699
7.2237e-06
0.096453
0.11677
0.98215
0.009176
0.080065
0.98653
0.9913
0.0014145
0.0040641
0.9871
0.18217
0.0040767
0.16487
5.3468e-06
7.1897e-06
0.57349
12.945
0.93067
12.951
4.2664
12.945
0.0013542
0.018934
0.007229
-0.015294
0.1378
0.12038
0.00092372
0.65453
0.34547
0.2238
0.11675
0.12025
0.53919
2.0578
0.0057306
-0.00080166
0.10041
0.52337
19.479
-1.0473e+07
-47.8
0.0743
0.9717
129.43
8.5547
-85.531
1.3961
0.00040471
0.036788
0.023311
0.25482
0.1301
0.75378
0.00057054
0.00041123
7.2237e-06
0.096406
0.1167
0.98215
0.009176
0.080065
0.98653
0.9913
0.0014145
0.0040641
0.9871
0.18217
0.0040767
0.16487
5.3453e-06
7.1906e-06
0.57359
12.943
0.9306
12.949
4.2661
12.943
0.0013685
0.018927
0.0072702
0.026746
0.1378
0.12039
0.00092397
0.75077
0.24923
0.28633
0.097326
0.11226
0.50408
1.964
0.0060458
-0.00059861
0.10149
0.52513
0.27983
-1.1428e+05
-47.8
0.0743
0.9717
129.43
8.5547
-85.531
1.3959
0.00040518
0.036827
0.023286
0.25472
0.13
0.7536
0.00056994
0.00041565
7.2237e-06
0.096324
0.11659
0.98215
0.009176
0.080065
0.98653
0.9913
0.0014145
0.0040641
0.9871
0.18217
0.0040767
0.16487
5.3144e-06
7.1515e-06
0.57368
12.942
0.93057
12.948
4.2659
12.942
0.0013822
0.018914
0.0073048
0.0255
0.1378
0.1204
0.0009241
0.81608
0.18392
0.34497
0.082153
0.10399
0.46889
1.8905
0.0063263
-0.00041908
0.10276
0.52645
0.25848
-1.0676e+07
-47.8
0.0743
0.9717
129.43
8.5547
-85.531
1.3958
0.00040504
0.036814
0.02326
0.2546
0.12993
0.75344
0.0005693
0.00041658
7.2237e-06
0.096286
0.11654
0.98215
0.009176
0.080065
0.98653
0.9913
0.0014145
0.0040641
0.9871
0.18217
0.0040767
0.16487
5.2964e-06
7.1281e-06
0.57371
12.942
0.93056
12.948
4.2659
12.942
0.001385
0.018908
0.0073101
0.025313
0.1378
0.12041
0.00092415
0.82437
0.17563
0.35462
0.080145
0.10256
0.46267
1.8805
0.0063687
-0.00039205
0.10307
0.52649
0.25435
-2.4565e+07
