-85.362
1.3923
0.00039878
0.036237
0.022038
0.25283
0.12801
0.74939
0.00053795
0.00043671
7.4292e-06
0.1096
0.137
0.96376
0.010829
0.11704
0.98602
0.99059
0.0014549
0.0041094
0.97705
0.15688
0.0041223
0.16045
5.4124e-06
6.2579e-06
0.53622
12.476
0.91547
12.483
4.1974
12.476
0.0014193
0.021481
0.0072777
0.017905
0.13809
0.11779
0.00078077
0.85651
0.14349
0.38745
0.07869
0.079649
0.45421
1.8617
0.0044291
-0.0016684
0.10614
0.51611
-2.4486
-1.5419e+08
-47.8
0.0743
0.9717
129.43
8.5547
-85.362
1.3922
0.00039792
0.036163
0.022005
0.25267
0.12796
0.74923
0.0005371
0.00043313
7.4292e-06
0.10958
0.137
0.96376
0.010829
0.11703
0.98602
0.99059
0.0014549
0.0041094
0.97705
0.15688
0.0041223
0.16045
5.4023e-06
6.2463e-06
0.53622
12.475
0.91543
12.482
4.1972
12.475
0.0014098
0.021481
0.0072528
-0.0030873
0.13809
0.11779
0.00078072
0.92167
0.078334
0.48801
0.052952
0.067711
0.39132
1.7455
0.0045771
-0.0015681
0.10663
0.51757
-4.5074
-1.7655e+12
-47.8
0.0743
0.9717
129.43
8.5547
-85.362
1.392
0.0003982
0.036186
0.021982
0.25261
0.12787
0.74905
0.00053655
0.00043681
7.4292e-06
0.10944
0.13681
0.96376
0.010829
0.11703
0.98602
0.99059
0.0014549
0.0041094
0.97705
0.15688
0.0041223
0.16045
5.3739e-06
6.2184e-06
0.53642
12.47
0.91528
12.477
4.1965
12.47
0.0014206
0.02146
0.0072782
0.02369
0.13809
0.11781
0.00078112
0.81172
0.18828
0.34003
0.093101
0.084888
0.48199
1.9237
0.0043462
-0.0017252
0.1057
0.51468
-2.2666
-1.071e+06
-47.8
0.0743
0.9717
129.43
8.5547
-85.362
1.3918
0.00039779
0.036147
0.02194
0.25245
0.12777
0.74876
0.0005355
0.00043728
7.4292e-06
0.10932
0.13668
0.96376
0.010829
0.11703
0.98602
0.99059
0.0014549
0.0041094
0.97705
0.15688
0.0041223
0.16045
5.3449e-06
6.1884e-06
0.53656
12.467
0.91516
12.473
4.1959
12.467
0.0014202
0.021446
0.0072752
0.01945
0.13809
0.11783
0.00078136
0.84582
0.15418
0.37597
0.08242
0.080912
0.46069
1.8791
0.0044065
-0.0016839
0.10607
0.51526
-2.3951
-3.9517e+07
-47.8
0.0743
0.9717
129.43
8.5547
-85.362
1.3917
0.0003977
0.036141
0.021923
0.25239
0.12773
0.74864
0.00053506
0.00043733
7.4292e-06
0.10925
0.13658
0.96376
0.010829
0.11703
0.98602
0.99059
0.0014549
0.0041094
0.97705
0.15688
0.0041223
0.16045
5.33e-06
6.1738e-06
0.53667
12.464
0.91506
12.47
4.1955
12.464
0.0014223
0.021435
0.0072803
0.026912
0.13809
0.11784
0.0007816
0.78325
0.21675
0.31512
0.10142
0.087535
0.49593
1.9583
0.0043004
-0.0017568
0.10562
0.51392
-2.1634
-95756
-47.8
0.0743
0.9717
129.43
8.5547
-85.362
1.3918
0.00039789
0.036158
0.021936
0.25245
0.12776
0.74876
0.00053538
0.00043739
7.4292e-06
0.10927
0.13659
0.96376
0.010829
0.11703
0.98602
0.99059
0.0014549
0.0041094
0.97705
0.15687
0.0041223
0.16045
5.3376e-06
6.1825e-06
0.53666
12.463
0.91505
12.47
4.1954
12.463
0.0014229
0.021438
0.0072827
0.027095
0.13809
0.11784
0.00078165
0.78139
0.21861
0.31346
0.10191
0.087727
0.49691
1.9597
0.0042988
-0.0017579
0.10565
0.51408
-2.1585
-89049
-47.8
0.0743
0.9717
129.43
8.5547
-85.362
1.3921
0.00039817
0.036185
0.021979
0.25262
0.12787
0.74914
0.00053645
0.00043656
7.4292e-06
0.1094
0.13675
0.96376
0.010829
0.11703
0.98602
0.99059
0.0014549
0.0041094
0.97705
0.15687
0.0041223
0.16045
5.3713e-06
6.2178e-06
0.53651
12.466
0.91513
12.472
4.1958
12.466
0.0014207
0.021454
0.0072794
0.025145
0.13809
0.11782
0.00078148
0.79966
0.20034
0.32864
0.096605
0.086151
0.4886
1.9379
0.0043286
-0.0017373
0.10563
0.51458
-2.2232
-3.669e+05
-47.8
0.0743
0.9717
129.43
8.5547
-85.362
1.3924
0.00039754
0.036132
0.022004
0.25268
0.12798
0.74946
0.00053704
0.00043094
7.4292e-06
0.10959
0.137
0.96376
0.010829
0.11703
0.98602
0.99059
0.0014549
0.0041094
0.97705
0.15687
0.0041223
0.16045
5.411e-06
6.2575e-06
0.53626
12.47
0.91527
12.477
4.1964
12.47
0.0014044
0.021481
0.0072408
-0.013723
0.13809
0.11779
0.00078107
0.931
0.069002
0.50654
0.048473
0.065457
0.37953
1.7239
0.0046054
-0.0015491
0.10648
0.51776
-5.3556
-1.0034e+13
-47.8
0.0743
0.9717
129.43
8.5547
-85.362
1.3925
0.00039762
0.036139
0.022012
0.25271
0.128
0.74957
0.00053725
0.00043109
7.4292e-06
0.10961
0.13702
0.96376
0.010829
0.11703
0.98602
0.99059
0.0014549
0.0041094
0.97705
0.15687
0.0041223
0.16045
5.4175e-06
6.2646e-06
0.53625
12.469
0.91525
12.476
4.1964
12.469
0.0014047
0.021481
0.0072421
-0.0065866
0.13809
0.11779
0.00078122
0.92587
0.074133
0.49496
0.050911
0.066913
0.38722
1.7366
0.0045921
-0.001558
0.1064
0.51762
-4.8381
-3.6916e+12
-47.8
0.0743
0.9717
129.43
8.5547
-85.362
1.3922
0.00039779
0.03615
0.02198
0.25261
0.1279
0.74931
0.00053647
0.00043473
7.4292e-06
0.10945
0.13681
0.96376
0.010829
0.11702
0.98602
0.99059
0.0014549
0.0041094
0.97705
0.15687
0.0041223
0.16045
5.3831e-06
6.2303e-06
0.53647
12.464
0.91509
12.471
4.1956
12.464
0.0014139
0.021457
0.0072628
0.014364
0.13809
0.11782
0.00078178
0.88042
0.11958
0.41817
0.070021
0.076164
0.43564
1.8258
0.0044814
-0.0016329
0.10618
0.51632
-2.6142
-2.9616e+09
-47.8
0.0743
0.9717
129.43
8.5547
-85.362
1.3919
0.00039735
0.03611
0.021917
0.25237
0.12773
0.74886
0.00053491
0.00043651
7.4292e-06
0.10925
0.13656
0.96376
0.010829
0.11702
0.98602
0.99059
0.0014549
0.0041094
0.97705
0.15687
0.0041223
0.16045
5.3347e-06
6.1808e-06
0.53673
12.458
0.91489
12.465
4.1947
12.458
0.0014182
0.021427
0.0072701
0.021837
0.13809
0.11785
0.0007824
0.83078
0.16922
0.35895
0.087189
0.082875
0.47099
1.9005
0.0043819
-0.0017007
0.10578
0.51473
-2.3266
-7.3449e+06
-47.8
0.0743
0.9717
129.43
8.5547
-85.362
1.3916
0.00039656
0.03604
0.021856
0.25211
0.12759
0.7485
0.00053336
0.00043594
7.4292e-06
0.10908
0.13638
0.96376
0.010829
0.11702
0.98602
0.99059
0.0014549
0.0041094
0.97705
0.15687
0.0041223
0.16045
5.2956e-06
6.1406e-06
0.53694
12.453
0.91472
12.46
4.1939
12.453
0.0014172
0.021403
0.0072648
0.025939
0.13808
0.11787
0.00078291
0.79769
0.20231
0.32719
0.09721
0.086311
0.48929
1.9443
0.0043244
-0.0017403
0.1054
0.51349
-2.1977
-2.479e+05
-47.8
0.0743
0.9717
129.43
8.5547
-85.362
1.3913
0.00039565
0.035959
0.021803
0.25188
0.12748
0.74823
0.000532
0.00043455
7.4292e-06
0.10897
0.13626
0.96376
0.010829
0.11702
0.98602
0.99059
0.0014549
0.0041094
0.97705
0.15687
0.0041223
0.16045
5.2674e-06
6.1112e-06
0.53707
12.449
0.91459
12.456
4.1933
12.449
0.0014118
0.021386
0.007249
0.017702
0.13808
0.11789
0.00078328
0.86352
0.13648
0.39703
0.0763
0.078571
0.4481
1.8578
0.0044421
-0.0016597
0.10583
0.51445
-2.4501
-2.4582e+08
-47.8
0.0743
0.9717
129.43
8.5547
-85.362
1.3912
0.00039542
0.03594
0.021775
0.25178
0.12741
0.74809
0.00053129
0.0004347
7.4292e-06
0.10884
0.13611
0.96376
0.010829
0.11702
0.98602
0.99059
0.0014549
0.0041094
0.97705
0.15687
0.0041223
0.16045
5.2452e-06
6.0899e-06
0.53725
12.444
0.91444
12.451
4.1926
12.444
0.0014144
0.021366
0.0072551
0.031469
0.13808
0.11791
0.00078377
0.74759
0.25241
0.28662
0.11082
0.090549
0.51201
2.0032
0.0042491
-0.0017924
0.10492
0.51197
-2.0249
-33634
-47.8
0.0743
0.9717
129.43
8.5547
-85.362
1.3911
0.0003953
0.035929
0.02176
0.25173
0.12737
0.748
0.00053091
0.00043494
7.4292e-06
0.10878
0.13603
0.96376
0.010829
0.11702
0.98602
0.99059
0.0014549
0.0041094
0.97705
0.15687
0.0041223
0.16045
5.2339e-06
6.079e-06
0.53735
12.442
0.91436
12.448
4.1922
12.442
0.0014148
0.021357
0.0072554
0.02805
0.13808
0.11792
0.00078405
0.78019
0.21981
0.31226
0.10217
0.087895
0.49768
1.9674
0.0042963
-0.0017597
0.10513
0.51247
-2.1263
-66549
-47.8
0.0743
0.9717
129.43
8.5547
-85.362
1.3913
0.00039547
0.035946
0.021777
0.25182
0.12742
0.74817
0.00053135
0.00043445
7.4292e-06
0.1088
0.13605
0.96376
0.010829
0.11702
0.98602
0.99059
0.0014549
0.0041094
0.97705
0.15687
0.0041223
0.16045
5.2456e-06
6.0925e-06
0.53734
12.442
0.91434
12.448
4.1922
12.442
0.0014144
0.021359
0.007257
0.036606
0.13808
0.11791
0.0007842
0.69456
0.30544
0.25049
0.12366
0.094201
0.53165
2.0562
0.0041828
-0.0018385
0.10474
0.51152
-1.8716
-33997
-47.8
0.0743
0.9717
129.43
8.5547
-85.362
1.3915
0.00039573
0.035966
0.021806
0.25191
0.12749
0.74839
0.00053207
0.00043492
7.4292e-06
0.10892
0.13619
0.96376
0.010829
0.11702
0.98602
0.99059
0.0014549
0.0041094
0.97705
0.15687
0.0041223
0.16045
5.2682e-06
6.1148e-06
0.53718
12.444
0.91444
12.451
4.1926
12.444
0.0014131
0.021375
0.0072535
0.021889
0.13808
0.1179
0.00078402
0.83306
0.16694
0.36138
0.08645
0.082618
0.46955
1.9013
0.0043852
-0.0016985
0.10549
0.51381
-2.3191
-7.4014e+06
-47.8
0.0743
0.9717
129.43
8.5547
-85.362
1.3917
0.00039579
0.035973
0.021841
0.25204
0.12759
0.74869
0.00053293
0.00043294
7.4292e-06
0.10907
0.13638
0.96376
0.010829
0.11702
0.98602
0.99059
0.0014549
0.0041094
0.97705
0.15687
0.0041223
0.16045
5.3001e-06
6.1471e-06
0.53699
12.448
0.91455
12.454
4.1931
12.448
0.0014079
0.021395
0.0072423
0.014722
0.13808
0.11788
0.00078379
0.88166
0.11834
0.42025
0.069553
0.075929
0.43427
1.8285
0.004483
-0.0016318
0.10582
0.51509
-2.5793
-2.5938e+09
-47.8
0.0743
0.9717
129.43
8.5547
-85.362
1.3918
0.00039569
0.035966
0.021853
0.25208
0.12764
0.74879
0.00053323
0.00043078
7.4292e-06
0.10915
0.13646
0.96376
0.010829
0.11702
0.98602
0.99059
0.0014549
0.0041094
0.97705
0.15687
0.0041223
0.16045
5.3147e-06
6.1618e-06
0.5369
12.449
0.91459
12.456
4.1933
12.449
0.0014025
0.021407
0.0072298
-0.0012628
0.13808
0.11787
0.00078369
0.92148
0.07852
0.48739
0.05299
0.067856
0.39177
1.7504
0.0045802
-0.0015661
0.10619
0.51635
-4.3419
-1.3301e+12
-47.8
0.0743
0.9717
129.43
8.5547
-85.362
1.3918
0.00039669
0.036054
0.02187
0.2522
0.12763
0.7488
0.00053369
0.00043551
7.4292e-06
0.10907
0.13634
0.96376
0.010829
0.11701
0.98602
0.99059
0.0014549
0.0041094
0.97705
0.15687
0.0041223
0.16045
5.3065e-06
6.1552e-06
0.53702
12.447
0.9145
12.453
4.1929
12.446
0.0014167
0.021396
0.0072659
0.024486
0.13808
0.11788
0.00078405
0.80991
0.19009
0.33802
0.093543
0.085195
0.48324
1.9287
0.0043473
-0.0017244
0.10545
0.51396
-2.2374
-7.9685e+05
-47.8
0.0743
0.9717
129.43
8.5547
-85.362
1.3918
0.00039706
0.036086
0.02188
0.25228
0.12764
0.74882
0.00053395
0.00043626
7.4292e-06
0.10906
0.13631
0.96376
0.010829
0.11701
0.98602
0.99059
0.0014549
0.0041094
0.97705
0.15686
0.0041223
0.16045
5.3073e-06
6.1569e-06
0.53705
12.445
0.91447
12.452
4.1928
12.445
0.0014199
0.021395
0.0072755
0.030049
0.13808
0.11788
0.00078422
0.75732
0.24268
0.29377
0.10825
0.089872
0.50811
1.9877
0.004268
-0.0017792
0.10532
0.51338
-2.0647
-37733
-47.8
0.0743
0.9717
129.43
8.5547
-85.362
1.392
0.00039713
0.036091
0.021906
0.25236
0.12772
0.74904
0.00053459
0.00043551
7.4292e-06
0.10918
0.13645
0.96376
0.010829
0.11701
0.98602
0.99059
0.0014549
0.0041094
0.97705
0.15686
0.0041223
0.16045
5.3311e-06
6.1808e-06
0.5369
12.448
0.91455
12.455
4.1932
12.448
0.0014159
0.021411
0.0072662
0.018246
0.13808
0.11786
0.00078405
0.8578
0.1422
0.38901
0.078192
0.079554
0.45324
1.8624
0.0044365
-0.0016634
0.10595
0.51543
-2.43
-1.5941e+08
-47.8
0.0743
0.9717
129.43
8.5547
-85.362
1.3922
0.00039686
0.036071
0.021931
0.25245
0.12781
0.7493
0.00053522
0.00043168
7.4292e-06
0.10932
0.13664
0.96376
0.010829
0.11701
0.98602
0.99059
0.0014549
0.0041094
0.97705
0.15686
0.0041223
0.16045
5.3622e-06
6.2122e-06
0.53671
12.451
0.91466
12.458
4.1936
12.451
0.0014059
0.021431
0.0072432
-0.0029761
0.13808
0.11784
0.00078381
0.92275
0.077245
0.48934
0.052374
0.067642
0.39065
1.7445
0.0045874
-0.0015612
0.10641
0.51726
-4.5172
-2.0404e+12
-47.8
0.0743
0.9717
129.43
8.5547
-85.362
1.3924
0.00039736
0.036114
0.021957
0.25256
0.12786
0.7495
0.00053588
0.00043338
7.4292e-06
0.10936
0.13666
0.96376
0.010829
0.11701
0.98602
0.99059
0.0014549
0.0041094
0.97705
0.15686
0.0041223
0.16045
5.3749e-06
6.2264e-06
0.53669
12.451
0.91466
12.458
4.1937
12.451
0.0014107
0.021433
0.0072564
0.011437
0.13808
0.11784
0.00078396
0.89171
0.10829
0.43408
0.065583
0.074355
0.42598
1.8068
0.0045112
-0.0016126
0.10613
0.51654
-2.8937
-1.3883e+10
-47.8
0.0743
0.9717
129.43
8.5547
-85.362
1.3923
0.00039699
0.036082
0.021938
0.25248
0.12782
0.7494
0.00053539
0.00043229
7.4292e-06
0.10932
0.13663
0.96376
0.010829
0.11701
0.98602
0.99059
0.0014549
0.0041094
0.97705
0.15686
0.0041223
0.16045
5.3654e-06
6.2165e-06
0.53674
12.45
0.91462
12.457
4.1935
12.45
0.0014076
0.021428
0.0072478
0.0037305
0.13808
0.11785
0.00078414
0.91249
0.087512
0.46917
0.056972
0.070136
0.40373
1.767
0.0045618
-0.0015784
0.10632
0.51701
-3.8101
-3.4368e+11
-47.8
0.0743
0.9717
129.43
8.5547
-85.362
1.3921
0.00039668
0.036053
0.021898
0.25232
0.12772
0.74914
0.0005344
0.00043357
7.4292e-06
0.10919
0.13647
0.96376
0.010829
0.11701
0.98602
0.99059
0.0014549
0.0041094
0.97705
0.15686
0.0041223
0.16045
5.3355e-06
6.1859e-06
0.5369
12.446
0.91449
12.453
4.1929
12.446
0.0014104
0.021408
0.0072526
0.012415
0.13808
0.11787
0.00078456
0.88937
0.11063
0.43116
0.066544
0.074695
0.4276
1.8124
0.0045054
-0.0016165
0.1061
0.51605
-2.7967
-9.2488e+09
-47.8
0.0743
0.9717
129.43
8.5547
-85.362
1.3918
0.00039616
0.036005
0.021841
0.25209
0.12758
0.74876
0.00053297
0.00043483
7.4292e-06
0.10902
0.13627
0.96376
0.010829
0.11701
0.98602
0.99059
0.0014549
0.0041094
0.97705
0.15686
0.0041223
0.16045
5.2941e-06
6.1433e-06
0.53712
12.441
0.91433
12.448
4.1921
12.441
0.0014129
0.021382
0.0072555
0.019049
0.13808
0.11789
0.00078507
0.85521
0.14479
0.3859
0.079064
0.079931
0.45511
1.8688
0.0044319
-0.0016666
0.10574
0.51471
-2.4054
-1.0093e+08
-47.8
0.0743
0.9717
129.43
8.5547
-85.362
1.3915
0.00039539
0.035936
0.02178
0.25183
0.12744
0.7484
0.00053143
0.0004348
7.4292e-06
0.10885
0.13609
0.96376
0.010829
0.11701
0.98602
0.99059
0.0014549
0.0041094
0.97705
0.15686
0.0041223
0.16045
5.255e-06
6.103e-06
0.53733
12.436
0.91416
12.443
4.1914
12.436
0.0014122
0.021357
0.0072504
0.021993
0.13808
0.11792
0.00078554
0.83473
0.16527
0.36299
0.085865
0.082493
0.46865
1.8998
0.0043917
-0.0016941
0.10544
0.51365
-2.3129
-8.5605e+06
-47.8
0.0743
0.9717
129.43
8.5547
-85.362
1.3912
0.00039455
0.035861
0.021725
0.25159
0.12732
0.7481
0.00053003
0.00043369
7.4292e-06
0.1087
0.13593
0.96376
0.010829
0.11701
0.98602
0.99059
0.0014549
0.0041094
0.97705
0.15686
0.0041223
0.16045
5.2224e-06
6.0697e-06
0.53751
12.432
0.91402
12.438
4.1907
12.432
0.0014089
0.021335
0.0072396
0.019704
0.13808
0.11794
0.00078596
0.85316
0.14684
0.38391
0.079803
0.08015
0.45614
1.8758
0.0044259
-0.0016707
0.10549
0.5136
-2.3825
-6.2428e+07
-47.8
0.0743
0.9717
129.43
8.5547
-85.362
1.391
0.00039408
0.035822
0.021688
0.25144
0.12723
0.74791
0.00052907
0.00043318
7.4292e-06
0.10856
0.13577
0.96376
0.010829
0.11701
0.98602
0.99059
0.0014549
0.0041094
0.97705
0.15686
0.0041223
0.16045
5.1968e-06
6.0447e-06
0.53771
12.427
0.91387
12.434
4.19
12.427
0.0014096
0.021313
0.0072408
0.033758
0.13808
0.11796
0.00078645
0.73128
0.26872
0.27442
0.11474
0.091897
0.51895
2.0234
0.0042313
-0.0018048
0.10454
0.511
-1.9517
-32806
-47.8
0.0743
0.9717
129.43
8.5547
-85.362
1.3909
0.00039354
0.035771
0.021651
0.25128
0.12715
0.7477
0.00052815
0.00043303
7.4292e-06
0.10848
0.13568
0.96376
0.010829
0.11701
0.98602
0.99059
0.0014549
0.0041094
0.97705
0.15686
0.0041223
0.16045
5.1759e-06
6.0229e-06
0.53781
12.424
0.91378
12.431
4.1896
12.424
0.0014067
0.021301
0.007231
0.021802
0.13808
0.11797
0.00078667
0.83943
0.16057
0.36832
0.084358
0.081912
0.46541
1.8977
0.0043992
-0.001689
0.1052
0.51263
-2.316
-1.1302e+07
-47.8
0.0743
0.9717
129.43
8.5547
-85.362
1.3908
0.00039345
0.035766
0.021642
0.25126
0.12713
0.74768
0.00052792
0.00043256
7.4292e-06
0.10842
0.1356
0.96376
0.010829
0.11701
0.98602
0.99059
0.0014549
0.0041094
0.97705
0.15686
0.0041223
0.16045
5.1685e-06
6.0167e-06
0.53791
12.422
0.9137
12.428
4.1892
12.422
0.0014078
0.021291
0.0072347
0.036211
0.13807
0.11798
0.00078696
0.70824
0.29176
0.25877
0.12025
0.09349
0.52749
2.0482
0.0042023
-0.001825
0.10435
0.51037
-1.8789
-33473
-47.8
0.0743
0.9717
129.43
8.5547
-85.362
1.3908
0.0003935
0.035769
0.021643
0.25126
0.12712
0.74769
0.00052794
0.00043317
7.4292e-06
0.10842
0.1356
0.96376
0.010829
0.11701
0.98602
0.99059
0.0014549
0.0041094
0.97705
0.15686
0.0041223
0.16045
5.1685e-06
6.0165e-06
0.5379
12.422
0.91369
12.428
4.1892
12.422
0.001408
0.021291
0.007234
0.025863
0.13807
0.11798
0.00078698
0.80701
0.19299
0.33535
0.094348
0.085555
0.48475
1.9399
0.0043434
-0.0017272
0.10493
0.51193
-2.1906
-4.0858e+05
-47.8
0.0743
0.9717
129.43
8.5547
-85.362
1.3911
0.00039373
0.035792
0.021671
0.25138
0.1272
0.74794
0.00052864
0.00043222
7.4292e-06
0.10849
0.13568
0.96376
0.010829
0.11701
0.98602
0.99059
0.0014549
0.0041094
0.97705
0.15686
0.0041223
0.16045
5.1888e-06
6.0385e-06
0.53784
12.423
0.91374
12.43
4.1894
12.423
0.0014074
0.0213
0.0072355
0.03677
0.13807
0.11797
0.00078695
0.7024
0.2976
0.25476
0.12154
0.093916
0.52978
2.0531
0.0041966
-0.0018289
0.1043
0.51053
-1.8651
-33725
-47.8
0.0743
0.9717
129.43
8.5547
-85.362
1.3912
0.00039358
0.035778
0.021686
0.25142
0.12726
0.74805
0.00052902
0.00043039
7.4292e-06
0.10862
0.13584
0.96376
0.010829
0.11701
0.98602
0.99059
0.0014549
0.0041094
0.97705
0.15686
0.0041223
0.16045
5.2083e-06
6.0569e-06
0.53766
12.426
0.91385
12.433
4.1899
12.426
0.0014003
0.021319
0.0072172
0.010108
0.13808
0.11795
0.0007866
0.89991
0.10009
0.44853
0.062331
0.072658
0.41648
1.7998
0.0045297
-0.0016002
0.10572
0.51446
-3.0476
-3.0071e+10
-47.8
0.0743
0.9717
129.43
8.5547
-85.362
1.3913
0.00039436
0.035847
0.021721
0.25158
0.12731
0.74824
0.0005299
0.00043298
7.4292e-06
0.10867
0.13588
0.96376
0.010829
0.11701
0.98602
0.99059
0.0014549
0.0041094
0.97705
0.15686
0.0041223
0.16045
5.222e-06
6.0716e-06
0.53761
12.428
0.91388
12.434
4.1901
12.428
0.0014084
0.021325
0.0072387
0.02719
0.13808
0.11795
0.00078657
0.79496
0.20504
0.32382
0.097744
0.086819
0.49162
1.9529
0.0043256
-0.0017395
0.10481
0.51216
-2.1554
-1.577e+05
-47.8
0.0743
0.9717
129.43
8.5547
-85.362
1.3914
0.00039439
0.035849
0.021731
0.25162
0.12735
0.74827
0.00053016
0.00043195
7.4292e-06
0.10873
0.13595
0.96376
0.010829
0.117
0.98602
0.99059
0.0014549
0.0041094
0.97705
0.15686
0.0041223
0.16045
5.2323e-06
6.0813e-06
0.53752
12.429
0.91394
12.436
4.1903
12.429
0.0014046
0.021336
0.0072301
0.013144
0.13808
0.11794
0.00078638
0.88986
0.11014
0.43265
0.066367
0.074551
0.42643
1.8165
0.0045071
-0.0016155
0.10581
0.51465
-2.7353
-7.6036e+09
-47.8
0.0743
0.9717
129.43
8.5547
-85.362
1.3915
0.00039519
0.03592
0.021762
0.25178
0.1274
0.74842
0.00053095
0.00043432
7.4292e-06
0.10875
0.13595
0.96376
0.010829
0.117
0.98602
0.99059
0.0014549
0.0041094
0.97705
0.15686
0.0041223
0.16045
5.2421e-06
6.0926e-06
0.53751
12.429
0.91394
12.436
4.1904
12.429
0.0014127
0.021339
0.0072519
0.026959
0.13808
0.11793
0.0007864
0.79432
0.20568
0.3235
0.097973
0.086851
0.49167
1.951
0.0043261
-0.0017391
0.10509
0.51279
-2.1603
-1.7425e+05
-47.8
0.0743
0.9717
129.43
8.5547
-85.362
1.3917
0.00039556
0.035954
0.021796
0.25192
0.12748
0.74867
0.00053181
0.00043406
7.4292e-06
0.10884
0.13605
0.96376
0.010829
0.117
0.98602
0.99059
0.0014549
0.0041094
0.97705
0.15686
0.0041223
0.16045
5.2653e-06
6.117e-06
0.53741
12.431
0.91401
12.438
4.1907
12.431
0.0014127
0.021352
0.007254
0.02769
0.13808
0.11792
0.00078621
0.78676
0.21324
0.31667
0.10006
0.087588
0.49568
1.9589
0.0043149
-0.0017468
0.10503
0.5129
-2.1389
-1.0467e+05
-47.8
0.0743
0.9717
129.43
8.5547
-85.362
1.3919
0.00039496
0.035904
0.021811
0.25195
0.12756
0.74887
0.00053215
0.00042919
7.4292e-06
0.109
0.13626
0.96376
0.010829
0.117
0.98602
0.99059
0.0014549
0.0041094
0.97705
0.15686
0.0041223
0.16045
5.2943e-06
6.1453e-06
0.53719
12.435
0.91414
12.442
4.1913
12.435
0.0013984
0.021376
0.0072193
-0.0061012
0.13808
0.1179
0.00078575
0.92755
0.072453
0.49921
0.050087
0.066474
0.38423
1.7373
0.0046034
-0.0015505
0.10607
0.51628
-4.7954
-4.0484e+12
-47.8
0.0743
0.9717
129.43
8.5547
-85.362
1.392
0.00039536
0.035938
0.021827
0.25202
0.12758
0.74899
0.00053257
0.00043109
7.4292e-06
0.10901
0.13626
0.96376
0.010829
0.117
0.98602
0.99059
0.0014549
0.0041094
0.97705
0.15686
0.0041223
0.16045
5.3001e-06
6.152e-06
0.53719
12.435
0.91414
12.442
4.1913
12.435
0.0014034
0.021375
0.0072328
0.010889
0.13808
0.1179
0.00078579
0.89604
0.10396
0.44072
0.063818
0.073614
0.42185
1.8036
0.0045227
-0.0016049
0.10576
0.51542
-2.9587
-2.0078e+10
-47.8
0.0743
0.9717
129.43
8.5547
-85.362
1.3918
0.00039515
0.035918
0.021797
0.25191
0.12751
0.74875
0.00053183
0.00043154
7.4292e-06
0.10891
0.13615
0.96376
0.010829
0.117
0.98602
0.99059
0.0014549
0.0041094
0.97705
0.15686
0.0041223
0.16045
5.2772e-06
6.1284e-06
0.53731
12.433
0.91405
12.439
4.1909
12.433
0.0014045
0.021364
0.0072338
0.0088181
0.13808
0.11791
0.00078595
0.90168
0.098317
0.45081
0.061572
0.072384
0.41523
1.7928
0.0045355
-0.0015963
0.10595
0.51553
-3.1795
-4.8075e+10
-47.8
0.0743
0.9717
129.43
8.5547
-85.362
1.3915
0.00039527
0.035928
0.021765
0.2518
0.1274
0.74846
0.00053103
0.00043438
7.4292e-06
0.10874
0.13594
0.96376
0.010829
0.117
0.98602
0.99059
0.0014549
0.0041094
0.97705
0.15686
0.0041223
0.16045
5.2431e-06
6.0941e-06
0.53753
12.428
0.9139
12.435
4.1902
12.428
0.0014133
0.021341
0.0072542
0.02652
0.13808
0.11793
0.00078634
0.79556
0.20444
0.32473
0.097655
0.086693
0.49092
1.9492
0.0043269
-0.0017386
0.10511
0.51288
-2.1681
-1.9152e+05
-47.8
0.0743
0.9717
129.43
8.5547
-85.362
1.3913
0.00039494
0.035899
0.021736
0.25169
0.12733
0.74826
0.0005303
0.00043412
7.4292e-06
0.10865
0.13583
0.96376
0.010829
0.117
0.98602
0.99059
0.0014549
0.0041094
0.97705
0.15686
0.0041223
0.16045
5.2234e-06
6.074e-06
0.53764
12.425
0.91382
12.432
4.1898
12.425
0.0014132
0.021329
0.0072535
0.032369
0.13808
0.11794
0.00078651
0.7399
0.2601
0.28061
0.11261
0.091277
0.5155
2.0117
0.0042447
-0.0017954
0.10479
0.51179
-1.9881
-33021
-47.8
0.0743
0.9717
129.43
8.5547
-85.362
1.3913
0.00039449
0.035858
0.021719
0.2516
0.12731
0.74816
0.00052987
0.00043301
7.4292e-06
0.10866
0.13586
0.96376
0.010829
0.117
0.98602
0.99059
0.0014549
0.0041094
0.97705
0.15686
0.0041223
0.16045
5.2193e-06
6.0685e-06
0.53761
12.426
0.91383
12.432
4.1898
12.426
0.0014078
0.021332
0.0072383
0.015586
0.13808
0.11794
0.00078636
0.87854
0.12146
0.4167
0.070762
0.076381
0.43616
1.8357
0.0044792
-0.0016344
0.10578
0.51439
-2.5033
-1.5736e+09
-47.8
0.0743
0.9717
129.43
8.5547
-85.362
1.3914
0.00039498
0.035902
0.021741
0.25171
0.12734
0.74831
0.00053043
0.00043416
7.4292e-06
0.10868
0.13586
0.96376
0.010829
0.117
0.98602
0.99059
0.0014549
0.0041094
0.97705
0.15686
0.0041223
0.16045
5.2276e-06
6.0782e-06
0.53761
12.426
0.91383
12.433
4.1899
12.426
0.0014131
0.021333
0.0072531
0.030149
0.13808
0.11794
0.00078637
0.76126
0.23874
0.29652
0.10711
0.089636
0.50673
1.989
0.0042738
-0.0017752
0.10488
0.51209
-2.0544
-37738
-47.8
0.0743
0.9717
129.43
8.5547
-85.362
1.3916
0.00039517
0.03592
0.02177
0.25181
0.12742
0.74855
0.00053115
0.00043367
7.4292e-06
0.10878
0.13598
0.96376
0.010829
0.117
0.98602
0.99059
0.0014549
0.0041094
0.97705
0.15686
0.0041223
0.16045
5.2503e-06
6.1015e-06
0.53749
12.429
0.91392
12.435
4.1903
12.429
0.0014116
0.021347
0.0072502
0.026625
0.13808
0.11793
0.0007861
0.79402
0.20598
0.32316
0.098065
0.086848
0.49193
1.9517
0.0043232
-0.0017411
0.10497
0.51271
-2.165
-1.6023e+05
-47.8
0.0743
0.9717
129.43
8.5547
-85.362
1.3917
0.00039445
0.035858
0.021776
0.2518
0.12748
0.74865
0.00053126
0.00042835
7.4292e-06
0.10892
0.13618
0.96376
0.010829
0.117
0.98602
0.99059
0.0014549
0.0041094
0.97705
0.15686
0.0041223
0.16045
5.2737e-06
6.1236e-06
0.53728
12.433
0.91405
12.439
4.1909
12.433
0.0013958
0.021371
0.0072112
-0.019804
0.13808
0.1179
0.00078558
0.93664
0.063357
0.52055
0.04566
0.06376
0.37003
1.7152
0.0046255
-0.0015356
0.10606
0.51621
-5.7303
-2.3071e+13
-47.8
0.0743
0.9717
129.43
8.5547
-85.362
1.3918
0.00039563
0.03596
0.021809
0.25197
0.12751
0.7488
0.00053213
0.00043392
7.4292e-06
0.1089
0.13612
0.96376
0.010829
0.117
0.98602
0.99059
0.0014549
0.0041094
0.97705
0.15686
0.0041223
0.16045
5.2766e-06
6.1283e-06
0.53733
12.432
0.91403
12.439
4.1908
12.432
0.0014117
0.021364
0.0072521
0.024221
0.13808
0.11791
0.00078579
0.81456
0.18544
0.34184
0.092019
0.084846
0.48129
1.9257
0.0043574
-0.0017175
0.10514
0.51338
-2.2419
-1.065e+06
-47.8
0.0743
0.9717
129.43
8.5547
-85.362
1.3917
0.00039564
0.035959
0.021804
0.25195
0.1275
0.74871
0.00053201
0.0004341
7.4292e-06
0.1089
0.13611
0.96376
0.010829
0.117
0.98602
0.99059
0.0014549
0.0041094
0.97705
0.15686
0.0041223
0.16045
5.2725e-06
6.1236e-06
0.53734
12.432
0.91403
12.439
4.1908
12.432
0.001411
0.021365
0.0072501
0.017052
0.13808
0.11791
0.00078578
0.86819
0.13181
0.40209
0.074506
0.078091
0.44531
1.85
0.0044587
-0.0016483
0.10579
0.5148
-2.4625
-4.7069e+08
