-85.362
1.3913
0.00039571
0.035963
0.021814
0.25189
0.12751
0.74816
0.00053229
0.00043473
7.4296e-06
0.10901
0.1364
0.96362
0.01084
0.11732
0.98602
0.99058
0.001455
0.0041095
0.97697
0.15661
0.0041224
0.16026
5.2768e-06
6.117e-06
0.53687
12.456
0.91481
12.462
4.1943
12.456
0.0014116
0.021378
0.0072468
0.027348
0.13808
0.11789
0.00078357
0.81995
0.18005
0.34706
0.090289
0.08445
0.4782
1.9201
0.0043768
-0.0017043
0.10531
0.5131
-1.8212
-3.0311e+06
-47.8
0.0743
0.9717
129.43
8.5547
-85.362
1.3913
0.00039588
0.035979
0.021824
0.25195
0.12754
0.74825
0.00053255
0.00043479
7.4296e-06
0.10902
0.13641
0.96362
0.01084
0.11732
0.98602
0.99058
0.001455
0.0041095
0.97697
0.15661
0.0041224
0.16026
5.2826e-06
6.1238e-06
0.53687
12.455
0.91479
12.462
4.1942
12.455
0.001412
0.021381
0.0072488
0.026161
0.13808
0.11789
0.00078357
0.8305
0.1695
0.35778
0.08702
0.083277
0.47193
1.9055
0.0043962
-0.0016909
0.10547
0.51355
-1.8582
-9.7572e+06
-47.8
0.0743
0.9717
129.43
8.5547
-85.362
1.3916
0.00039625
0.036015
0.021854
0.25209
0.1276
0.7485
0.00053328
0.00043419
7.4296e-06
0.10907
0.13645
0.96362
0.01084
0.11732
0.98602
0.99058
0.001455
0.0041095
0.97697
0.15661
0.0041224
0.16026
5.3006e-06
6.144e-06
0.53684
12.455
0.91479
12.462
4.1942
12.455
0.0014133
0.021386
0.0072551
0.035688
0.13808
0.11789
0.00078359
0.72886
0.27114
0.27178
0.11497
0.092409
0.52084
2.0215
0.0042416
-0.0017976
0.10481
0.51206
-1.5661
-33194
-47.8
0.0743
0.9717
129.43
8.5547
-85.362
1.3917
0.00039607
0.035999
0.021872
0.25214
0.12767
0.7487
0.00053373
0.00043215
7.4296e-06
0.10919
0.1366
0.96362
0.01084
0.11732
0.98602
0.99058
0.001455
0.0041095
0.97697
0.15661
0.0041224
0.16026
5.3234e-06
6.1667e-06
0.53669
12.457
0.91486
12.464
4.1946
12.457
0.0014059
0.021403
0.0072373
0.016599
0.13808
0.11787
0.00078332
0.89307
0.10693
0.43631
0.064967
0.074268
0.42445
1.8081
0.0045262
-0.0016025
0.10601
0.51551
-2.3992
-2.4219e+10
-47.8
0.0743
0.9717
129.43
8.5547
-85.362
1.3919
0.00039616
0.036007
0.021888
0.2522
0.12771
0.74887
0.00053413
0.00043196
7.4296e-06
0.10924
0.13666
0.96362
0.01084
0.11732
0.98602
0.99058
0.001455
0.0041095
0.97697
0.15661
0.0041224
0.16026
5.3364e-06
6.1805e-06
0.53664
12.458
0.91487
12.464
4.1946
12.458
0.0014055
0.021409
0.0072371
0.019453
0.13808
0.11786
0.00078329
0.88261
0.11739
0.42004
0.068968
0.076204
0.43479
1.8268
0.0045023
-0.0016187
0.10578
0.51519
-2.1177
-5.3444e+09
-47.8
0.0743
0.9717
129.43
8.5547
-85.362
1.3918
0.00039568
0.035966
0.021865
0.25211
0.12767
0.74874
0.00053352
0.00042998
7.4296e-06
0.1092
0.13661
0.96362
0.01084
0.11731
0.98602
0.99058
0.001455
0.0041095
0.97697
0.15661
0.0041224
0.16026
5.326e-06
6.1697e-06
0.53669
12.456
0.91481
12.462
4.1943
12.456
0.0014004
0.021405
0.0072238
0.0063697
0.13808
0.11787
0.00078338
0.91908
0.080923
0.4815
0.05396
0.068785
0.39575
1.7563
0.0045904
-0.0015592
0.10613
0.51617
-3.6543
-1.4969e+12
-47.8
0.0743
0.9717
129.43
8.5547
-85.362
1.3916
0.00039607
0.036
0.021845
0.25208
0.12759
0.74857
0.00053305
0.00043357
7.4296e-06
0.10903
0.13639
0.96362
0.01084
0.11731
0.98602
0.99058
0.001455
0.0041095
0.97697
0.15661
0.0041224
0.16026
5.2968e-06
6.1419e-06
0.53693
12.45
0.91462
12.457
4.1935
12.45
0.0014122
0.02138
0.0072534
0.037721
0.13808
0.11789
0.00078391
0.70407
0.29593
0.25517
0.12087
0.094068
0.5299
2.0464
0.0042096
-0.0018198
0.10464
0.51178
-1.5081
-33435
-47.8
0.0743
0.9717
129.43
8.5547
-85.362
1.3913
0.00039564
0.035959
0.021801
0.25188
0.12748
0.74825
0.00053196
0.00043458
7.4296e-06
0.10893
0.13628
0.96362
0.01084
0.11731
0.98602
0.99058
0.001455
0.0041095
0.97697
0.15661
0.0041224
0.16026
5.2675e-06
6.1103e-06
0.53703
12.447
0.91453
12.454
4.1931
12.447
0.0014126
0.021368
0.0072505
0.029078
0.13808
0.1179
0.00078409
0.80162
0.19838
0.32959
0.095735
0.086335
0.48834
1.9423
0.0043453
-0.0017259
0.1052
0.51289
-1.7689
-5.3029e+05
-47.8
0.0743
0.9717
129.43
8.5547
-85.362
1.3912
0.00039512
0.035911
0.021773
0.25175
0.12743
0.7481
0.00053125
0.00043388
7.4296e-06
0.10891
0.13626
0.96362
0.01084
0.11731
0.98602
0.99058
0.001455
0.0041095
0.97697
0.15661
0.0041224
0.16026
5.2548e-06
6.0961e-06
0.53705
12.446
0.91449
12.452
4.1929
12.446
0.0014092
0.021363
0.00724
0.024296
0.13808
0.11791
0.00078417
0.84729
0.15271
0.37635
0.081628
0.08116
0.46087
1.884
0.0044244
-0.0016718
0.10549
0.51352
-1.9189
-5.4893e+07
-47.8
0.0743
0.9717
129.43
8.5547
-85.362
1.3912
0.000395
0.035901
0.021763
0.2517
0.1274
0.74806
0.00053098
0.00043406
7.4296e-06
0.10887
0.13622
0.96362
0.01084
0.11731
0.98602
0.99058
0.001455
0.0041095
0.97697
0.1566
0.0041224
0.16026
5.2475e-06
6.0888e-06
0.5371
12.444
0.91444
12.451
4.1926
12.444
0.0014102
0.021358
0.007242
0.028841
0.13808
0.11791
0.00078432
0.80521
0.19479
0.33304
0.094725
0.085925
0.48631
1.9402
0.0043481
-0.001724
0.10505
0.51241
-1.7773
-6.2308e+05
-47.8
0.0743
0.9717
129.43
8.5547
-85.362
1.3911
0.00039483
0.035885
0.021752
0.25166
0.12738
0.74802
0.00053071
0.000434
7.4296e-06
0.10885
0.1362
0.96362
0.01084
0.11731
0.98602
0.99058
0.001455
0.0041095
0.97697
0.1566
0.0041224
0.16026
5.2421e-06
6.0832e-06
0.53713
12.443
0.91439
12.45
4.1924
12.443
0.0014092
0.021355
0.0072389
0.026077
0.13808
0.11792
0.00078442
0.83146
0.16854
0.35906
0.086775
0.083064
0.4711
1.9069
0.0043926
-0.0016934
0.10525
0.51289
-1.8633
-8.6233e+06
-47.8
0.0743
0.9717
129.43
8.5547
-85.362
1.3911
0.00039481
0.035885
0.021747
0.25164
0.12737
0.748
0.00053058
0.000434
7.4296e-06
0.10883
0.13616
0.96362
0.01084
0.11731
0.98602
0.99058
0.001455
0.0041095
0.97697
0.1566
0.0041224
0.16026
5.2375e-06
6.0789e-06
0.53717
12.441
0.91434
12.448
4.1922
12.441
0.0014101
0.021351
0.0072414
0.028939
0.13808
0.11792
0.00078455
0.80335
0.19665
0.33148
0.095306
0.086065
0.48715
1.9429
0.0043435
-0.0017272
0.10501
0.51226
-1.7735
-5.0157e+05
-47.8
0.0743
0.9717
129.43
8.5547
-85.362
1.3911
0.00039479
0.035882
0.021743
0.25164
0.12736
0.74798
0.00053049
0.00043415
7.4296e-06
0.10881
0.13614
0.96362
0.01084
0.11731
0.98602
0.99058
0.001455
0.0041095
0.97697
0.1566
0.0041224
0.16026
5.235e-06
6.0766e-06
0.5372
12.44
0.9143
12.447
4.192
12.44
0.0014098
0.02135
0.0072407
0.025884
0.13808
0.11792
0.00078462
0.83171
0.16829
0.35954
0.086732
0.082987
0.47075
1.9064
0.0043919
-0.0016939
0.10528
0.51292
-1.8681
-8.7946e+06
-47.8
0.0743
0.9717
129.43
8.5547
-85.362
1.3912
0.00039508
0.035909
0.021754
0.2517
0.12737
0.74805
0.00053075
0.00043436
7.4296e-06
0.1088
0.13612
0.96362
0.01084
0.11731
0.98602
0.99058
0.001455
0.0041095
0.97697
0.1566
0.0041224
0.16026
5.2377e-06
6.0806e-06
0.53723
12.439
0.91426
12.446
4.1918
12.439
0.0014123
0.02135
0.0072486
0.030855
0.13808
0.11792
0.00078471
0.78056
0.21944
0.31173
0.10179
0.088153
0.49833
1.9686
0.0043073
-0.001752
0.10496
0.51212
-1.7125
-89829
-47.8
0.0743
0.9717
129.43
8.5547
-85.362
1.3913
0.00039553
0.035948
0.021781
0.25184
0.12743
0.74822
0.00053144
0.00043493
7.4296e-06
0.10885
0.13615
0.96362
0.01084
0.1173
0.98602
0.99058
0.001455
0.0041095
0.97697
0.1566
0.0041224
0.16026
5.2532e-06
6.0977e-06
0.53719
12.439
0.91427
12.446
4.1919
12.439
0.001413
0.021358
0.0072524
0.025078
0.13808
0.11791
0.00078466
0.83556
0.16444
0.36369
0.085523
0.082524
0.46826
1.8985
0.0044002
-0.0016883
0.10553
0.5137
-1.8919
-1.6042e+07
-47.8
0.0743
0.9717
129.43
8.5547
-85.362
1.3917
0.00039634
0.036024
0.021844
0.25214
0.12758
0.7487
0.00053303
0.00043432
7.4296e-06
0.10896
0.13627
0.96362
0.01084
0.1173
0.98602
0.99058
0.001455
0.0041095
0.97697
0.1566
0.0041224
0.16026
5.292e-06
6.1402e-06
0.53709
12.441
0.91433
12.448
4.1921
12.441
0.001415
0.021374
0.0072634
0.038749
0.13808
0.1179
0.0007846
0.68327
0.31673
0.24273
0.12585
0.095196
0.53623
2.0647
0.0041814
-0.0018395
0.10474
0.51199
-1.4777
-34543
-47.8
0.0743
0.9717
129.43
8.5547
-85.362
1.3921
0.00039662
0.03605
0.0219
0.25234
0.12773
0.74911
0.00053441
0.00043247
7.4296e-06
0.1092
0.13654
0.96362
0.01084
0.1173
0.98602
0.99058
0.001455
0.0041095
0.97697
0.1566
0.0041224
0.16026
5.3393e-06
6.1877e-06
0.5368
12.447
0.91451
12.453
4.193
12.447
0.0014081
0.021407
0.0072477
0.013185
0.13808
0.11787
0.00078409
0.90119
0.098811
0.44937
0.061719
0.072629
0.41628
1.7906
0.004541
-0.0015925
0.10619
0.5164
-2.7553
-8.7395e+10
-47.8
0.0743
0.9717
129.43
8.5547
-85.362
1.3924
0.00039699
0.036084
0.021955
0.25255
0.12788
0.74953
0.0005358
0.00043083
7.4296e-06
0.10939
0.13677
0.96362
0.01084
0.1173
0.98602
0.99058
0.001455
0.0041095
0.97697
0.1566
0.0041224
0.16026
5.3835e-06
6.233e-06
0.53656
12.451
0.91466
12.458
4.1936
12.451
0.0014041
0.021433
0.0072405
0.004404
0.13808
0.11784
0.00078375
0.92045
0.079555
0.48329
0.053334
0.068507
0.39486
1.75
0.0045906
-0.001559
0.10626
0.51722
-3.8501
-2.1408e+12
-47.8
0.0743
0.9717
129.43
8.5547
-85.362
1.3926
0.00039726
0.036109
0.02198
0.25266
0.12794
0.74972
0.00053643
0.00043076
7.4296e-06
0.10946
0.13685
0.96362
0.01084
0.1173
0.98602
0.99058
0.001455
0.0041095
0.97697
0.1566
0.0041224
0.16026
5.4013e-06
6.2515e-06
0.53647
12.452
0.9147
12.459
4.1938
12.452
0.0014042
0.021442
0.0072421
0.0048629
0.13808
0.11783
0.00078369
0.91973
0.080265
0.48143
0.053641
0.06874
0.39619
1.7512
0.0045888
-0.0015602
0.10623
0.51735
-3.8103
-1.9111e+12
-47.8
0.0743
0.9717
129.43
8.5547
-85.362
1.3924
0.00039698
0.036083
0.021955
0.25256
0.12788
0.74954
0.00053579
0.00043062
7.4296e-06
0.1094
0.13678
0.96362
0.01084
0.1173
0.98602
0.99058
0.001455
0.0041095
0.97697
0.1566
0.0041224
0.16026
5.3844e-06
6.2338e-06
0.53655
12.45
0.91463
12.457
4.1935
12.45
0.0014035
0.021434
0.0072388
-0.0014861
0.13808
0.11784
0.00078387
0.92691
0.073092
0.49678
0.050347
0.06682
0.38606
1.7348
0.004607
-0.0015479
0.10633
0.51744
-4.3972
-7.0555e+12
-47.8
0.0743
0.9717
129.43
8.5547
-85.362
1.3922
0.000397
0.036081
0.02191
0.25239
0.12774
0.74919
0.00053469
0.0004346
7.4296e-06
0.10921
0.13654
0.96362
0.01084
0.1173
0.98602
0.99058
0.001455
0.0041095
0.97697
0.1566
0.0041224
0.16026
5.3417e-06
6.1904e-06
0.53679
12.445
0.91445
12.452
4.1927
12.445
0.0014133
0.021406
0.0072604
0.021625
0.13808
0.11787
0.00078443
0.86264
0.13736
0.39407
0.076361
0.079096
0.45047
1.8559
0.0044535
-0.0016518
0.10585
0.51542
-2.0122
-4.4375e+08
-47.8
0.0743
0.9717
129.43
8.5547
-85.362
1.3918
0.00039618
0.036007
0.02184
0.2521
0.12758
0.74874
0.00053292
0.0004348
7.4296e-06
0.10902
0.13633
0.96362
0.01084
0.1173
0.98602
0.99058
0.001455
0.0041095
0.97697
0.1566
0.0041224
0.16026
5.2952e-06
6.1422e-06
0.53702
12.439
0.91427
12.446
4.1919
12.439
0.0014129
0.021379
0.0072557
0.022876
0.13808
0.11789
0.0007849
0.85341
0.14659
0.38348
0.07962
0.080271
0.45663
1.8717
0.0044325
-0.0016661
0.1057
0.51462
-1.9701
-1.2798e+08
-47.8
0.0743
0.9717
129.43
8.5547
-85.362
1.3914
0.00039511
0.035912
0.021769
0.25179
0.12742
0.74833
0.00053112
0.00043343
7.4296e-06
0.10885
0.13615
0.96362
0.01084
0.1173
0.98602
0.99058
0.001455
0.0041095
0.97697
0.1566
0.0041224
0.16026
5.2535e-06
6.0988e-06
0.53722
12.434
0.91411
12.441
4.1911
12.434
0.0014088
0.021355
0.007242
0.020465
0.13808
0.11792
0.00078533
0.87362
0.12638
0.40948
0.072533
0.077262
0.44072
1.843
0.0044715
-0.0016396
0.10575
0.51447
-2.0425
-1.3272e+09
-47.8
0.0743
0.9717
129.43
8.5547
-85.362
1.3911
0.00039455
0.035863
0.021715
0.25157
0.12729
0.74801
0.00052975
0.00043381
7.4296e-06
0.10867
0.13594
0.96362
0.01084
0.1173
0.98602
0.99058
0.001455
0.0041095
0.97697
0.1566
0.0041224
0.16026
5.2148e-06
6.0598e-06
0.53747
12.428
0.91392
12.435
4.1902
12.428
0.0014113
0.021326
0.0072459
0.031875
0.13808
0.11795
0.00078587
0.76815
0.23185
0.30188
0.10525
0.089104
0.50377
1.9833
0.0042843
-0.001768
0.10479
0.51173
-1.6874
-48643
-47.8
0.0743
0.9717
129.43
8.5547
-85.362
1.3909
0.00039392
0.035806
0.021666
0.25136
0.12718
0.74772
0.00052852
0.00043375
7.4296e-06
0.10853
0.13579
0.96362
0.01084
0.1173
0.98602
0.99058
0.001455
0.0041095
0.97697
0.1566
0.0041224
0.16026
5.1841e-06
6.0283e-06
0.53764
12.424
0.91378
12.431
4.1896
12.424
0.0014098
0.021307
0.0072393
0.027966
0.13808
0.11797
0.00078622
0.80992
0.19008
0.33832
0.093528
0.085215
0.48294
1.9358
0.004348
-0.001724
0.10501
0.5121
-1.8067
-8.2214e+05
-47.8
0.0743
0.9717
129.43
8.5547
-85.362
1.3908
0.00039371
0.035788
0.021646
0.2513
0.12713
0.74762
0.00052802
0.0004334
7.4296e-06
0.10844
0.13568
0.96362
0.01084
0.1173
0.98602
0.99058
0.001455
0.0041095
0.97697
0.1566
0.0041224
0.16026
5.1699e-06
6.0148e-06
0.53776
12.421
0.91368
12.428
4.1891
12.421
0.00141
0.021295
0.00724
0.032102
0.13807
0.11798
0.00078653
0.76654
0.23346
0.30079
0.10572
0.089201
0.50428
1.9868
0.0042803
-0.0017707
0.10472
0.51126
-1.6791
-44959
-47.8
0.0743
0.9717
129.43
8.5547
-85.362
1.3909
0.00039391
0.035808
0.021661
0.25138
0.12716
0.74776
0.00052838
0.00043308
7.4296e-06
0.10844
0.13566
0.96362
0.01084
0.11729
0.98602
0.99058
0.001455
0.0041095
0.97697
0.1566
0.0041224
0.16026
5.1777e-06
6.0248e-06
0.5378
12.42
0.91364
12.426
4.189
12.42
0.0014103
0.021293
0.0072435
0.036857
0.13807
0.11798
0.0007867
0.71077
0.28923
0.26053
0.11968
0.093319
0.52647
2.0439
0.0042066
-0.001822
0.10451
0.51082
-1.5364
-33368
-47.8
0.0743
0.9717
129.43
8.5547
-85.362
1.3912
0.00039432
0.035846
0.021703
0.25156
0.12727
0.74812
0.00052945
0.0004326
7.4297e-06
0.10856
0.13579
0.96362
0.01084
0.11729
0.98602
0.99058
0.001455
0.0041095
0.97697
0.15659
0.0041224
0.16026
5.208e-06
6.0569e-06
0.53767
12.422
0.91372
12.429
4.1893
12.422
0.0014095
0.021308
0.0072442
0.038116
0.13808
0.11797
0.00078659
0.69533
0.30467
0.25035
0.12321
0.094343
0.5321
2.0579
0.0041885
-0.0018346
0.10441
0.51096
-1.5042
-34055
-47.8
0.0743
0.9717
129.43
8.5547
-85.362
1.3915
0.00039419
0.035834
0.021738
0.25167
0.12739
0.74842
0.00053032
0.00042984
7.4297e-06
0.10877
0.13606
0.96362
0.01084
0.11729
0.98602
0.99058
0.001455
0.0041095
0.97697
0.15659
0.0041224
0.16026
5.2458e-06
6.0938e-06
0.53739
12.428
0.9139
12.435
4.1902
12.428
0.0013997
0.021337
0.0072199
0.011357
0.13808
0.11794
0.00078611
0.90828
0.091718
0.4621
0.058789
0.071016
0.40809
1.7819
0.0045497
-0.0015867
0.10578
0.51516
-2.9904
-1.8056e+11
-47.8
0.0743
0.9717
129.43
8.5547
-85.362
1.3917
0.00039453
0.035865
0.021772
0.2518
0.12747
0.74865
0.00053117
0.00042952
7.4297e-06
0.10889
0.13619
0.96362
0.01084
0.11729
0.98602
0.99058
0.001455
0.0041095
0.97697
0.15659
0.0041224
0.16026
5.2701e-06
6.1186e-06
0.53724
12.431
0.91399
12.437
4.1906
12.431
0.001399
0.021353
0.0072194
0.0074573
0.13808
0.11792
0.00078594
0.91699
0.083014
0.47789
0.054972
0.069088
0.39805
1.7628
0.0045721
-0.0015716
0.10589
0.51565
-3.5003
-8.1084e+11
-47.8
0.0743
0.9717
129.43
8.5547
-85.362
1.3918
0.00039539
0.03594
0.021797
0.25193
0.1275
0.74877
0.00053183
0.00043311
7.4297e-06
0.10887
0.13615
0.96362
0.01084
0.11729
0.98602
0.99058
0.001455
0.0041095
0.97697
0.15659
0.0041224
0.16026
5.2734e-06
6.1233e-06
0.53728
12.43
0.91397
12.437
4.1905
12.43
0.0014103
0.021349
0.0072488
0.030029
0.13808
0.11792
0.00078614
0.78721
0.21279
0.31682
0.099912
0.087533
0.49573
1.9591
0.0043125
-0.0017484
0.10485
0.51277
-1.7575
-1.4276e+05
-47.8
0.0743
0.9717
129.43
8.5547
-85.362
1.3916
0.00039453
0.035864
0.021766
0.25178
0.12745
0.74857
0.00053103
0.00042964
7.4297e-06
0.10888
0.13618
0.96362
0.01084
0.11729
0.98602
0.99058
0.001455
0.0041095
0.97697
0.15659
0.0041224
0.16026
5.2659e-06
6.1134e-06
0.53724
12.43
0.91397
12.437
4.1905
12.43
0.0013991
0.021353
0.0072191
0.0026583
0.13808
0.11792
0.00078604
0.92402
0.075983
0.4925
0.051795
0.067252
0.38845
1.7465
0.0045885
-0.0015605
0.10603
0.5159
-4.0191
-2.8786e+12
-47.8
0.0743
0.9717
129.43
8.5547
-85.362
1.3915
0.00039488
0.035891
0.021749
0.25173
0.12738
0.7484
0.00053063
0.00043377
7.4297e-06
0.10877
0.13603
0.96362
0.01084
0.11729
0.98602
0.99058
0.001455
0.0041095
0.97697
0.15659
0.0041224
0.16026
5.2421e-06
6.0896e-06
0.53739
12.427
0.91386
12.433
4.19
12.427
0.0014096
0.021336
0.0072441
0.024992
0.13808
0.11794
0.00078641
0.83615
0.16385
0.36423
0.085387
0.082328
0.46806
1.8991
0.0043914
-0.0016942
0.10525
0.51342
-1.9098
-1.3775e+07
-47.8
0.0743
0.9717
129.43
8.5547
-85.362
1.3912
0.00039462
0.035868
0.021715
0.2516
0.12729
0.74813
0.00052977
0.00043441
7.4297e-06
0.10865
0.1359
0.96362
0.01084
0.11729
0.98602
0.99058
0.001455
0.0041095
0.97697
0.15659
0.0041224
0.16026
5.2158e-06
6.0623e-06
0.53753
12.423
0.91375
12.43
4.1895
12.423
0.0014112
0.02132
0.0072464
0.025033
0.13808
0.11795
0.0007867
0.83495
0.16505
0.36359
0.085866
0.082362
0.46819
1.9009
0.0043874
-0.001697
0.10535
0.51329
-1.9032
-1.1894e+07
-47.8
0.0743
0.9717
129.43
8.5547
-85.362
1.3912
0.00039442
0.035852
0.021697
0.25154
0.12725
0.74804
0.00052931
0.00043386
7.4297e-06
0.10858
0.13582
0.96362
0.01084
0.11729
0.98602
0.99058
0.001455
0.0041095
0.97697
0.15659
0.0041224
0.16026
5.2031e-06
6.0499e-06
0.53762
12.421
0.91367
12.428
4.1891
12.421
0.001412
0.02131
0.0072488
0.03447
0.13807
0.11796
0.00078694
0.73561
0.26439
0.27791
0.11384
0.09143
0.51682
2.0175
0.0042321
-0.0018041
0.10467
0.5114
-1.6109
-33267
-47.8
0.0743
0.9717
129.43
8.5547
-85.362
1.3911
0.00039409
0.03582
0.021683
0.25146
0.12723
0.74797
0.00052897
0.00043365
7.4297e-06
0.10859
0.13584
0.96362
0.01084
0.11729
0.98602
0.99058
0.001455
0.0041095
0.97697
0.15659
0.0041224
0.16026
5.1993e-06
6.0448e-06
0.53759
12.421
0.91368
12.428
4.1891
12.421
0.0014088
0.021311
0.0072389
0.023559
0.13807
0.11796
0.0007869
0.84758
0.15242
0.3778
0.081775
0.080725
0.4597
1.8849
0.0044073
-0.0016834
0.10532
0.51319
-1.9457
-4.2586e+07
-47.8
0.0743
0.9717
129.43
8.5547
-85.362
1.3911
0.00039394
0.035808
0.02168
0.25143
0.12722
0.74796
0.00052887
0.00043298
7.4297e-06
0.1086
0.13586
0.96362
0.01084
0.11729
0.98602
0.99058
0.001455
0.0041095
0.97697
0.15659
0.0041224
0.16026
5.1996e-06
6.0447e-06
0.53757
12.421
0.91368
12.428
4.1891
12.421
0.0014069
0.021313
0.0072341
0.020837
0.13808
0.11796
0.00078689
0.86925
0.13075
0.4045
0.074267
0.077664
0.44357
1.8526
0.0044491
-0.0016549
0.1055
0.51366
-2.0293
-5.6645e+08
-47.8
0.0743
0.9717
129.43
8.5547
-85.362
1.3911
0.00039432
0.035842
0.021688
0.25149
0.12723
0.74798
0.00052909
0.00043415
7.4297e-06
0.10858
0.13581
0.96362
0.01084
0.11729
0.98602
0.99058
0.001455
0.0041095
0.97697
0.15659
0.0041224
0.16026
5.1981e-06
6.0441e-06
0.53762
12.42
0.91364
12.427
4.189
12.42
0.0014121
0.02131
0.0072476
0.028699
0.13807
0.11796
0.00078701
0.79697
0.20303
0.32695
0.097506
0.086251
0.48929
1.9502
0.0043169
-0.0017455
0.10498
0.51223
-1.7833
-2.4506e+05
-47.8
0.0743
0.9717
129.43
8.5547
-85.362
1.3912
0.00039465
0.035872
0.021705
0.25158
0.12726
0.74807
0.00052951
0.00043458
7.4297e-06
0.1086
0.13583
0.96362
0.01084
0.11729
0.98602
0.99058
0.001455
0.0041095
0.97697
0.15659
0.0041224
0.16026
5.2058e-06
6.0525e-06
0.5376
12.42
0.91365
12.427
4.189
12.42
0.0014139
0.021314
0.0072537
0.030599
0.13807
0.11796
0.00078699
0.77495
0.22505
0.30828
0.10372
0.088207
0.49979
1.9745
0.0042829
-0.0017689
0.10496
0.51211
-1.7237
-60966
-47.8
0.0743
0.9717
129.43
8.5547
-85.362
1.3914
0.00039498
0.0359
0.021736
0.2517
0.12734
0.74829
0.00053029
0.0004348
7.4297e-06
0.1087
0.13594
0.96362
0.01084
0.11729
0.98602
0.99058
0.001455
0.0041095
0.97697
0.15659
0.0041224
0.16026
5.2281e-06
6.0753e-06
0.53747
12.423
0.91373
12.429
4.1894
12.423
0.0014129
0.021329
0.0072524
0.024206
0.13808
0.11794
0.00078676
0.83764
0.16236
0.36692
0.085107
0.081875
0.4661
1.8964
0.0043858
-0.0016981
0.10541
0.51356
-1.9224
-1.5305e+07
-47.8
0.0743
0.9717
129.43
8.5547
-85.362
1.3916
0.00039522
0.035923
0.021775
0.25186
0.12744
0.74859
0.00053127
0.00043349
7.4297e-06
0.10884
0.1361
0.96362
0.01084
0.11729
0.98602
0.99058
0.001455
0.0041095
0.97697
0.15659
0.0041224
0.16026
5.2592e-06
6.1074e-06
0.53731
12.426
0.91384
12.433
4.1899
12.426
0.0014095
0.021348
0.0072462
0.019176
0.13808
0.11793
0.00078646
0.87787
0.12213
0.41566
0.071089
0.076335
0.43692
1.8355
0.0044659
-0.0016434
0.10573
0.5148
-2.0791
-2.0298e+09
-47.8
0.0743
0.9717
129.43
8.5547
-85.362
1.3918
0.00039536
0.035937
0.021802
0.25197
0.12752
0.74878
0.00053194
0.00043179
7.4297e-06
0.10894
0.13622
0.96362
0.01084
0.11729
0.98602
0.99058
0.001455
0.0041095
0.97697
0.15659
0.0041224
0.16026
5.2813e-06
6.1302e-06
0.53719
12.428
0.91391
12.435
4.1902
12.428
0.0014055
0.021363
0.0072382
0.0074924
0.13808
0.11791
0.00078622
0.91485
0.085152
0.47507
0.056059
0.069246
0.39962
1.7652
0.0045531
-0.0015844
0.10612
0.51612
-3.4116
-5.548e+11
-47.8
0.0743
0.9717
129.43
8.5547
-85.362
1.392
0.00039631
0.03602
0.021836
0.25214
0.12757
0.74897
0.00053282
0.00043513
7.4297e-06
0.10894
0.1362
0.96362
0.01084
0.11729
0.98602
0.99058
0.001455
0.0041095
0.97697
0.15659
0.0041224
0.16026
5.2904e-06
6.1413e-06
0.53721
12.428
0.91391
12.435
4.1902
12.428
0.0014162
0.021363
0.0072666
0.025847
0.13808
0.11791
0.00078629
0.81818
0.18182
0.34635
0.091181
0.084128
0.47834
1.9187
0.0043517
-0.0017214
0.10537
0.51405
-1.8725
-2.3504e+06
-47.8
0.0743
0.9717
129.43
8.5547
-85.362
1.392
0.00039604
0.035997
0.02184
0.25215
0.12759
0.74903
0.0005329
0.00043324
7.4297e-06
0.109
0.13627
0.96362
0.01084
0.11729
0.98602
0.99058
0.001455
0.0041095
0.97697
0.15659
0.0041224
0.16026
5.3009e-06
6.1515e-06
0.53713
12.43
0.91395
12.436
4.1904
12.429
0.00141
0.021372
0.0072516
0.014685
0.13808
0.1179
0.0007861
0.8943
0.1057
0.43949
0.064715
0.073518
0.42227
1.8046
0.0045023
-0.0016187
0.10599
0.5159
-2.4941
-2.2805e+10
-47.8
0.0743
0.9717
129.43
8.5547
-85.362
1.392
0.00039551
0.035952
0.021825
0.25208
0.12758
0.74897
0.00053252
0.00043042
7.4297e-06
0.10901
0.1363
0.96362
0.01084
0.11729
0.98602
0.99058
0.001455
0.0041095
0.97697
0.15659
0.0041224
0.16026
5.3002e-06
6.1501e-06
0.53711
12.43
0.91395
12.436
4.1904
12.43
0.0014025
0.021375
0.0072329
-0.0070064
0.13808
0.1179
0.00078599
0.93103
0.068967
0.50793
0.048528
0.065167
0.37837
1.7271
0.0045945
-0.0015564
0.10621
0.51679
-4.7355
-1.1046e+13
-47.8
0.0743
0.9717
129.43
8.5547
-85.362
1.3919
0.00039618
0.036011
0.021826
0.25211
0.12754
0.74893
0.00053255
0.00043468
7.4297e-06
0.1089
0.13614
0.96362
0.01084
0.11729
0.98602
0.99058
0.001455
0.0041095
0.97697
0.15659
0.0041224
0.16026
5.2833e-06
6.1346e-06
0.53727
12.426
0.91384
12.433
4.1899
12.426
0.0014163
0.021357
0.0072677
0.03042
0.13808
0.11792
0.00078638
0.76811
0.23189
0.30254
0.10558
0.088743
0.50314
1.9779
0.0042709
-0.0017772
0.10503
0.5131
-1.7293
-50979
-47.8
0.0743
0.9717
129.43
8.5547
-85.362
1.3917
0.0003955
0.035948
0.021787
0.25193
0.12747
0.74866
0.00053159
0.00043349
7.4297e-06
0.10885
0.1361
0.96362
0.01084
0.11729
0.98602
0.99058
0.001455
0.0041095
0.97697
0.15659
0.0041224
0.16026
5.2648e-06
6.1139e-06
0.5373
12.425
0.91381
12.432
4.1898
12.425
0.0014102
0.021353
0.0072496
0.013348
0.13808
0.11792
0.00078639
0.89842
0.10158
0.44713
0.063125
0.072557
0.41719
1.7978
0.0045084
-0.0016146
0.10607
0.51569
-2.6258
-3.9244e+10
-47.8
0.0743
0.9717
129.43
8.5547
-85.362
1.3916
0.00039548
0.035945
0.021768
0.25186
0.12741
0.7485
0.00053112
0.00043518
7.4297e-06
0.10878
0.13602
0.96362
0.01084
0.11729
0.98602
0.99058
0.001455
0.0041095
0.97697
0.15659
0.0041224
0.16026
5.2476e-06
6.0961e-06
0.53739
12.423
0.91375
12.43
4.1895
12.423
0.0014142
0.021342
0.0072583
0.021455
0.13808
0.11793
0.00078658
0.85645
0.14355
0.38877
0.078896
0.079332
0.453
1.8682
0.0044166
-0.001677
0.10565
0.51438
-2.0012
-1.3476e+08
-47.8
0.0743
0.9717
129.43
8.5547
-85.362
1.3915
0.00039544
0.035943
0.021757
0.25182
0.12738
0.74843
0.00053084
0.0004353
7.4297e-06
0.10873
0.13596
0.96362
0.01084
0.11729
0.98602
0.99058
0.001455
0.0041095
0.97697
0.15659
0.0041224
0.16026
5.2374e-06
6.0858e-06
0.53746
12.422
0.9137
12.429
4.1893
12.422
0.0014165
0.021334
0.0072639
0.028411
0.13808
0.11794
0.00078674
0.79062
0.20938
0.32187
0.099493
0.086654
0.49199
1.9545
0.0043011
-0.0017563
0.10516
0.51291
-1.7848
-1.6086e+05
-47.8
0.0743
0.9717
129.43
8.5547
-85.362
1.3914
0.00039506
0.035908
0.021746
0.25175
0.12737
0.74838
0.00053056
0.00043425
7.4297e-06
0.10875
0.13599
0.96362
0.01084
0.11729
0.98602
0.99058
0.001455
0.0041095
0.97697
0.15659
0.0041224
0.16026
5.237e-06
6.0845e-06
0.53742
12.423
0.91372
12.429
4.1893
12.423
0.0014115
0.021337
0.0072503
0.019039
0.13808
0.11794
0.00078666
0.87585
0.12415
0.41385
0.071963
0.076441
0.43774
1.8391
0.004455
-0.0016508
0.10576
0.51461
-2.0746
-1.4301e+09
