-85.744
1.3917
0.00036828
0.033576
0.021943
0.24633
0.12804
0.74867
0.00053518
0.0003311
6.9717e-06
0.097859
0.11973
0.982
0.0090232
0.080985
0.98716
0.99163
0.0013651
0.0040071
0.98703
0.18297
0.0040217
0.1661
5.0314e-06
6.6432e-06
0.56903
13.057
0.93416
13.061
4.2825
13.058
0.0011074
0.018971
0.0063156
0.020279
0.13782
0.12032
0.00091168
0.96739
0.032606
0.58109
0.0248
0.067342
0.32677
1.8657
0.0070236
1.494e-05
0.082861
0.45054
0.19842
-49538
-47.8
0.0743
0.9717
129.43
8.5547
-85.744
1.3914
0.00036741
0.0335
0.021896
0.24613
0.12796
0.74831
0.00053398
0.00032815
6.9717e-06
0.097813
0.11968
0.982
0.0090232
0.080984
0.98716
0.99163
0.0013651
0.0040071
0.98703
0.18296
0.0040217
0.1661
5.0121e-06
6.6193e-06
0.56908
13.055
0.93409
13.059
4.2822
13.056
0.0010983
0.018965
0.0062849
0.018895
0.13782
0.12032
0.00091172
0.98142
0.01858
0.669
0.016379
0.052662
0.26196
1.7564
0.0069261
-4.726e-05
0.084081
0.45521
0.14094
-43068
-47.8
0.0743
0.9717
129.43
8.5547
-85.744
1.3915
0.00036833
0.033579
0.021913
0.24624
0.12796
0.74849
0.00053444
0.00033328
6.9717e-06
0.097741
0.11956
0.982
0.0090232
0.080983
0.98716
0.99163
0.0013651
0.0040071
0.98703
0.18296
0.0040217
0.1661
5.0054e-06
6.6143e-06
0.56923
13.051
0.93398
13.055
4.2816
13.052
0.0011133
0.018962
0.0063314
0.021167
0.13782
0.12033
0.00091197
0.95601
0.043992
0.53038
0.03046
0.075885
0.36327
1.9216
0.0070398
2.5433e-05
0.082744
0.44938
0.23224
-53083
-47.8
0.0743
0.9717
129.43
8.5547
-85.744
1.3914
0.00036819
0.033565
0.021887
0.24616
0.12789
0.74829
0.0005338
0.00033341
6.9717e-06
0.097666
0.11946
0.982
0.0090232
0.080982
0.98716
0.99163
0.0013651
0.0040071
0.98703
0.18296
0.0040217
0.1661
4.9876e-06
6.5941e-06
0.56935
13.048
0.93387
13.052
4.2811
13.048
0.0011134
0.018955
0.0063306
0.020487
0.13782
0.12033
0.00091216
0.96452
0.035478
0.56993
0.026352
0.069232
0.33448
1.8815
0.0070238
1.5046e-05
0.083015
0.44995
0.20587
-50463
-47.8
0.0743
0.9717
129.43
8.5547
-85.744
1.3913
0.0003684
0.033583
0.021876
0.24614
0.12785
0.74823
0.00053353
0.00033556
6.9717e-06
0.097602
0.11936
0.982
0.0090232
0.080981
0.98716
0.99163
0.0013651
0.0040071
0.98703
0.18296
0.0040217
0.1661
4.9737e-06
6.5785e-06
0.56945
13.045
0.93377
13.049
4.2807
13.045
0.0011193
0.018949
0.006347
0.02174
0.13782
0.12034
0.00091239
0.94724
0.052762
0.50037
0.03438
0.080955
0.38429
1.9521
0.0070306
1.9703e-05
0.083155
0.44968
0.25159
-55064
-47.8
0.0743
0.9717
129.43
8.5547
-85.744
1.3914
0.00036838
0.033581
0.021875
0.24614
0.12785
0.74827
0.00053351
0.00033557
6.9717e-06
0.097603
0.11936
0.982
0.0090232
0.08098
0.98716
0.99163
0.0013651
0.0040071
0.98703
0.18296
0.0040217
0.1661
4.9739e-06
6.5788e-06
0.56945
13.044
0.93374
13.048
4.2805
13.044
0.0011193
0.018948
0.0063471
0.021763
0.13782
0.12034
0.00091252
0.94688
0.053121
0.4991
0.034529
0.081171
0.3852
1.9534
0.0070305
1.9652e-05
0.083156
0.44968
0.25243
-55145
-47.8
0.0743
0.9717
129.43
8.5547
-85.744
1.3915
0.00036799
0.033548
0.021883
0.24613
0.12789
0.74842
0.00053368
0.00033333
6.9717e-06
0.097676
0.11947
0.982
0.0090232
0.080979
0.98716
0.99163
0.0013651
0.0040071
0.98703
0.18296
0.0040217
0.1661
4.9891e-06
6.596e-06
0.56934
13.045
0.93378
13.049
4.2807
13.046
0.0011132
0.018952
0.0063298
0.021383
0.13782
0.12034
0.00091253
0.95296
0.047041
0.51846
0.031837
0.077901
0.3718
1.9342
0.0070397
2.5431e-05
0.082733
0.44919
0.24025
-53898
-47.8
0.0743
0.9717
129.43
8.5547
-85.744
1.3913
0.00036636
0.033408
0.021845
0.24591
0.12788
0.74818
0.00053266
0.00032556
6.9717e-06
0.097755
0.11962
0.982
0.0090232
0.080978
0.98716
0.99163
0.0013651
0.0040071
0.98703
0.18296
0.0040217
0.1661
4.9943e-06
6.5986e-06
0.56919
13.047
0.93385
13.051
4.281
13.048
0.0010906
0.018951
0.0062598
0.018616
0.13782
0.12034
0.00091245
0.98386
0.01614
0.68575
0.014665
0.049895
0.24969
1.7356
0.0069057
-6.026e-05
0.083829
0.45515
0.1312
-41898
-47.8
0.0743
0.9717
129.43
8.5547
-85.744
1.3914
0.00036633
0.033406
0.021852
0.24593
0.1279
0.74829
0.00053282
0.00032524
6.9717e-06
0.097773
0.11965
0.982
0.0090232
0.080977
0.98716
0.99163
0.0013651
0.0040071
0.98703
0.18296
0.0040217
0.1661
5.0003e-06
6.6061e-06
0.56917
13.047
0.93383
13.051
4.281
13.047
0.0010899
0.01895
0.0062588
0.018751
0.13782
0.12034
0.00091259
0.98279
0.017213
0.67618
0.015419
0.051477
0.25692
1.7477
0.0069205
-5.0825e-05
0.083611
0.45463
0.13707
-42581
-47.8
0.0743
0.9717
129.43
8.5547
-85.744
1.3915
0.00036718
0.033479
0.021868
0.24605
0.1279
0.74844
0.00053326
0.00032928
6.9717e-06
0.097708
0.11953
0.982
0.0090232
0.080976
0.98716
0.99163
0.0013651
0.0040071
0.98703
0.18296
0.0040217
0.1661
4.9947e-06
6.6024e-06
0.56931
13.043
0.93371
13.047
4.2804
13.043
0.0011018
0.018946
0.0062966
0.019806
0.13781
0.12034
0.00091293
0.97262
0.027377
0.6097
0.021887
0.062547
0.30587
1.8321
0.006997
-2.068e-06
0.08311
0.45168
0.17934
-47478
-47.8
0.0743
0.9717
129.43
8.5547
-85.744
1.3914
0.00036765
0.033518
0.021854
0.24604
0.12783
0.74835
0.00053293
0.00033274
6.9717e-06
0.097586
0.11935
0.982
0.0090232
0.080976
0.98716
0.99163
0.0013651
0.0040071
0.98703
0.18296
0.0040217
0.1661
4.9725e-06
6.5787e-06
0.56952
13.038
0.93355
13.042
4.2797
13.038
0.0011116
0.018936
0.0063256
0.020761
0.13781
0.12035
0.00091334
0.96129
0.038715
0.55303
0.027942
0.072084
0.34695
1.9007
0.0070326
2.0713e-05
0.082627
0.44903
0.21752
-51674
-47.8
0.0743
0.9717
129.43
8.5547
-85.744
1.3912
0.00036743
0.033497
0.021815
0.24591
0.12773
0.74811
0.00053197
0.00033394
6.9717e-06
0.097458
0.11918
0.982
0.0090232
0.080975
0.98716
0.99163
0.0013651
0.0040071
0.98703
0.18295
0.0040217
0.1661
4.9447e-06
6.5474e-06
0.56972
13.033
0.9334
13.037
4.279
13.033
0.0011146
0.018922
0.0063323
0.021456
0.13781
0.12037
0.00091374
0.95164
0.048361
0.51499
0.032453
0.078497
0.37406
1.9395
0.0070327
2.0935e-05
0.082828
0.44903
0.24242
-54198
-47.8
0.0743
0.9717
129.43
8.5547
-85.744
1.3909
0.00036655
0.03342
0.02176
0.24568
0.12762
0.74775
0.00053056
0.00033188
6.9717e-06
0.097351
0.11906
0.982
0.0090232
0.080974
0.98716
0.99163
0.0013651
0.0040071
0.98703
0.18295
0.0040217
0.1661
4.9178e-06
6.5161e-06
0.56989
13.029
0.93327
13.033
4.2784
13.029
0.0011083
0.018909
0.0063106
0.020153
0.13781
0.12038
0.00091405
0.96832
0.031679
0.5898
0.024343
0.065909
0.31995
1.8615
0.0070048
2.932e-06
0.083089
0.45012
0.19282
-49163
-47.8
0.0743
0.9717
129.43
8.5547
-85.744
1.3908
0.0003667
0.033431
0.021736
0.2456
0.12754
0.74764
0.00052998
0.00033491
6.9717e-06
0.097233
0.1189
0.982
0.0090232
0.080973
0.98716
0.99163
0.0013651
0.0040071
0.98703
0.18295
0.0040217
0.1661
4.8942e-06
6.4899e-06
0.57008
13.024
0.93313
13.028
4.2777
13.025
0.0011165
0.018896
0.0063331
0.022392
0.13781
0.12039
0.00091449
0.93647
0.063534
0.46546
0.038572
0.086916
0.40905
1.9911
0.0070138
9.1099e-06
0.082943
0.44854
0.27574
-57551
-47.8
0.0743
0.9717
129.43
8.5547
-85.744
1.3907
0.0003665
0.033412
0.021714
0.24552
0.12749
0.7475
0.00052943
0.00033483
6.9717e-06
0.097175
0.11882
0.982
0.0090232
0.080973
0.98716
0.99163
0.0013651
0.0040071
0.98703
0.18295
0.0040217
0.1661
4.8811e-06
6.475e-06
0.57018
13.021
0.93304
13.025
4.2773
13.022
0.0011161
0.018889
0.006331
0.02177
0.13781
0.1204
0.00091478
0.94652
0.053481
0.49854
0.034672
0.081303
0.38548
1.9599
0.0070263
1.6914e-05
0.082912
0.44836
0.25386
-55461
-47.8
0.0743
0.9717
129.43
8.5547
-85.744
1.3907
0.00036659
0.03342
0.021716
0.24553
0.12749
0.74756
0.00052948
0.00033559
6.9717e-06
0.097171
0.11881
0.982
0.0090232
0.080972
0.98716
0.99163
0.0013651
0.0040071
0.98703
0.18295
0.0040217
0.1661
4.8807e-06
6.4748e-06
0.57019
13.02
0.93301
13.024
4.2772
13.021
0.0011181
0.018886
0.0063362
0.023301
0.13781
0.1204
0.00091504
0.91928
0.080717
0.41949
0.044396
0.094782
0.44133
2.0372
0.0069806
-1.183e-05
0.083048
0.44848
0.3068
-60549
-47.8
0.0743
0.9717
129.43
8.5547
-85.744
1.391
0.00036629
0.033397
0.021741
0.24561
0.12758
0.74782
0.00053007
0.00033206
6.9717e-06
0.097284
0.11897
0.982
0.0090232
0.080971
0.98716
0.99163
0.0013651
0.0040071
0.98703
0.18295
0.0040217
0.1661
4.908e-06
6.5067e-06
0.57002
13.023
0.93308
13.026
4.2775
13.023
0.0011088
0.018894
0.0063124
0.020692
0.13781
0.12039
0.00091505
0.962
0.037997
0.55663
0.027577
0.071503
0.34429
1.9014
0.0070313
1.9899e-05
0.082419
0.44804
0.21597
-51638
-47.8
0.0743
0.9717
129.43
8.5547
-85.744
1.3911
0.0003658
0.033356
0.021749
0.24561
0.12763
0.74792
0.00053025
0.00032867
6.9717e-06
0.097376
0.11911
0.982
0.0090232
0.080971
0.98716
0.99163
0.0013651
0.0040071
0.98703
0.18295
0.0040217
0.1661
4.9259e-06
6.5265e-06
0.56988
13.024
0.93314
13.028
4.2778
13.025
0.0010994
0.018898
0.0062851
0.019777
0.13781
0.12039
0.00091512
0.97277
0.027229
0.61124
0.021797
0.06231
0.30465
1.8344
0.0069945
-3.6738e-06
0.082944
0.45084
0.17891
-47546
-47.8
0.0743
0.9717
129.43
8.5547
-85.744
1.391
0.00036544
0.033324
0.021738
0.24556
0.12762
0.74781
0.00052994
0.00032663
6.9717e-06
0.0974
0.11914
0.982
0.0090232
0.08097
0.98716
0.99163
0.0013651
0.0040071
0.98703
0.18295
0.0040217
0.1661
4.9256e-06
6.5248e-06
0.56983
13.024
0.93313
13.028
4.2778
13.025
0.0010933
0.018898
0.0062655
0.018877
0.13781
0.12039
0.00091528
0.98147
0.018533
0.66904
0.016336
0.052676
0.26195
1.7607
0.0069259
-4.7407e-05
0.083708
0.45399
0.14157
-43249
-47.8
0.0743
0.9717
129.43
8.5547
-85.744
1.3912
0.00036682
0.033444
0.021779
0.24578
0.12767
0.74813
0.00053105
0.00033264
6.9717e-06
0.097378
0.11908
0.982
0.0090232
0.080969
0.98716
0.99163
0.0013651
0.0040071
0.98703
0.18295
0.0040217
0.1661
4.9306e-06
6.5331e-06
0.56989
13.022
0.93306
13.026
4.2774
13.022
0.0011109
0.0189
0.0063211
0.021181
0.13781
0.12039
0.00091564
0.95569
0.044314
0.52937
0.030601
0.076077
0.36395
1.926
0.0070412
2.6286e-05
0.082571
0.44861
0.23361
-53306
-47.8
0.0743
0.9717
129.43
8.5547
-85.744
1.3913
0.00036729
0.033485
0.02179
0.24585
0.12767
0.74819
0.00053134
0.00033464
6.9717e-06
0.097368
0.11905
0.982
0.0090232
0.080969
0.98716
0.99163
0.0013651
0.0040071
0.98703
0.18295
0.0040217
0.1661
4.93e-06
6.5329e-06
0.56991
13.02
0.93301
13.024
4.2772
13.021
0.0011166
0.0189
0.0063379
0.0222
0.13781
0.12039
0.00091592
0.93999
0.060013
0.47528
0.037228
0.085224
0.40227
1.9779
0.0070273
1.7712e-05
0.082962
0.44921
0.26886
-56754
-47.8
0.0743
0.9717
129.43
8.5547
-85.744
1.3913
0.00036665
0.033431
0.02179
0.24582
0.12771
0.74823
0.0005313
0.00033067
6.9717e-06
0.097444
0.11916
0.982
0.0090232
0.080968
0.98716
0.99163
0.0013651
0.0040071
0.98703
0.18295
0.0040217
0.1661
4.9442e-06
6.5484e-06
0.56979
13.022
0.93305
13.026
4.2774
13.022
0.0011055
0.018904
0.0063062
0.020234
0.13781
0.12039
0.00091598
0.9677
0.032296
0.5837
0.024638
0.066923
0.32474
1.8664
0.0070234
1.4785e-05
0.082773
0.44991
0.19728
-49516
-47.8
0.0743
0.9717
129.43
8.5547
-85.744
1.3913
0.00036576
0.033355
0.021775
0.24572
0.12772
0.74815
0.00053088
0.00032608
6.9717e-06
0.097509
0.11927
0.982
0.0090232
0.080968
0.98716
0.99163
0.0013651
0.0040071
0.98703
0.18295
0.0040217
0.1661
4.9518e-06
6.5554e-06
0.56967
13.023
0.9331
13.027
4.2776
13.024
0.0010922
0.018904
0.0062652
0.018836
0.13781
0.12038
0.00091602
0.98194
0.018057
0.67131
0.016008
0.052291
0.26039
1.7554
0.0069296
-4.505e-05
0.083688
0.45443
0.14013
-42991
-47.8
0.0743
0.9717
129.43
8.5547
-85.744
1.3915
0.0003661
0.033385
0.021798
0.24582
0.12777
0.7484
0.00053147
0.00032717
6.9718e-06
0.097539
0.11931
0.982
0.0090232
0.080967
0.98716
0.99163
0.0013651
0.0040071
0.98703
0.18295
0.0040217
0.1661
4.9638e-06
6.5705e-06
0.56964
13.023
0.9331
13.027
4.2776
13.024
0.0010958
0.018906
0.0062782
0.019553
0.13781
0.12038
0.0009162
0.97533
0.024672
0.62444
0.020263
0.060088
0.29521
1.8146
0.0069912
-5.8224e-06
0.082997
0.45195
0.17017
-46431
-47.8
0.0743
0.9717
129.43
8.5547
-85.744
1.3914
0.00036586
0.033364
0.021782
0.24575
0.12773
0.74828
0.00053105
0.00032645
6.9718e-06
0.097507
0.11927
0.982
0.0090232
0.080967
0.98716
0.99163
0.0013651
0.0040071
0.98703
0.18295
0.0040217
0.1661
4.9552e-06
6.5604e-06
0.56969
13.022
0.93304
13.025
4.2774
13.022
0.0010935
0.0189
0.0062704
0.019091
0.13781
0.12039
0.00091641
0.97971
0.020294
0.65445
0.017508
0.055089
0.27296
1.7768
0.0069526
-3.0385e-05
0.083459
0.45363
0.15067
-44215
-47.8
0.0743
0.9717
129.43
8.5547
-85.744
1.3913
0.00036608
0.033382
0.021773
0.24574
0.12769
0.74824
0.00053084
0.00032832
6.9718e-06
0.097432
0.11916
0.982
0.0090232
0.080966
0.98716
0.99163
0.0013651
0.0040071
0.98703
0.18295
0.0040217
0.1661
4.9426e-06
6.5474e-06
0.56982
13.018
0.93294
13.022
4.2769
13.019
0.0010989
0.018893
0.0062867
0.019619
0.13781
0.1204
0.00091671
0.97451
0.025494
0.62117
0.020775
0.060638
0.29742
1.8196
0.0069893
-6.9758e-06
0.083147
0.45193
0.1721
-46703
-47.8
0.0743
0.9717
129.43
8.5547
-85.744
1.3913
0.00036629
0.033398
0.021755
0.24571
0.12763
0.74815
0.00053042
0.00033063
6.9718e-06
0.097323
0.11901
0.982
0.0090232
0.080966
0.98716
0.99163
0.0013651
0.0040071
0.98703
0.18295
0.0040217
0.1661
4.9231e-06
6.5265e-06
0.57001
13.014
0.93281
13.018
4.2763
13.014
0.0011054
0.018883
0.0063059
0.020297
0.13781
0.12041
0.00091705
0.96692
0.033076
0.57981
0.025053
0.067583
0.32755
1.8718
0.0070228
1.4417e-05
0.082675
0.44955
0.19989
-49837
-47.8
0.0743
0.9717
129.43
8.5547
-85.744
1.3911
0.00036609
0.03338
0.02172
0.24558
0.12754
0.74794
0.00052955
0.00033175
6.9718e-06
0.097199
0.11884
0.982
0.0090232
0.080965
0.98716
0.99163
0.0013651
0.0040071
0.98703
0.18295
0.0040217
0.1661
4.8978e-06
6.4983e-06
0.57022
13.01
0.93267
13.013
4.2756
13.01
0.0011084
0.01887
0.006313
0.020681
0.13781
0.12042
0.00091738
0.9622
0.037802
0.55714
0.027475
0.071414
0.34397
1.8999
0.0070331
2.1014e-05
0.082393
0.44822
0.21553
-51565
-47.8
0.0743
0.9717
129.43
8.5547
-85.744
1.3908
0.00036548
0.033325
0.021668
0.24537
0.12742
0.74759
0.00052823
0.00033132
6.9718e-06
0.09707
0.11869
0.982
0.0090232
0.080965
0.98716
0.99163
0.0013651
0.0040071
0.98703
0.18294
0.0040217
0.1661
4.8673e-06
6.4632e-06
0.57042
13.005
0.93254
13.009
4.275
13.006
0.0011066
0.018855
0.0063045
0.020334
0.1378
0.12043
0.00091768
0.96619
0.033807
0.57817
0.025461
0.06788
0.32849
1.8779
0.0070166
1.044e-05
0.082688
0.44883
0.2013
-50137
-47.8
0.0743
0.9717
129.43
8.5547
-85.744
1.3906
0.00036546
0.033321
0.021635
0.24525
0.12732
0.74741
0.00052741
0.00033402
6.9718e-06
0.096936
0.11851
0.982
0.0090232
0.080964
0.98716
0.99163
0.0013651
0.0040071
0.98703
0.18294
0.0040217
0.1661
4.8395e-06
6.4318e-06
0.57063
13.001
0.9324
13.004
4.2744
13.001
0.0011137
0.01884
0.0063228
0.022682
0.1378
0.12045
0.00091805
0.93136
0.068636
0.45009
0.040361
0.089557
0.41999
2.0085
0.0070056
3.9955e-06
0.082743
0.44791
0.28669
-58659
-47.8
0.0743
0.9717
129.43
8.5547
-85.744
1.3904
0.00036476
0.033259
0.021598
0.24508
0.12726
0.74717
0.00052647
0.00033178
6.9718e-06
0.096872
0.11844
0.982
0.0090232
0.080964
0.98716
0.99163
0.0013651
0.0040071
0.98703
0.18294
0.0040217
0.1661
4.8241e-06
6.4139e-06
0.57073
12.998
0.93232
13.002
4.2741
12.999
0.0011072
0.018832
0.0063024
0.020558
0.1378
0.12046
0.00091822
0.96333
0.036665
0.56468
0.026928
0.070176
0.33821
1.8979
0.0070223
1.4074e-05
0.082388
0.44729
0.21115
-51314
-47.8
0.0743
0.9717
129.43
8.5547
-85.744
1.3904
0.00036493
0.033272
0.021585
0.24504
0.12721
0.74711
0.00052615
0.00033422
6.9718e-06
0.0968
0.11834
0.982
0.0090232
0.080964
0.98716
0.99163
0.0013651
0.0040071
0.98703
0.18294
0.0040217
0.1661
4.8092e-06
6.3971e-06
0.57084
12.996
0.93224
12.999
4.2737
12.996
0.0011138
0.018823
0.0063199
0.023066
0.1378
0.12047
0.00091849
0.92397
0.076034
0.43073
0.042858
0.092887
0.43352
2.0299
0.0069888
-6.657e-06
0.082735
0.44748
0.30011
-60013
-47.8
0.0743
0.9717
129.43
8.5547
-85.744
1.3904
0.00036469
0.033253
0.021581
0.24502
0.12721
0.74711
0.00052606
0.00033278
6.9718e-06
0.096811
0.11836
0.982
0.0090232
0.080963
0.98716
0.99163
0.0013651
0.0040071
0.98703
0.18294
0.0040217
0.1661
4.8116e-06
6.3999e-06
0.57083
12.995
0.93223
12.999
4.2736
12.996
0.0011098
0.018823
0.0063092
0.02122
0.1378
0.12047
0.00091857
0.95462
0.045375
0.5276
0.031116
0.076419
0.36487
1.9354
0.0070296
1.8876e-05
0.082467
0.4472
0.23556
-53768
-47.8
0.0743
0.9717
129.43
8.5547
-85.744
1.3904
0.00036482
0.033264
0.021591
0.24506
0.12723
0.74721
0.00052629
0.00033351
6.9718e-06
0.096835
0.11839
0.982
0.0090232
0.080963
0.98716
0.99163
0.0013651
0.0040071
0.98703
0.18294
0.0040217
0.1661
4.8165e-06
6.4055e-06
0.57079
12.996
0.93224
12.999
4.2737
12.996
0.0011118
0.018823
0.0063145
0.023149
0.1378
0.12047
0.00091869
0.92259
0.07741
0.4262
0.043245
0.093665
0.43689
2.0342
0.0069876
-7.3694e-06
0.082602
0.44734
0.30345
-60303
-47.8
0.0743
0.9717
129.43
8.5547
-85.744
1.3904
0.00036404
0.033198
0.021588
0.24501
0.12727
0.74718
0.00052619
0.00032805
6.9718e-06
0.096931
0.11854
0.982
0.0090232
0.080963
0.98716
0.99163
0.0013651
0.0040071
0.98703
0.18294
0.0040217
0.1661
4.8324e-06
6.4224e-06
0.57063
12.998
0.93232
13.002
4.2741
12.999
0.0010965
0.01883
0.0062699
0.019371
0.1378
0.12046
0.00091859
0.97659
0.023406
0.63739
0.019511
0.057965
0.28513
1.807
0.0069574
-2.7354e-05
0.083277
0.45138
0.16205
-45827
-47.8
0.0743
0.9717
129.43
8.5547
-85.744
1.3908
0.00036501
0.033283
0.021639
0.24525
0.12736
0.7476
0.00052749
0.00033134
6.9718e-06
0.096992
0.1186
0.982
0.0090232
0.080962
0.98716
0.99163
0.0013651
0.0040071
0.98703
0.18294
0.0040217
0.1661
4.8534e-06
6.4484e-06
0.57056
12.999
0.93235
13.003
4.2742
13
0.0011065
0.018837
0.0063036
0.021472
0.1378
0.12045
0.00091871
0.95153
0.048469
0.51266
0.03242
0.078927
0.37599
1.9468
0.0070364
2.3285e-05
0.082253
0.44746
0.24544
-54602
-47.8
0.0743
0.9717
129.43
8.5547
-85.744
1.3907
0.00036473
0.03326
0.021635
0.24523
0.12737
0.74751
0.00052738
0.00032893
6.9718e-06
0.097031
0.11865
0.982
0.0090232
0.080962
0.98716
0.99163
0.0013651
0.0040071
0.98703
0.18294
0.0040217
0.1661
4.8573e-06
6.4517e-06
0.57049
13
0.93237
13.004
4.2743
13
0.0010996
0.01884
0.0062824
0.019603
0.1378
0.12045
0.00091874
0.97433
0.025675
0.62291
0.0209
0.060373
0.29582
1.8229
0.006976
-1.5481e-05
0.083206
0.45118
0.1712
-46802
-47.8
0.0743
0.9717
129.43
8.5547
-85.744
1.3909
0.00036562
0.033337
0.021669
0.24539
0.12742
0.74777
0.00052826
0.00033253
6.9718e-06
0.097048
0.11865
0.982
0.0090232
0.080962
0.98716
0.99163
0.0013651
0.0040071
0.98703
0.18294
0.0040217
0.1661
4.8664e-06
6.4636e-06
0.57047
13
0.93236
13.003
4.2742
13
0.0011102
0.018844
0.006316
0.021486
0.1378
0.12045
0.0009189
0.95119
0.048815
0.51261
0.032614
0.078924
0.37585
1.9454
0.007036
2.3076e-05
0.08251
0.44806
0.24495
-54527
-47.8
0.0743
0.9717
129.43
8.5547
-85.744
1.391
0.00036558
0.033334
0.021679
0.24542
0.12745
0.74787
0.00052849
0.00033199
6.9718e-06
0.09709
0.11871
0.982
0.0090232
0.080962
0.98716
0.99163
0.0013651
0.0040071
0.98703
0.18294
0.0040217
0.1661
4.8754e-06
6.4736e-06
0.57041
13.001
0.93239
13.004
4.2744
13.001
0.0011087
0.018847
0.006312
0.021621
0.1378
0.12044
0.00091895
0.94937
0.050634
0.50491
0.033365
0.080225
0.3815
1.9525
0.0070385
2.466e-05
0.08241
0.44798
0.25025
-55014
-47.8
0.0743
0.9717
129.43
8.5547
-85.744
1.3908
0.00036411
0.033207
0.021642
0.24521
0.12743
0.7476
0.00052751
0.00032488
6.9718e-06
0.09715
0.11882
0.982
0.0090232
0.080961
0.98716
0.99163
0.0013651
0.0040071
0.98703
0.18294
0.0040217
0.1661
4.8775e-06
6.4732e-06
0.57028
13.003
0.93245
13.006
4.2747
13.003
0.001088
0.018846
0.0062475
0.01869
0.1378
0.12044
0.00091887
0.98304
0.016955
0.68035
0.015236
0.050811
0.2536
1.748
0.0069118
-5.6417e-05
0.083534
0.45379
0.13503
-42509
-47.8
0.0743
0.9717
129.43
8.5547
-85.744
1.391
0.00036439
0.033232
0.021661
0.24529
0.12747
0.74782
0.000528
0.00032591
6.9718e-06
0.097168
0.11885
0.982
0.0090232
0.080961
0.98716
0.99163
0.0013651
0.0040071
0.98703
0.18294
0.0040217
0.1661
4.8872e-06
6.4858e-06
0.57028
13.003
0.93245
13.006
4.2746
13.003
0.0010914
0.018847
0.00626
0.01944
0.1378
0.12044
0.00091898
0.9763
0.023701
0.63091
0.01966
0.059031
0.2904
1.8112
0.0069796
-1.3245e-05
0.082796
0.45114
0.16653
-46157
-47.8
0.0743
0.9717
129.43
8.5547
-85.744
1.3909
0.0003645
0.033241
0.021648
0.24526
0.12742
0.74769
0.00052767
0.00032699
6.9718e-06
0.097101
0.11875
0.982
0.0090232
0.080961
0.98716
0.99163
0.0013651
0.0040071
0.98703
0.18294
0.0040217
0.1661
4.8735e-06
6.4705e-06
0.57038
13
0.93237
13.004
4.2743
13
0.0010943
0.018841
0.0062677
0.019326
0.1378
0.12045
0.00091918
0.97725
0.022746
0.63938
0.019086
0.05762
0.28392
1.801
0.0069655
-2.224e-05
0.08318
0.45191
0.16074
-45541
-47.8
0.0743
0.9717
129.43
8.5547
-85.744
1.3909
0.00036536
0.033314
0.02165
0.24532
0.12738
0.7477
0.00052777
0.0003323
6.9718e-06
0.09699
0.11858
0.982
0.0090232
0.080961
0.98716
0.99163
0.0013651
0.0040071
0.98703
0.18294
0.0040217
0.1661
4.856e-06
6.4524e-06
0.57058
12.996
0.93224
13
4.2737
12.996
0.0011094
0.018834
0.0063129
0.021449
0.1378
0.12046
0.0009195
0.95172
0.048283
0.51452
0.032376
0.078607
0.3745
1.9442
0.0070398
2.549e-05
0.082454
0.44788
0.244
-54439
-47.8
0.0743
0.9717
129.43
8.5547
-85.744
1.3907
0.00036537
0.033313
0.021628
0.24524
0.12731
0.74753
0.00052722
0.00033375
6.9718e-06
0.096907
0.11846
0.982
0.0090232
0.080961
0.98716
0.99163
0.0013651
0.0040071
0.98703
0.18294
0.0040217
0.1661
4.8376e-06
6.4313e-06
0.57071
12.993
0.93216
12.997
4.2733
12.993
0.0011131
0.018826
0.006322
0.022499
0.1378
0.12046
0.00091971
0.93469
0.065308
0.45934
0.03917
0.087974
0.41351
1.9989
0.0070178
1.1693e-05
0.082706
0.44799
0.28067
-58040
-47.8
0.0743
0.9717
129.43
8.5547
-85.744
1.3905
0.00036456
0.033243
0.021601
0.24511
0.12728
0.74732
0.00052652
0.00032994
6.9718e-06
0.096905
0.11848
0.982
0.0090232
0.080961
0.98716
0.99163
0.0013651
0.0040071
0.98703
0.18294
0.0040217
0.1661
4.8331e-06
6.4252e-06
0.5707
12.993
0.93215
12.997
4.2733
12.993
0.0011022
0.018824
0.0062886
0.019823
0.1378
0.12047
0.00091971
0.97187
0.028126
0.60945
0.022345
0.062632
0.30557
1.8413
0.0069932
-4.5513e-06
0.083076
0.45023
0.18043
-47880
-47.8
0.0743
0.9717
129.43
8.5547
-85.744
1.3907
0.00036523
0.033301
0.021626
0.24523
0.12731
0.74756
0.00052716
0.00033315
6.9718e-06
0.096906
0.11847
0.982
0.0090232
0.080961
0.98716
0.99163
0.0013651
0.0040071
0.98703
0.18294
0.0040217
0.1661
4.8387e-06
6.4329e-06
0.57071
12.993
0.93214
12.996
4.2732
12.993
0.0011115
0.018825
0.0063176
0.022107
0.1378
0.12046
0.00091982
0.94143
0.058566
0.47959
0.03663
0.08453
0.39925
1.9792
0.0070293
1.8951e-05
0.082595
0.44787
0.26723
-56738
-47.8
0.0743
0.9717
129.43
8.5547
-85.744
1.3908
0.000365
0.033282
0.021633
0.24524
0.12735
0.74764
0.00052732
0.00033152
6.9718e-06
0.096962
0.11855
0.982
0.0090232
0.08096
0.98716
0.99163
0.0013651
0.0040071
0.98703
0.18294
0.0040217
0.1661
4.8496e-06
6.4451e-06
0.57062
12.994
0.9322
12.998
4.2735
12.995
0.001107
0.018829
0.0063051
0.02147
0.1378
0.12046
0.00091975
0.95153
0.048466
0.51288
0.032425
0.07889
0.3758
1.9465
0.0070427
2.7329e-05
0.082287
0.44752
0.2455
-54589
-47.8
0.0743
0.9717
129.43
8.5547
-85.744
1.3905
0.00036363
0.033164
0.021595
0.24504
0.12732
0.74731
0.00052633
0.00032465
6.9718e-06
0.097021
0.11866
0.982
0.0090232
0.08096
0.98716
0.99163
0.0013651
0.0040071
0.98703
0.18294
0.0040217
0.1661
4.8495e-06
6.4415e-06
0.57049
12.997
0.93227
13
4.2738
12.997
0.0010869
0.018829
0.0062415
0.018438
0.1378
0.12046
0.00091958
0.98501
0.014988
0.69758
0.013827
0.047969
0.24062
1.7269
0.0068873
-7.2015e-05
0.083741
0.45432
0.12475
-41315
-47.8
0.0743
0.9717
129.43
8.5547
-85.744
1.391
0.00036514
0.033296
0.021664
0.24536
0.12743
0.74788
0.0005281
0.00033036
6.9718e-06
0.097063
0.11868
0.982
0.0090232
0.08096
0.98716
0.99163
0.0013651
0.0040071
0.98703
0.18294
0.0040217
0.1661
4.8727e-06
6.4718e-06
0.57047
12.997
0.93228
13.001
4.2739
12.997
0.0011042
0.018838
0.0062991
0.021061
0.1378
0.12045
0.00091965
0.95747
0.042528
0.53473
0.029712
0.075196
0.36037
1.9235
0.0070462
2.9473e-05
0.082099
0.44757
0.23106
-53105
-47.8
0.0743
0.9717
129.43
8.5547
-85.744
1.391
0.00036515
0.033297
0.021667
0.24538
0.12744
0.74785
0.00052817
0.00032948
6.9718e-06
0.097079
0.1187
0.982
0.0090232
0.08096
0.98716
0.99163
0.0013651
0.0040071
0.98703
0.18294
0.0040217
0.1661
4.8754e-06
6.4747e-06
0.57044
12.997
0.93229
13.001
4.2739
12.998
0.0011017
0.018839
0.0062921
0.02003
0.1378
0.12045
0.00091963
0.96988
0.03012
0.59588
0.023448
0.064894
0.31578
1.8548
0.0070112
6.9516e-06
0.082762
0.44987
0.18937
-48755
