-85.527
1.3969
0.00041064
0.037311
0.023666
0.25592
0.13068
0.75473
0.0005797
0.00042296
7.229e-06
0.097276
0.11778
0.98218
0.0091765
0.080003
0.98652
0.9913
0.0014155
0.0040653
0.98712
0.18228
0.0040775
0.16489
5.5056e-06
7.3565e-06
0.57195
13.01
0.93269
13.016
4.2757
13.01
0.0014101
0.019047
0.0073899
0.022926
0.13781
0.12027
0.00091796
0.9127
0.0873
0.48595
0.052642
0.081814
0.37959
1.7332
0.0068552
-8.2751e-05
0.10585
0.53121
0.19505
-3.2901e+12
-47.8
0.0743
0.9717
129.43
8.5547
-85.527
1.3969
0.00040978
0.037234
0.023664
0.25588
0.13073
0.75477
0.00057964
0.00041881
7.229e-06
0.097308
0.11784
0.98218
0.0091765
0.080002
0.98652
0.9913
0.0014155
0.0040653
0.98712
0.18228
0.0040775
0.16489
5.5249e-06
7.3825e-06
0.57195
13.008
0.93263
13.014
4.2754
13.008
0.0013933
0.019059
0.0073394
0.026573
0.13781
0.12026
0.00091798
0.75676
0.24324
0.29602
0.097369
0.11031
0.4963
1.9483
0.0060104
-0.00062127
0.10313
0.52735
0.27371
-1.4727e+05
-47.8
0.0743
0.9717
129.43
8.5547
-85.527
1.3968
0.00041009
0.037262
0.023625
0.25577
0.1306
0.75458
0.00057865
0.00042247
7.229e-06
0.097201
0.11769
0.98218
0.0091765
0.080001
0.98652
0.9913
0.0014155
0.0040653
0.98712
0.18228
0.0040775
0.16489
5.4834e-06
7.3304e-06
0.57206
13.006
0.93257
13.012
4.2751
13.006
0.0014085
0.019038
0.0073845
0.022816
0.13781
0.12028
0.00091804
0.91573
0.08427
0.49237
0.051458
0.080778
0.37539
1.7277
0.0068777
-6.8566e-05
0.10588
0.53107
0.19232
-5.3643e+12
-47.8
0.0743
0.9717
129.43
8.5547
-85.527
1.3966
0.00040976
0.037232
0.02359
0.25564
0.13053
0.75441
0.00057778
0.00042274
7.229e-06
0.097118
0.11759
0.98218
0.0091765
0.08
0.98652
0.9913
0.0014155
0.0040653
0.98712
0.18228
0.0040775
0.16489
5.4618e-06
7.3054e-06
0.57219
13.003
0.93247
13.009
4.2746
13.003
0.001409
0.019029
0.0073836
0.022984
0.13781
0.12029
0.00091815
0.91063
0.089367
0.48282
0.053497
0.082323
0.38136
1.7382
0.0068364
-9.4796e-05
0.10585
0.53082
0.19783
-2.3099e+12
-47.8
0.0743
0.9717
129.43
8.5547
-85.527
1.3966
0.00040925
0.037186
0.02358
0.25561
0.13054
0.75438
0.00057751
0.00042075
7.229e-06
0.097061
0.11752
0.98218
0.0091765
0.079999
0.98652
0.9913
0.0014155
0.0040653
0.98712
0.18228
0.0040775
0.16489
5.465e-06
7.3143e-06
0.57235
12.998
0.93232
13.004
4.274
12.998
0.0013999
0.01903
0.0073548
0.025636
0.13781
0.12029
0.00091831
0.80684
0.19316
0.33994
0.085342
0.10421
0.47051
1.8941
0.0062118
-0.00049228
0.10371
0.52796
0.25614
-5.8066e+06
-47.8
0.0743
0.9717
129.43
8.5547
-85.527
1.3966
0.00040939
0.037201
0.023571
0.25568
0.13051
0.75436
0.00057727
0.00042106
7.229e-06
0.09695
0.11737
0.98218
0.0091765
0.079998
0.98652
0.9913
0.0014155
0.0040653
0.98712
0.18228
0.0040775
0.16489
5.4518e-06
7.3032e-06
0.57257
12.993
0.93216
12.999
4.2732
12.993
0.0014036
0.019014
0.0073732
0.023195
0.13781
0.1203
0.00091852
0.90549
0.09451
0.46949
0.055257
0.084445
0.39081
1.7478
0.0067865
-0.00012644
0.10551
0.53108
0.20112
-1.0915e+12
-47.8
0.0743
0.9717
129.43
8.5547
-85.527
1.3966
0.00040827
0.037102
0.023576
0.25573
0.13061
0.75442
0.00057736
0.0004141
7.229e-06
0.096937
0.11736
0.98218
0.0091765
0.079997
0.98652
0.9913
0.0014155
0.0040653
0.98712
0.18228
0.0040775
0.16489
5.4815e-06
7.3474e-06
0.57271
12.987
0.93199
12.993
4.2724
12.988
0.0013779
0.019024
0.0073022
0.013641
0.13781
0.12029
0.00091869
0.70533
0.29467
0.25664
0.10784
0.11544
0.52008
1.9984
0.0058234
-0.0007417
0.10209
0.52695
1.9309
-1.9596e+05
-47.8
0.0743
0.9717
129.43
8.5547
-85.527
1.3966
0.00040795
0.037075
0.023564
0.25572
0.1306
0.75439
0.00057703
0.000413
7.229e-06
0.096867
0.11727
0.98218
0.0091765
0.079996
0.98652
0.9913
0.0014155
0.0040653
0.98712
0.18228
0.0040775
0.16489
5.4772e-06
7.3463e-06
0.57287
12.983
0.93185
12.989
4.2718
12.983
0.0013742
0.019017
0.0072935
0.013892
0.13781
0.1203
0.0009189
0.70519
0.29481
0.25576
0.10764
0.11556
0.52103
1.9988
0.0058202
-0.00074376
0.10185
0.52698
1.8619
-1.9404e+05
-47.8
0.0743
0.9717
129.43
8.5547
-85.527
1.3964
0.00040772
0.037053
0.023509
0.25549
0.13045
0.75413
0.00057565
0.00041525
7.229e-06
0.096749
0.11713
0.98218
0.0091765
0.079995
0.98652
0.9913
0.0014155
0.0040653
0.98712
0.18228
0.0040775
0.16489
5.4359e-06
7.2952e-06
0.57302
12.98
0.93176
12.986
4.2714
12.98
0.0013817
0.019
0.0073103
0.026902
0.13781
0.12032
0.0009191
0.73959
0.26041
0.28026
0.10058
0.1124
0.50676
1.966
0.005935
-0.00066989
0.10241
0.52716
0.27764
-1.1076e+05
-47.8
0.0743
0.9717
129.43
8.5547
-85.527
1.3962
0.00040784
0.037064
0.02345
0.25527
0.13027
0.75384
0.00057416
0.00041965
7.229e-06
0.096615
0.11696
0.98218
0.0091765
0.079994
0.98652
0.9913
0.0014155
0.0040653
0.98712
0.18228
0.0040775
0.16489
5.3823e-06
7.2271e-06
0.57315
12.978
0.93169
12.984
4.2711
12.978
0.0013983
0.018975
0.0073562
0.02353
0.13781
0.12034
0.00091928
0.89496
0.10504
0.45018
0.059043
0.087517
0.40326
1.7682
0.0067017
-0.00018036
0.1052
0.5305
0.20804
-2.2874e+11
-47.8
0.0743
0.9717
129.43
8.5547
-85.527
1.3961
0.00040703
0.036991
0.023434
0.25518
0.13028
0.75379
0.00057374
0.00041657
7.229e-06
0.096606
0.11696
0.98218
0.0091765
0.079994
0.98652
0.9913
0.0014155
0.0040653
0.98712
0.18227
0.0040775
0.16489
5.388e-06
7.2364e-06
0.5732
12.975
0.93161
12.981
4.2707
12.975
0.0013855
0.018979
0.0073152
0.026511
0.13781
0.12034
0.00091944
0.76183
0.23817
0.29796
0.095778
0.11004
0.49623
1.945
0.0060147
-0.00061869
0.10272
0.52697
0.27206
-1.9235e+05
-47.8
0.0743
0.9717
129.43
8.5547
-85.527
1.3962
0.00040706
0.036994
0.023442
0.25525
0.13031
0.7539
0.00057394
0.00041648
7.229e-06
0.096582
0.11692
0.98218
0.0091765
0.079993
0.98652
0.9913
0.0014155
0.0040653
0.98712
0.18227
0.0040775
0.16489
5.3937e-06
7.2463e-06
0.57328
12.973
0.93152
12.978
4.2703
12.973
0.0013853
0.018976
0.0073175
0.02569
0.13781
0.12034
0.00091963
0.80647
0.19353
0.33558
0.084803
0.10484
0.47477
1.8962
0.0061952
-0.00050302
0.10293
0.5278
0.25441
-5.9893e+06
-47.8
0.0743
0.9717
129.43
8.5547
-85.527
1.3961
0.00040579
0.036883
0.023423
0.25519
0.13034
0.75381
0.00057341
0.00040941
7.229e-06
0.096593
0.11695
0.98218
0.0091765
0.079992
0.98652
0.9913
0.0014155
0.0040653
0.98712
0.18227
0.0040775
0.16489
5.4062e-06
7.264e-06
0.57331
12.97
0.93145
12.976
4.27
12.97
0.0013617
0.018982
0.0072536
-0.016722
0.1378
0.12034
0.00091976
0.6478
0.3522
0.2211
0.1188
0.11975
0.54035
2.0558
0.0056434
-0.00085813
0.10097
0.52525
20.073
-1.1494e+07
-47.8
0.0743
0.9717
129.43
8.5547
-85.527
1.3963
0.00040689
0.036981
0.023456
0.25535
0.13036
0.75401
0.00057427
0.000414
7.229e-06
0.096583
0.11692
0.98218
0.0091765
0.079991
0.98652
0.9913
0.0014155
0.0040653
0.98712
0.18227
0.0040775
0.16489
5.4093e-06
7.2691e-06
0.57334
12.969
0.9314
12.975
4.2698
12.969
0.0013778
0.018977
0.0073002
0.026479
0.1378
0.12034
0.0009201
0.76511
0.23489
0.29833
0.094548
0.11002
0.4971
1.9415
0.0060243
-0.0006125
0.10223
0.52727
0.26919
-2.289e+05
-47.8
0.0743
0.9717
129.43
8.5547
-85.527
1.3962
0.00040674
0.036966
0.023446
0.25529
0.13034
0.75394
0.00057402
0.00041355
7.229e-06
0.096595
0.11693
0.98218
0.0091765
0.079991
0.98652
0.9913
0.0014155
0.0040653
0.98712
0.18227
0.0040775
0.16489
5.4058e-06
7.2634e-06
0.5733
12.968
0.93139
12.974
4.2697
12.968
0.0013754
0.018978
0.0072915
0.020452
0.1378
0.12034
0.00092032
0.71151
0.28849
0.26008
0.10638
0.11504
0.5185
1.9944
0.0058409
-0.00073049
0.10196
0.52657
0.60124
-1.5279e+05
-47.8
0.0743
0.9717
129.43
8.5547
-85.527
1.3962
0.00040746
0.037029
0.02344
0.25526
0.13028
0.75391
0.0005739
0.0004187
7.229e-06
0.096582
0.11691
0.98218
0.0091765
0.07999
0.98652
0.9913
0.0014155
0.0040653
0.98712
0.18227
0.0040775
0.16489
5.3857e-06
7.2352e-06
0.57326
12.969
0.93141
12.975
4.2698
12.969
0.0013921
0.018969
0.0073354
0.025321
0.1378
0.12035
0.00092054
0.82398
0.17602
0.35442
0.080445
0.10215
0.46299
1.8735
0.006287
-0.00044431
0.10358
0.52845
0.24886
-3.7758e+07
-47.8
0.0743
0.9717
129.43
8.5547
-85.527
1.3963
0.00040744
0.037026
0.023444
0.25525
0.13029
0.75399
0.00057401
0.00041871
7.229e-06
0.09664
0.11698
0.98218
0.0091765
0.079989
0.98652
0.9913
0.0014155
0.0040653
0.98712
0.18227
0.0040775
0.16489
5.3911e-06
7.239e-06
0.57315
12.971
0.93146
12.976
4.27
12.971
0.0013923
0.018973
0.007335
0.025169
0.1378
0.12035
0.00092069
0.83079
0.16921
0.36196
0.07863
0.10106
0.45835
1.8658
0.006322
-0.00042196
0.10362
0.52838
0.24632
-6.9938e+07
-47.8
0.0743
0.9717
129.43
8.5547
-85.527
1.3963
0.00040645
0.03694
0.023435
0.25515
0.13032
0.75401
0.00057376
0.00041371
7.229e-06
0.096735
0.11712
0.98218
0.0091765
0.079989
0.98652
0.9913
0.0014155
0.0040653
0.98712
0.18227
0.0040775
0.16489
5.4073e-06
7.2561e-06
0.57299
12.972
0.93152
12.978
4.2703
12.973
0.0013757
0.018984
0.0072878
0.011033
0.1378
0.12033
0.00092078
0.70613
0.29387
0.25763
0.10776
0.11536
0.51925
2.0022
0.0058268
-0.00073958
0.10193
0.52575
2.5254
-2.2093e+05
-47.8
0.0743
0.9717
129.43
8.5547
-85.527
1.3962
0.00040716
0.037003
0.02341
0.25505
0.13019
0.7539
0.00057314
0.00041936
7.229e-06
0.096697
0.11706
0.98218
0.0091765
0.079988
0.98652
0.9913
0.0014155
0.0040653
0.98712
0.18227
0.0040775
0.16489
5.3696e-06
7.2041e-06
0.57295
12.974
0.93157
12.98
4.2705
12.974
0.001398
0.018965
0.0073518
0.023054
0.1378
0.12035
0.00092099
0.90895
0.091048
0.4776
0.054018
0.08318
0.38521
1.7447
0.0068189
-0.00010603
0.10536
0.53002
0.19952
-1.5735e+12
-47.8
0.0743
0.9717
129.43
8.5547
-85.527
1.3961
0.00040712
0.036999
0.023389
0.25493
0.13013
0.75378
0.00057261
0.00042071
7.229e-06
0.096682
0.11704
0.98218
0.0091765
0.079987
0.98652
0.9913
0.0014155
0.0040653
0.98712
0.18227
0.0040775
0.16489
5.3537e-06
7.1824e-06
0.57293
12.974
0.93156
12.98
4.2705
12.974
0.0014017
0.01896
0.0073582
0.023318
0.1378
0.12036
0.00092123
0.89996
0.10004
0.46323
0.057513
0.085495
0.39376
1.7619
0.0067562
-0.00014577
0.1054
0.52956
0.20735
-3.7841e+11
-47.8
0.0743
0.9717
129.43
8.5547
-85.527
1.3962
0.00040733
0.037017
0.023402
0.25502
0.13016
0.75385
0.00057295
0.00042089
7.229e-06
0.096669
0.11702
0.98218
0.0091765
0.079987
0.98652
0.9913
0.0014155
0.0040653
0.98712
0.18227
0.0040775
0.16489
5.3607e-06
7.1934e-06
0.57298
12.971
0.93148
12.977
4.2701
12.971
0.0014017
0.01896
0.0073588
0.023569
0.1378
0.12036
0.00092157
0.89212
0.10788
0.44874
0.060248
0.087794
0.40322
1.7756
0.0066991
-0.00018195
0.10519
0.52952
0.21269
-1.192e+11
-47.8
0.0743
0.9717
129.43
8.5547
-85.527
1.3964
0.00040756
0.037037
0.023444
0.25524
0.13028
0.75409
0.00057401
0.00041941
7.229e-06
0.096676
0.11702
0.98218
0.0091765
0.079986
0.98652
0.9913
0.0014155
0.0040653
0.98712
0.18227
0.0040775
0.16489
5.3912e-06
7.237e-06
0.57308
12.967
0.93136
12.973
4.2696
12.967
0.0013953
0.018966
0.0073436
0.02488
0.1378
0.12035
0.00092195
0.84302
0.15698
0.37684
0.075336
0.09887
0.44895
1.8504
0.006391
-0.00037784
0.10384
0.52846
0.24107
-2.3292e+08
-47.8
0.0743
0.9717
129.43
8.5547
-85.527
1.3965
0.00040675
0.036968
0.023463
0.25536
0.1304
0.75423
0.00057446
0.00041277
7.229e-06
0.096701
0.11705
0.98218
0.0091765
0.079986
0.98652
0.9913
0.0014155
0.0040653
0.98712
0.18227
0.0040775
0.16489
5.4253e-06
7.2847e-06
0.57314
12.964
0.93124
12.97
4.269
12.964
0.0013731
0.018975
0.0072864
0.0091643
0.1378
0.12034
0.00092226
0.70333
0.29667
0.25512
0.10814
0.1157
0.52105
2.0033
0.0058203
-0.00074369
0.10174
0.52621
3.1
-2.4697e+05
-47.8
0.0743
0.9717
129.43
8.5547
-85.527
1.3964
0.00040661
0.036955
0.023441
0.25528
0.13034
0.75413
0.00057389
0.00041325
7.229e-06
0.096641
0.11698
0.98218
0.0091765
0.079985
0.98652
0.9913
0.0014155
0.0040653
0.98712
0.18227
0.0040775
0.16489
5.4092e-06
7.2658e-06
0.57323
12.961
0.93117
12.967
4.2687
12.961
0.0013751
0.018965
0.0072918
0.019214
0.1378
0.12035
0.00092259
0.71394
0.28606
0.26241
0.10603
0.11477
0.51679
1.9935
0.0058543
-0.00072176
0.1019
0.52625
0.80997
-1.5864e+05
-47.8
0.0743
0.9717
129.43
8.5547
-85.527
1.3961
0.00040715
0.037003
0.023385
0.25507
0.13014
0.75383
0.0005725
0.00041953
7.229e-06
0.096501
0.1168
0.98218
0.0091765
0.079985
0.98652
0.9913
0.0014155
0.0040653
0.98712
0.18227
0.0040775
0.16489
5.3491e-06
7.1885e-06
0.57335
12.96
0.93112
12.966
4.2685
12.96
0.0013989
0.018937
0.0073583
0.022937
0.1378
0.12038
0.0009229
0.91273
0.087275
0.48424
0.052525
0.082101
0.38113
1.7361
0.006849
-8.6885e-05
0.10545
0.5305
0.19582
-3.0677e+12
-47.8
0.0743
0.9717
129.43
8.5547
-85.527
1.3961
0.00040687
0.036975
0.023366
0.25496
0.13011
0.75373
0.00057204
0.0004201
7.229e-06
0.096473
0.11677
0.98218
0.0091765
0.079984
0.98652
0.9913
0.0014155
0.0040653
0.98712
0.18227
0.0040775
0.16489
5.3416e-06
7.1798e-06
0.5734
12.958
0.93106
12.964
4.2682
12.958
0.0013972
0.018936
0.0073458
0.024893
0.1378
0.12038
0.00092318
0.84153
0.15847
0.3766
0.075935
0.0989
0.44857
1.8533
0.0063839
-0.0003824
0.10393
0.52806
0.24228
-1.8396e+08
-47.8
0.0743
0.9717
129.43
8.5547
-85.527
1.3961
0.00040671
0.036961
0.02337
0.25499
0.13013
0.75377
0.00057214
0.0004188
7.229e-06
0.096466
0.11676
0.98218
0.0091765
0.079984
0.98652
0.9913
0.0014155
0.0040653
0.98712
0.18226
0.0040775
0.16489
5.349e-06
7.1912e-06
0.57344
12.956
0.93099
12.962
4.2679
12.956
0.0013926
0.018937
0.0073328
0.025649
0.1378
0.12038
0.00092344
0.80673
0.19327
0.33862
0.08515
0.10444
0.47179
1.8972
0.0062109
-0.00049286
0.10325
0.52728
0.25639
-4.905e+06
-47.8
0.0743
0.9717
129.43
8.5547
-85.527
1.3962
0.00040699
0.036986
0.023383
0.25508
0.13016
0.75384
0.00057245
0.00041944
7.229e-06
0.096452
0.11673
0.98218
0.0091765
0.079983
0.98652
0.9913
0.0014155
0.0040653
0.98712
0.18226
0.0040775
0.16489
5.3532e-06
7.1981e-06
0.57349
12.954
0.93094
12.96
4.2676
12.954
0.0013947
0.018934
0.0073414
0.025018
0.1378
0.12038
0.00092368
0.83685
0.16315
0.36967
0.077063
0.099935
0.45333
1.8591
0.0063582
-0.00039876
0.10367
0.52819
0.244
-1.1137e+08
-47.8
0.0743
0.9717
129.43
8.5547
-85.527
1.3962
0.00040662
0.036955
0.023392
0.25512
0.13021
0.75392
0.00057268
0.00041633
7.229e-06
0.096483
0.11677
0.98218
0.0091765
0.079983
0.98652
0.9913
0.0014155
0.0040653
0.98712
0.18226
0.0040775
0.16489
5.3698e-06
7.22e-06
0.57348
12.953
0.93091
12.959
4.2675
12.953
0.0013847
0.018941
0.007315
0.026438
0.1378
0.12038
0.00092383
0.76567
0.23433
0.30117
0.094888
0.10967
0.49427
1.9421
0.0060405
-0.00060199
0.1026
0.52684
0.27043
-2.0386e+05
-47.8
0.0743
0.9717
129.43
8.5547
-85.527
1.3962
0.00040666
0.036958
0.02339
0.25511
0.1302
0.75392
0.00057263
0.00041683
7.229e-06
0.096494
0.11679
0.98218
0.0091765
0.079982
0.98652
0.9913
0.0014155
0.0040653
0.98712
0.18226
0.0040775
0.16489
5.3675e-06
7.2161e-06
0.57344
12.953
0.93092
12.959
4.2675
12.953
0.0013865
0.01894
0.0073194
0.02626
0.1378
0.12038
0.00092389
0.77535
0.22465
0.30942
0.092676
0.10856
0.48935
1.932
0.0060805
-0.00057634
0.10274
0.52692
0.26807
-3.5563e+05
-47.8
0.0743
0.9717
129.43
8.5547
-85.527
1.3962
0.00040706
0.036993
0.023378
0.25504
0.13013
0.75387
0.00057232
0.00042022
7.229e-06
0.096485
0.11677
0.98218
0.0091765
0.079982
0.98652
0.9913
0.0014155
0.0040653
0.98712
0.18226
0.0040775
0.16489
5.3481e-06
7.1886e-06
0.5734
12.955
0.93096
12.96
4.2677
12.955
0.0013984
0.018933
0.0073518
0.024271
0.1378
0.12039
0.00092389
0.86753
0.13247
0.40924
0.068167
0.093979
0.42861
1.8159
0.0065401
-0.00028283
0.1044
0.52892
0.2276
-3.98e+09
-47.8
0.0743
0.9717
129.43
8.5547
-85.527
1.3962
0.00040688
0.036976
0.023373
0.25498
0.13013
0.75388
0.00057222
0.00041993
7.229e-06
0.096529
0.11683
0.98218
0.0091765
0.079981
0.98652
0.9913
0.0014155
0.0040653
0.98712
0.18226
0.0040775
0.16489
5.3496e-06
7.1878e-06
0.5733
12.956
0.93102
12.962
4.268
12.957
0.0013967
0.018937
0.0073442
0.025065
0.1378
0.12038
0.00092381
0.83371
0.16629
0.36776
0.078116
0.10026
0.45387
1.8642
0.0063522
-0.00040254
0.10372
0.52772
0.24703
-7.3437e+07
-47.8
0.0743
0.9717
129.43
8.5547
-85.527
1.3963
0.00040668
0.036963
0.023377
0.25501
0.13014
0.75398
0.00057228
0.00041804
7.229e-06
0.09657
0.11689
0.98218
0.0091765
0.079981
0.98652
0.9913
0.0014155
0.0040653
0.98712
0.18226
0.0040775
0.16489
5.3549e-06
7.1926e-06
0.57322
12.958
0.93106
12.964
4.2682
12.958
0.0013948
0.018936
0.0073475
0.022629
0.1378
0.12038
0.00092371
0.92135
0.078654
0.50164
0.049033
0.079304
0.37002
1.7201
0.0069319
-3.4236e-05
0.10529
0.53021
0.18892
-1.1315e+13
-47.8
0.0743
0.9717
129.43
8.5547
-85.527
1.3963
0.00040508
0.03682
0.02337
0.25491
0.13023
0.75398
0.00057206
0.00040973
7.229e-06
0.096672
0.11704
0.98218
0.0091765
0.079981
0.98652
0.9913
0.0014155
0.0040653
0.98712
0.18226
0.0040775
0.16489
5.3872e-06
7.2326e-06
0.57311
12.959
0.93109
12.965
4.2683
12.959
0.0013632
0.018958
0.0072534
-0.016885
0.1378
0.12036
0.00092356
0.6509
0.3491
0.22426
0.11861
0.11954
0.53758
2.0571
0.0056698
-0.00084093
0.10101
0.52419
21.697
-1.6068e+07
-47.8
0.0743
0.9717
129.43
8.5547
-85.527
1.3963
0.00040671
0.036964
0.023385
0.25501
0.13016
0.75405
0.00057249
0.00041843
7.229e-06
0.096626
0.11696
0.98218
0.0091765
0.07998
0.98652
0.9913
0.0014155
0.0040653
0.98712
0.18226
0.0040775
0.16489
5.3626e-06
7.2e-06
0.57312
12.959
0.93111
12.965
4.2684
12.96
0.0013947
0.018943
0.0073439
0.023503
0.1378
0.12038
0.00092364
0.89496
0.10504
0.45096
0.059042
0.08749
0.40251
1.773
0.0067319
-0.00016098
0.10467
0.52923
0.212
-1.4345e+11
-47.8
0.0743
0.9717
129.43
8.5547
-85.527
1.3962
0.00040676
0.036967
0.023359
0.25489
0.13008
0.75387
0.00057185
0.00042014
7.229e-06
0.096588
0.11691
0.98218
0.0091765
0.07998
0.98652
0.9913
0.0014155
0.0040653
0.98712
0.18226
0.0040775
0.16489
5.3408e-06
7.1712e-06
0.57314
12.959
0.93111
12.965
4.2684
12.959
0.0014002
0.018936
0.0073559
0.023151
0.1378
0.12038
0.00092365
0.9054
0.094601
0.4724
0.05544
0.084065
0.3881
1.7523
0.0068196
-0.0001054
0.10535
0.52965
0.20407
-8.2685e+11
-47.8
0.0743
0.9717
129.43
8.5547
-85.527
1.3961
0.00040654
0.036946
0.023352
0.25485
0.13008
0.75382
0.00057169
0.00042001
7.229e-06
0.096574
0.11689
0.98218
0.0091765
0.07998
0.98652
0.9913
0.0014155
0.0040653
0.98712
0.18226
0.0040775
0.16489
5.3412e-06
7.1729e-06
0.57318
12.958
0.93106
12.964
4.2682
12.958
0.001397
0.018939
0.0073423
0.024709
0.1378
0.12038
0.00092368
0.84901
0.15099
0.38639
0.073845
0.097536
0.44223
1.8445
0.0064496
-0.00034048
0.10406
0.52781
0.23982
-3.962e+08
-47.8
0.0743
0.9717
129.43
8.5547
-85.527
1.3961
0.00040654
0.036947
0.023345
0.25485
0.13006
0.75378
0.00057148
0.00041999
7.229e-06
0.096521
0.11682
0.98218
0.0091765
0.07998
0.98652
0.9913
0.0014155
0.0040653
0.98712
0.18226
0.0040775
0.16489
5.3335e-06
7.1654e-06
0.57328
12.956
0.931
12.962
4.2679
12.956
0.0013981
0.018933
0.0073485
0.023715
0.1378
0.12039
0.00092371
0.88749
0.11251
0.44008
0.061753
0.089226
0.40894
1.7848
0.0066917
-0.00018655
0.10491
0.52917
0.21708
-5.8138e+10
-47.8
0.0743
0.9717
129.43
8.5547
-85.527
1.3961
0.00040636
0.03693
0.02335
0.25489
0.13009
0.75381
0.00057161
0.0004187
7.229e-06
0.096492
0.11678
0.98218
0.0091765
0.079979
0.98652
0.9913
0.0014155
0.0040653
0.98712
0.18226
0.0040775
0.16489
5.342e-06
7.1798e-06
0.57338
12.953
0.93091
12.959
4.2675
12.953
0.0013918
0.018936
0.0073293
0.025454
0.1378
0.12038
0.0009237
0.8165
0.1835
0.34815
0.08255
0.10323
0.46607
1.8859
0.006283
-0.00044682
0.10338
0.52736
0.25506
-1.3748e+07
-47.8
0.0743
0.9717
129.43
8.5547
-85.527
1.3962
0.00040633
0.03693
0.023361
0.255
0.13013
0.75391
0.00057188
0.0004173
7.229e-06
0.096459
0.11674
0.98218
0.0091765
0.079979
0.98652
0.9913
0.0014155
0.0040653
0.98712
0.18226
0.0040775
0.16489
5.3502e-06
7.194e-06
0.57349
12.951
0.93083
12.956
4.2672
12.951
0.001389
0.018934
0.007328
0.024611
0.1378
0.12038
0.00092365
0.85535
0.14465
0.39033
0.07156
0.096965
0.44115
1.8344
0.0064852
-0.00031783
0.10384
0.52863
0.23583
-9.8814e+08
-47.8
0.0743
0.9717
129.43
8.5547
-85.527
1.3962
0.00040465
0.036784
0.023348
0.25494
0.13021
0.75388
0.00057149
0.00040808
7.229e-06
0.096493
0.11681
0.98218
0.0091765
0.079979
0.98652
0.9913
0.0014155
0.0040653
0.98712
0.18226
0.0040775
0.16489
5.3758e-06
7.2291e-06
0.57351
12.949
0.93078
12.955
4.2669
12.949
0.0013577
0.018946
0.0072419
-0.014483
0.1378
0.12037
0.00092345
0.65889
0.34111
0.22678
0.11632
0.11944
0.53745
2.0486
0.0057043
-0.00081869
0.10069
0.52473
16.911
-6.0338e+06
-47.8
0.0743
0.9717
129.43
8.5547
-85.527
1.3961
0.0004045
0.036771
0.023332
0.25487
0.13017
0.75383
0.00057109
0.00040833
7.229e-06
0.096464
0.11677
0.98218
0.0091765
0.079979
0.98652
0.9913
0.0014155
0.0040653
0.98712
0.18226
0.0040775
0.16489
5.3654e-06
7.2162e-06
0.57354
12.949
0.93077
12.954
4.2669
12.949
0.001359
0.018941
0.0072451
-0.010978
0.1378
0.12038
0.00092336
0.67075
0.32925
0.23363
0.11403
0.11864
0.53369
2.038
0.0057404
-0.00079531
0.10081
0.52478
12.822
-2.3859e+06
-47.8
0.0743
0.9717
129.43
8.5547
-85.527
1.396
0.00040553
0.036862
0.023306
0.25479
0.13002
0.75369
0.00057045
0.00041573
7.229e-06
0.096363
0.11663
0.98218
0.0091765
0.079979
0.98652
0.9913
0.0014155
0.0040653
0.98712
0.18226
0.0040775
0.16489
5.3185e-06
7.1551e-06
0.57361
12.949
0.93078
12.955
4.2669
12.949
0.0013873
0.018917
0.0073268
0.022946
0.1378
0.1204
0.00092339
0.91337
0.086634
0.48254
0.052104
0.082426
0.38293
1.7365
0.0068857
-6.369e-05
0.10511
0.53026
0.19686
-3.6675e+12
-47.8
0.0743
0.9717
129.43
8.5547
-85.527
1.3959
0.00040469
0.036785
0.023283
0.25462
0.13
0.75355
0.00056986
0.00041343
7.229e-06
0.096377
0.11666
0.98218
0.0091765
0.079979
0.98652
0.9913
0.0014155
0.0040653
0.98712
0.18226
0.0040775
0.16489
5.3202e-06
7.1568e-06
0.57359
12.949
0.93078
12.955
4.2669
12.949
0.0013751
0.018926
0.0072821
0.026949
0.1378
0.12039
0.00092333
0.73695
0.26305
0.27815
0.10094
0.11303
0.50787
1.9747
0.0059617
-0.00065276
0.10201
0.52552
0.28297
-1.0779e+05
-47.8
0.0743
0.9717
129.43
8.5547
-85.527
1.3958
0.00040507
0.036817
0.023262
0.25456
0.12992
0.75343
0.00056935
0.000417
7.229e-06
0.096308
0.11657
0.98218
0.0091765
0.079978
0.98652
0.9913
0.0014155
0.0040653
0.98712
0.18226
0.0040775
0.16489
5.2935e-06
7.1229e-06
0.57366
12.948
0.93076
12.954
4.2668
12.948
0.0013881
0.018913
0.0073197
0.024208
0.1378
0.1204
0.00092328
0.87076
0.12924
0.41242
0.067014
0.093607
0.42696
1.8126
0.0065906
-0.00025097
0.10437
0.52861
0.22773
-7.1952e+09
-47.8
0.0743
0.9717
129.43
8.5547
-85.527
1.3958
0.00040486
0.036798
0.023254
0.25453
0.12991
0.75338
0.00056914
0.00041656
7.229e-06
0.096283
0.11654
0.98218
0.0091765
0.079978
0.98652
0.9913
0.0014155
0.0040653
0.98712
0.18226
0.0040775
0.16489
5.2913e-06
7.1215e-06
0.57371
12.947
0.93072
12.953
4.2666
12.947
0.0013852
0.018913
0.0073095
0.025125
0.1378
0.1204
0.0009232
0.83282
0.16718
0.36442
0.07804
0.10092
0.45662
1.8662
0.0063753
-0.00038805
0.10361
0.52756
0.2489
-8.7791e+07
-47.8
0.0743
0.9717
129.43
8.5547
-85.527
1.3958
0.00040452
0.036768
0.023264
0.25459
0.12997
0.75347
0.00056938
0.00041411
7.229e-06
0.096283
0.11655
0.98218
0.0091765
0.079978
0.98652
0.9913
0.0014155
0.0040653
0.98712
0.18226
0.0040775
0.16489
5.3067e-06
7.1438e-06
0.57377
12.945
0.93068
12.951
4.2664
12.946
0.0013765
0.018918
0.0072869
0.025872
0.1378
0.1204
0.0009231
0.79782
0.20218
0.32684
0.086763
0.1064
0.48
1.9098
0.0062034
-0.00049783
0.1026
0.52669
0.26196
-2.5447e+06
-47.8
0.0743
0.9717
129.43
8.5547
-85.527
1.3958
0.00040343
0.036674
0.023248
0.25453
0.12999
0.7534
0.00056894
0.00040797
7.229e-06
0.096282
0.11656
0.98218
0.0091765
0.079978
0.98652
0.9913
0.0014155
0.0040653
0.98712
0.18226
0.0040775
0.16489
5.3171e-06
7.1592e-06
0.57382
12.944
0.93063
12.95
4.2662
12.944
0.0013564
0.018924
0.0072322
-0.014028
0.1378
0.12039
0.00092293
0.6604
0.3396
0.22706
0.11578
0.11953
0.53763
2.0489
0.0057157
-0.00081146
0.10067
0.52429
15.439
-4.617e+06
-47.8
0.0743
0.9717
129.43
8.5547
-85.527
1.3959
0.00040442
0.036763
0.023268
0.25467
0.12999
0.75354
0.00056946
0.0004127
7.229e-06
0.096229
0.11648
0.98218
0.0091765
0.079978
0.98652
0.9913
0.0014155
0.0040653
0.98712
0.18226
0.0040775
0.16489
5.3094e-06
7.1514e-06
0.57391
12.943
0.93059
12.949
4.266
12.943
0.001374
0.018914
0.0072863
0.025147
0.1378
0.1204
0.00092294
0.83389
0.16611
0.36178
0.077244
0.10133
0.45965
1.8653
0.0063733
-0.00038932
0.103
0.52781
0.24765
-9.9482e+07
-47.8
0.0743
0.9717
129.43
8.5547
-85.527
1.3958
0.00040295
0.036634
0.023244
0.25455
0.13001
0.75341
0.0005688
0.00040523
7.229e-06
0.096254
0.11653
0.98218
0.0091765
0.079978
0.98652
0.9913
0.0014155
0.0040653
0.98712
0.18226
0.0040775
0.16489
5.3225e-06
7.169e-06
0.5739
12.942
0.93057
12.948
4.2659
12.942
0.0013482
0.018923
0.0072122
-0.017407
0.1378
0.12039
0.0009228
0.64499
0.35501
0.21767
0.11837
0.12066
0.5433
2.0638
0.0056689
-0.00084173
0.10012
0.52397
20.687
-1.5515e+07
