-85.788
1.3895
0.0003503
0.032003
0.021352
0.24283
0.12732
0.74616
0.00051974
0.00027567
6.9222e-06
0.096762
0.11914
0.98259
0.0089918
0.079856
0.98726
0.99166
0.0013552
0.0039962
0.98732
0.18381
0.0040147
0.16576
4.906e-06
6.5326e-06
0.5711
13.034
0.93345
13.037
4.2792
13.034
0.00093498
0.018387
0.005707
0.090322
0.13772
0.1209
0.00096014
0.9924
0.0076038
0.87701
0.0075183
0.019614
0.095853
1.7438
0.0069328
-4.9206e-05
0.072168
0.42689
-17.759
-14043
-47.8
0.0743
0.9717
129.43
8.5547
-85.788
1.3914
0.00035371
0.032307
0.021575
0.24384
0.12776
0.74835
0.00052541
0.00028415
6.9222e-06
0.096967
0.11936
0.98259
0.0089918
0.079855
0.98726
0.99166
0.0013552
0.0039962
0.98732
0.18381
0.0040147
0.16576
5.0111e-06
6.6691e-06
0.57097
13.035
0.93349
13.039
4.2794
13.036
0.00096531
0.018432
0.0058473
0.0008839
0.13772
0.12086
0.00095937
0.96928
0.030721
0.72258
0.02491
0.046148
0.20636
1.9552
0.007192
0.00011544
0.072373
0.42972
-16.118
-37891
-47.8
0.0743
0.9717
129.43
8.5547
-85.788
1.3894
0.00034995
0.031971
0.021324
0.24272
0.12726
0.74597
0.00051904
0.00027518
6.9222e-06
0.096725
0.11909
0.98259
0.0089918
0.079854
0.98726
0.99166
0.0013552
0.0039962
0.98732
0.18381
0.0040147
0.16576
4.8911e-06
6.5144e-06
0.57115
13.032
0.93338
13.035
4.2789
13.032
0.00093335
0.018387
0.0056998
0.10007
0.13772
0.1209
0.00095938
0.99279
0.0072075
0.88049
0.0071605
0.019046
0.093307
1.7374
0.0069239
-5.4893e-05
0.072073
0.42647
-17.467
-13128
-47.8
0.0743
0.9717
129.43
8.5547
-85.788
1.3894
0.00034997
0.031974
0.021327
0.24274
0.12727
0.74599
0.0005191
0.00027518
6.9222e-06
0.096721
0.11907
0.98259
0.0089918
0.079853
0.98726
0.99166
0.0013552
0.0039962
0.98732
0.18381
0.0040147
0.16576
4.8925e-06
6.517e-06
0.57119
13.031
0.93336
13.034
4.2788
13.031
0.00093324
0.018396
0.0057013
0.083617
0.13772
0.12089
0.00095848
0.99229
0.0077072
0.87471
0.0076136
0.019989
0.097688
1.7478
0.0069374
-4.6339e-05
0.071978
0.42645
-17.913
-14644
-47.8
0.0743
0.9717
129.43
8.5547
-85.788
1.391
0.00035338
0.032277
0.021536
0.24374
0.12767
0.74788
0.00052443
0.000283
6.9222e-06
0.096889
0.11921
0.98259
0.0089918
0.079852
0.98726
0.99166
0.0013552
0.0039962
0.98732
0.18381
0.0040147
0.16576
4.987e-06
6.6414e-06
0.57113
13.031
0.93336
13.035
4.2788
13.032
0.00096002
0.018445
0.0058255
-0.015216
0.13773
0.12085
0.0009569
0.97774
0.022262
0.76858
0.019196
0.037645
0.17458
1.9028
0.00711
6.4259e-05
0.072323
0.42937
-18.224
-32928
-47.8
0.0743
0.9717
129.43
8.5547
-85.788
1.3899
0.00035289
0.03223
0.021427
0.24338
0.1274
0.74663
0.0005217
0.0002826
6.9222e-06
0.096678
0.11887
0.98259
0.0089918
0.079851
0.98726
0.99166
0.0013552
0.0039962
0.98732
0.18381
0.0040147
0.16576
4.9103e-06
6.5467e-06
0.57141
13.025
0.93318
13.029
4.278
13.026
0.00095703
0.018424
0.0057924
0.071123
0.13773
0.12086
0.0009562
0.9909
0.0090994
0.86507
0.0088511
0.021551
0.10452
1.7559
0.0069487
-3.9355e-05
0.073568
0.43014
-18.185
-15888
-47.8
0.0743
0.9717
129.43
8.5547
-85.788
1.3916
0.00035737
0.032627
0.02165
0.24451
0.12779
0.74856
0.00052742
0.00029515
6.9222e-06
0.096774
0.11887
0.98259
0.0089918
0.07985
0.98726
0.99166
0.0013552
0.0039962
0.98732
0.18381
0.0040147
0.16576
4.992e-06
6.6576e-06
0.57148
13.023
0.9331
13.027
4.2776
13.023
0.00099884
0.018469
0.0059663
0.014692
0.13773
0.12082
0.00095478
0.95608
0.043916
0.65987
0.032732
0.056635
0.25076
1.9932
0.0072845
0.00017439
0.074756
0.43476
-14.529
-41631
-47.8
0.0743
0.9717
129.43
8.5547
-85.788
1.3919
0.00035865
0.032739
0.0217
0.24479
0.12786
0.7489
0.00052873
0.00029826
6.9222e-06
0.096778
0.11881
0.98259
0.0089918
0.079849
0.98726
0.99166
0.0013552
0.0039962
0.98732
0.1838
0.0040147
0.16576
5.0054e-06
6.6773e-06
0.57155
13.021
0.93305
13.025
4.2774
13.022
0.0010084
0.018483
0.0060016
0.013853
0.13774
0.12081
0.00095362
0.9545
0.0455
0.65343
0.03361
0.057407
0.25555
1.9917
0.0072787
0.00017114
0.075435
0.43644
-14.542
-41630
-47.8
0.0743
0.9717
129.43
8.5547
-85.788
1.3914
0.00035729
0.03262
0.021637
0.24448
0.12776
0.74837
0.0005271
0.00029482
6.9222e-06
0.096756
0.11882
0.98259
0.0089918
0.079848
0.98726
0.99166
0.0013552
0.0039962
0.98732
0.1838
0.0040147
0.16576
4.9837e-06
6.6482e-06
0.57154
13.022
0.93307
13.025
4.2775
13.022
0.00099698
0.018484
0.0059584
0.0016694
0.13774
0.12081
0.0009526
0.96322
0.036778
0.69177
0.028658
0.050689
0.22888
1.9633
0.0072357
0.00014382
0.074609
0.43453
-15.645
-39035
-47.8
0.0743
0.9717
129.43
8.5547
-85.788
1.39
0.00035406
0.032332
0.02145
0.2436
0.12741
0.74666
0.00052232
0.00028622
6.9222e-06
0.096623
0.1187
0.98259
0.0089918
0.079848
0.98726
0.99166
0.0013552
0.0039962
0.98732
0.1838
0.0040147
0.16576
4.9032e-06
6.5423e-06
0.5716
13.021
0.93305
13.025
4.2774
13.022
0.00096802
0.018459
0.0058337
0.045832
0.13774
0.12083
0.00095199
0.98941
0.010588
0.85144
0.010144
0.023776
0.11464
1.7738
0.0069751
-2.2849e-05
0.074087
0.43123
-18.741
-18413
-47.8
0.0743
0.9717
129.43
8.5547
-85.788
1.3913
0.00035668
0.032566
0.021617
0.24437
0.12774
0.7482
0.00052657
0.00029291
6.9222e-06
0.096779
0.11885
0.98259
0.0089918
0.079847
0.98726
0.99166
0.0013552
0.0039962
0.98732
0.1838
0.0040147
0.16576
4.9809e-06
6.6435e-06
0.5715
13.022
0.93308
13.026
4.2775
13.023
0.00099044
0.018497
0.0059339
-0.0069591
0.13774
0.12079
0.00095092
0.96812
0.031882
0.71268
0.025624
0.047015
0.21468
1.9433
0.0072141
0.00013013
0.07413
0.4336
-16.461
-37247
-47.8
0.0743
0.9717
129.43
8.5547
-85.788
1.3914
0.0003576
0.032646
0.021644
0.24455
0.12777
0.74831
0.00052729
0.00029488
6.9222e-06
0.096767
0.11879
0.98259
0.0089918
0.079846
0.98726
0.99166
0.0013553
0.0039962
0.98732
0.1838
0.0040147
0.16576
4.9844e-06
6.6497e-06
0.57156
13.02
0.93302
13.024
4.2772
13.021
0.00099639
0.018505
0.0059524
-0.018891
0.13774
0.12079
0.00095036
0.97507
0.024927
0.75268
0.0211
0.04016
0.18606
1.8978
0.0071414
8.3814e-05
0.074576
0.43444
-18.286
-32819
-47.8
0.0743
0.9717
129.43
8.5547
-85.788
1.3917
0.00035908
0.032775
0.021681
0.24481
0.12779
0.74863
0.00052827
0.00030089
6.9222e-06
0.096708
0.11865
0.98259
0.0089919
0.079845
0.98726
0.99166
0.0013553
0.0039962
0.98732
0.1838
0.0040147
0.16576
4.9816e-06
6.6496e-06
0.5717
13.017
0.93291
13.02
4.2767
13.017
0.0010149
0.018505
0.0060194
0.024314
0.13774
0.12079
0.00095032
0.94135
0.058654
0.58925
0.039774
0.068284
0.30269
2.0352
0.0073733
0.00023177
0.07587
0.43702
-13.627
-45421
-47.8
0.0743
0.9717
129.43
8.5547
-85.788
1.3916
0.00035882
0.032753
0.021683
0.2448
0.12782
0.74855
0.0005283
0.00029854
6.9222e-06
0.096761
0.11872
0.98259
0.0089919
0.079845
0.98726
0.99166
0.0013553
0.0039962
0.98732
0.1838
0.0040147
0.16576
4.9904e-06
6.6592e-06
0.57162
13.017
0.93292
13.021
4.2768
13.017
0.0010078
0.018514
0.0059951
-0.0086781
0.13774
0.12078
0.00095005
0.96656
0.033444
0.70889
0.026676
0.047551
0.21689
1.9388
0.0071948
0.000118
0.075363
0.43627
-16.61
-36928
-47.8
0.0743
0.9717
129.43
8.5547
-85.788
1.3918
0.00035899
0.032769
0.021709
0.2449
0.12788
0.74882
0.00052896
0.00029867
6.9223e-06
0.096836
0.11882
0.98259
0.0089919
0.079844
0.98726
0.99166
0.0013553
0.0039962
0.98732
0.1838
0.0040147
0.16576
5.009e-06
6.6808e-06
0.5715
13.018
0.93296
13.022
4.277
13.019
0.0010086
0.01852
0.006001
0.010149
0.13774
0.12077
0.00095016
0.95611
0.043887
0.65457
0.032616
0.056917
0.2559
1.9846
0.0072859
0.00017601
0.075431
0.43668
-14.753
-41221
-47.8
0.0743
0.9717
129.43
8.5547
-85.788
1.3916
0.00035765
0.032652
0.021675
0.24466
0.12786
0.7485
0.00052805
0.00029318
6.9223e-06
0.096924
0.11898
0.98259
0.0089919
0.079843
0.98726
0.99166
0.0013553
0.0039962
0.98732
0.1838
0.0040147
0.16576
5.0129e-06
6.6807e-06
0.57131
13.021
0.93305
13.025
4.2774
13.022
0.00099123
0.018521
0.0059358
-0.018772
0.13774
0.12077
0.00095031
0.9782
0.021796
0.76928
0.018892
0.03736
0.17447
1.8763
0.0071172
6.8402e-05
0.074464
0.43438
-18.962
-30666
-47.8
0.0743
0.9717
129.43
8.5547
-85.788
1.3916
0.00035715
0.032608
0.021671
0.24458
0.12787
0.74859
0.00052793
0.00029153
6.9223e-06
0.096992
0.1191
0.98259
0.0089919
0.079842
0.98726
0.99166
0.0013553
0.0039962
0.98732
0.1838
0.0040147
0.16576
5.0214e-06
6.6882e-06
0.57116
13.023
0.9331
13.027
4.2776
13.023
0.00098623
0.01852
0.0059185
-0.017728
0.13774
0.12077
0.00095087
0.97939
0.02061
0.77667
0.018033
0.036133
0.16917
1.8696
0.0071053
6.0885e-05
0.07424
0.43386
-19.143
-29923
-47.8
0.0743
0.9717
129.43
8.5547
-85.788
1.3918
0.00035668
0.032568
0.021654
0.24445
0.12784
0.74877
0.00052748
0.00029253
6.9223e-06
0.096997
0.11915
0.98259
0.0089919
0.079842
0.98726
0.99166
0.0013553
0.0039962
0.98732
0.1838
0.0040147
0.16576
5.0156e-06
6.679e-06
0.57111
13.023
0.93311
13.027
4.2777
13.024
0.00099038
0.018509
0.0059376
0.014317
0.13774
0.12078
0.00095183
0.95708
0.042918
0.65667
0.032014
0.057069
0.25425
1.9942
0.00731
0.00019076
0.074151
0.43381
-14.488
-41877
-47.8
0.0743
0.9717
129.43
8.5547
-85.788
1.3896
0.00035121
0.032082
0.021355
0.243
0.12729
0.74621
0.00051985
0.00027873
6.9223e-06
0.096805
0.11904
0.98259
0.0089919
0.079841
0.98726
0.99166
0.0013553
0.0039962
0.98732
0.1838
0.0040147
0.16576
4.8943e-06
6.5184e-06
0.57115
13.023
0.9331
13.026
4.2776
13.023
0.00094425
0.018455
0.0057424
0.074816
0.13774
0.12083
0.00095297
0.99183
0.0081664
0.86904
0.0080307
0.020899
0.10203
1.7506
0.006936
-4.7366e-05
0.072595
0.42763
-18.11
-15251
-47.8
0.0743
0.9717
129.43
8.5547
-85.788
1.3895
0.0003501
0.031984
0.021326
0.2428
0.12727
0.74608
0.00051908
0.00027573
6.9223e-06
0.096831
0.11913
0.98259
0.0089919
0.079841
0.98726
0.99166
0.0013553
0.0039962
0.98732
0.1838
0.0040147
0.16576
4.8949e-06
6.5175e-06
0.57108
13.023
0.93312
13.027
4.2777
13.024
0.00093461
0.018452
0.0057083
0.050539
0.13773
0.12083
0.00095337
0.99124
0.0087611
0.86062
0.0085578
0.022282
0.10854
1.7686
0.0069656
-2.8549e-05
0.071775
0.42611
-18.751
-17706
-47.8
0.0743
0.9717
129.43
8.5547
-85.788
1.3901
0.00035172
0.032128
0.021416
0.24325
0.12744
0.74683
0.00052137
0.00027883
6.9223e-06
0.096889
0.11916
0.98259
0.0089919
0.07984
0.98726
0.99166
0.0013553
0.0039962
0.98732
0.18379
0.0040147
0.16576
4.9332e-06
6.5684e-06
0.57108
13.022
0.93307
13.025
4.2775
13.022
0.00094494
0.018465
0.0057527
0.034774
0.13774
0.12082
0.00095345
0.98984
0.010156
0.84898
0.0097709
0.024185
0.11706
1.7825
0.0069894
-1.3343e-05
0.07239
0.42818
-19.102
-19588
-47.8
0.0743
0.9717
129.43
8.5547
-85.788
1.3914
0.00035527
0.032443
0.021593
0.24416
0.12775
0.74828
0.00052592
0.0002871
6.9223e-06
0.096966
0.11914
0.98259
0.0089919
0.079839
0.98726
0.99166
0.0013553
0.0039962
0.98732
0.18379
0.0040147
0.16576
5.0004e-06
6.6596e-06
0.57114
13.019
0.93296
13.022
4.277
13.019
0.00097216
0.018493
0.0058662
-0.013721
0.13774
0.1208
0.00095331
0.98187
0.018126
0.79319
0.016182
0.033408
0.15722
1.857
0.0070792
4.4278e-05
0.073538
0.43203
-19.406
-28422
-47.8
0.0743
0.9717
129.43
8.5547
-85.788
1.3922
0.0003582
0.032701
0.021702
0.24478
0.1279
0.74924
0.00052874
0.00029648
6.9223e-06
0.096916
0.11898
0.98259
0.0089919
0.079839
0.98726
0.99166
0.0013553
0.0039962
0.98732
0.18379
0.0040147
0.16576
5.023e-06
6.6952e-06
0.57134
13.013
0.9328
13.017
4.2762
13.014
0.0010031
0.018498
0.0059856
0.01569
0.13774
0.12079
0.00095361
0.95411
0.045886
0.64822
0.033731
0.058424
0.25963
1.9956
0.0072979
0.00018325
0.07507
0.43604
-14.421
-42042
-47.8
0.0743
0.9717
129.43
8.5547
-85.788
1.3917
0.00035697
0.032592
0.021621
0.24443
0.12773
0.74861
0.00052667
0.00029452
6.9223e-06
0.096799
0.11885
0.98259
0.0089919
0.079838
0.98726
0.99166
0.0013553
0.0039962
0.98732
0.18379
0.0040147
0.16576
4.9826e-06
6.6453e-06
0.57149
13.01
0.93271
13.014
4.2758
13.011
0.00099684
0.018483
0.0059595
0.012614
0.13773
0.12081
0.0009539
0.95754
0.042459
0.66512
0.031905
0.055674
0.2473
1.9884
0.0072853
0.00017488
0.074612
0.43454
-14.713
-41262
-47.8
0.0743
0.9717
129.43
8.5547
-85.788
1.3896
0.00035238
0.032184
0.021355
0.24319
0.12724
0.74622
0.00051989
0.0002826
6.9223e-06
0.096579
0.11866
0.98259
0.0089919
0.079838
0.98726
0.99166
0.0013553
0.0039962
0.98732
0.18379
0.0040147
0.16576
4.8681e-06
6.4963e-06
0.57163
13.008
0.93264
13.011
4.2755
13.008
0.00095652
0.018435
0.0057873
0.090459
0.13773
0.12085
0.00095436
0.99176
0.0082398
0.87201
0.008093
0.020409
0.099486
1.7425
0.0069171
-5.9371e-05
0.073571
0.42967
-17.652
-14029
-47.8
0.0743
0.9717
129.43
8.5547
-85.788
1.391
0.00035453
0.032377
0.021528
0.24393
0.12761
0.74781
0.00052426
0.00028632
6.9223e-06
0.096789
0.11891
0.98259
0.0089919
0.079837
0.98726
0.99166
0.0013553
0.0039962
0.98732
0.18379
0.0040147
0.16576
4.9618e-06
6.6165e-06
0.57145
13.01
0.93271
13.014
4.2759
13.011
0.00096938
0.018475
0.0058542
-0.013862
0.13774
0.12082
0.00095367
0.98187
0.018126
0.7921
0.016175
0.033593
0.15813
1.8601
0.0070846
4.7667e-05
0.073316
0.43131
-19.345
-28708
-47.8
0.0743
0.9717
129.43
8.5547
-85.788
1.3918
0.00035684
0.032582
0.021653
0.24455
0.12784
0.74881
0.00052746
0.00029122
6.9223e-06
0.096883
0.11896
0.98259
0.0089919
0.079837
0.98726
0.99166
0.0013553
0.0039962
0.98732
0.18379
0.0040147
0.16576
5.0137e-06
6.6847e-06
0.57141
13.01
0.93269
13.014
4.2758
13.01
0.00098591
0.018495
0.0059225
-0.016385
0.13774
0.1208
0.00095344
0.97517
0.024835
0.75075
0.021008
0.040504
0.18774
1.9013
0.00714
8.3254e-05
0.073878
0.43381
-18.182
-33175
-47.8
0.0743
0.9717
129.43
8.5547
-85.788
1.3917
0.00035732
0.032624
0.021658
0.24463
0.12784
0.74872
0.00052761
0.00029206
6.9223e-06
0.096854
0.11889
0.98259
0.0089919
0.079836
0.98726
0.99166
0.0013553
0.0039962
0.98732
0.18379
0.0040147
0.16576
5.0088e-06
6.6798e-06
0.57148
13.008
0.93262
13.011
4.2754
13.008
0.0009881
0.018494
0.0059272
-0.014812
0.13774
0.1208
0.00095357
0.97956
0.020435
0.77905
0.017916
0.035726
0.1673
1.8649
0.0070923
5.2702e-05
0.0745
0.43464
-19.225
-29378
-47.8
0.0743
0.9717
129.43
8.5547
-85.788
1.3922
0.00035851
0.032729
0.021711
0.24491
0.12792
0.74922
0.00052896
0.0002959
6.9223e-06
0.096858
0.11886
0.98259
0.0089919
0.079836
0.98726
0.99165
0.0013553
0.0039962
0.98732
0.18379
0.0040147
0.16576
5.0251e-06
6.7027e-06
0.57152
13.006
0.93256
13.009
4.2751
13.006
0.001001
0.018497
0.0059796
-0.0052565
0.13774
0.1208
0.00095394
0.96611
0.033893
0.70618
0.02694
0.048099
0.21878
1.9423
0.0071926
0.00011678
0.074911
0.43625
-16.49
-37243
-47.8
0.0743
0.9717
129.43
8.5547
-85.788
1.392
0.00035775
0.032662
0.021679
0.24473
0.12787
0.74907
0.00052814
0.00029415
6.9223e-06
0.096841
0.11887
0.98259
0.0089919
0.079836
0.98726
0.99165
0.0013553
0.0039962
0.98732
0.18379
0.0040147
0.16576
5.0154e-06
6.6899e-06
0.57152
13.005
0.93254
13.009
4.2751
13.005
0.00099547
0.018489
0.0059591
-0.0083488
0.13773
0.1208
0.00095448
0.96858
0.03142
0.7185
0.025388
0.046016
0.2101
1.9337
0.007174
0.00010489
0.074514
0.4353
-16.875
-36369
-47.8
0.0743
0.9717
129.43
8.5547
-85.788
1.3911
0.00035478
0.032399
0.021533
0.24399
0.12762
0.74795
0.0005244
0.00028656
6.9223e-06
0.096755
0.11885
0.98259
0.0089919
0.079835
0.98726
0.99165
0.0013553
0.0039962
0.98732
0.18379
0.0040147
0.16576
4.9617e-06
6.6187e-06
0.57154
13.005
0.93253
13.008
4.275
13.005
0.00097016
0.018461
0.0058552
0.002622
0.13773
0.12083
0.00095529
0.98517
0.01483
0.81598
0.013635
0.029608
0.14078
1.8235
0.007033
1.4735e-05
0.073806
0.43229
-19.562
-24629
-47.8
0.0743
0.9717
129.43
8.5547
-85.788
1.3908
0.00035322
0.032261
0.021465
0.24362
0.1275
0.74763
0.00052266
0.00028395
6.9223e-06
0.096712
0.11886
0.98259
0.0089919
0.079835
0.98726
0.99165
0.0013553
0.0039962
0.98732
0.18379
0.0040147
0.16576
4.9395e-06
6.5894e-06
0.57155
13.004
0.93252
13.008
4.275
13.005
0.000962
0.018446
0.005828
-0.015652
0.13773
0.12084
0.00095613
0.9812
0.018805
0.78858
0.016677
0.034208
0.16053
1.8719
0.0070771
4.3093e-05
0.072753
0.43002
-19.156
-29854
-47.8
0.0743
0.9717
129.43
8.5547
-85.788
1.3892
0.00035052
0.032019
0.021255
0.24268
0.12705
0.74582
0.00051733
0.00027946
6.9223e-06
0.096452
0.11856
0.98259
0.0089919
0.079835
0.98726
0.99165
0.0013553
0.0039962
0.98732
0.18379
0.0040147
0.16576
4.827e-06
6.4451e-06
0.57177
13
0.93238
13.003
4.2743
13
0.00094653
0.01839
0.0057462
0.11765
0.13773
0.1209
0.00095756
0.99293
0.007071
0.88397
0.0070346
0.018468
0.090523
1.7269
0.0068822
-8.1443e-05
0.073017
0.42795
-16.911
-11599
-47.8
0.0743
0.9717
129.43
8.5547
-85.788
1.3912
0.00035414
0.032342
0.021477
0.24369
0.12747
0.74811
0.00052299
0.00029033
6.9223e-06
0.096635
0.11875
0.98259
0.0089919
0.079834
0.98726
0.99165
0.0013553
0.0039962
0.98732
0.18379
0.0040147
0.16576
4.9258e-06
6.5741e-06
0.57166
13.001
0.93242
13.005
4.2745
13.001
0.00098457
0.018428
0.0059097
0.027652
0.13773
0.12086
0.00095756
0.9462
0.053799
0.61041
0.037611
0.068117
0.28386
2.0441
0.00744
0.00026955
0.073732
0.43167
-13.663
-45587
-47.8
0.0743
0.9717
129.43
8.5547
-85.788
1.3898
0.00035084
0.03205
0.021319
0.2429
0.12721
0.74653
0.00051893
0.00027945
6.9223e-06
0.096596
0.11877
0.98259
0.0089919
0.079834
0.98726
0.99165
0.0013553
0.0039962
0.98732
0.18379
0.0040147
0.16576
4.8728e-06
6.5013e-06
0.57158
13.002
0.93246
13.006
4.2747
13.003
0.00094679
0.018409
0.0057545
0.038425
0.13773
0.12088
0.0009576
0.9899
0.010096
0.85311
0.0097148
0.023517
0.11366
1.7811
0.0069596
-3.2141e-05
0.072631
0.42805
-19.051
-19254
-47.8
0.0743
0.9717
129.43
8.5547
-85.788
1.3896
0.00035011
0.031985
0.021296
0.24277
0.12719
0.74629
0.00051833
0.00027673
6.9223e-06
0.09663
0.11884
0.98259
0.0089919
0.079834
0.98726
0.99165
0.0013553
0.0039962
0.98732
0.18379
0.0040147
0.16576
4.8711e-06
6.4968e-06
0.5715
13.004
0.93251
13.007
4.2749
13.004
0.00093802
0.018409
0.0057221
0.06483
0.13773
0.12088
0.00095739
0.99153
0.0084667
0.86492
0.0082978
0.021574
0.10521
1.7593
0.0069337
-4.8565e-05
0.072146
0.42708
-18.428
-16398
-47.8
0.0743
0.9717
129.43
8.5547
-85.788
1.3909
0.00035244
0.032193
0.021457
0.24351
0.12752
0.7477
0.00052242
0.00028109
6.9223e-06
0.096808
0.11902
0.98259
0.0089919
0.079833
0.98726
0.99165
0.0013553
0.0039962
0.98732
0.18379
0.0040147
0.16576
4.9516e-06
6.6004e-06
0.57136
13.006
0.93257
13.009
4.2752
13.006
0.00095296
0.018446
0.0057948
-0.011686
0.13773
0.12084
0.00095652
0.9838
0.016196
0.80384
0.014685
0.031656
0.14982
1.8518
0.0070436
2.1836e-05
0.07234
0.42925
-19.515
-27742
-47.8
0.0743
0.9717
129.43
8.5547
-85.788
1.3907
0.00035292
0.032235
0.02145
0.24355
0.12748
0.74747
0.00052227
0.00028207
6.9223e-06
0.096752
0.1189
0.98259
0.0089919
0.079833
0.98726
0.99165
0.0013553
0.0039962
0.98732
0.18379
0.0040147
0.16576
4.9362e-06
6.5825e-06
0.57146
13.004
0.9325
13.007
4.2749
13.004
0.00095578
0.018443
0.0057981
0.02711
0.13773
0.12085
0.00095614
0.98862
0.011376
0.83977
0.010811
0.025683
0.12374
1.7909
0.0069795
-1.9385e-05
0.073093
0.43032
-19.274
-20706
-47.8
0.0743
0.9717
129.43
8.5547
-85.787
1.3915
0.00035505
0.032424
0.021559
0.24411
0.12767
0.74838
0.00052504
0.00028773
6.9223e-06
0.096786
0.11888
0.98259
0.0089919
0.079833
0.98726
0.99165
0.0013553
0.0039962
0.98732
0.18379
0.0040147
0.16576
4.9768e-06
6.6387e-06
0.57153
13.002
0.93244
13.005
4.2746
13.002
0.00097457
0.018466
0.0058794
-0.018437
0.13773
0.12083
0.00095546
0.97794
0.022065
0.76657
0.019057
0.037854
0.17652
1.8897
0.0070939
5.3965e-05
0.073273
0.432
-18.657
-31915
-47.8
0.0743
0.9717
129.43
8.5547
-85.787
1.3911
0.00035524
0.032438
0.021519
0.24401
0.12755
0.74793
0.00052406
0.00028932
6.9223e-06
0.096642
0.11865
0.98259
0.0089919
0.079833
0.98726
0.99165
0.0013553
0.0039962
0.98732
0.18379
0.0040147
0.16576
4.9399e-06
6.5956e-06
0.57176
12.997
0.93229
13.001
4.2739
12.997
0.00097861
0.018456
0.0058846
-0.007825
0.13773
0.12084
0.00095525
0.98333
0.016669
0.80408
0.01508
0.031572
0.14927
1.839
0.0070339
1.5299e-05
0.074161
0.43284
-19.591
-26464
-47.8
0.0743
0.9717
129.43
8.5547
-85.787
1.3916
0.00035719
0.032609
0.021572
0.24435
0.12759
0.74857
0.00052548
0.00029794
6.9223e-06
0.096544
0.11846
0.98259
0.0089919
0.079832
0.98726
0.99165
0.0013553
0.0039962
0.98732
0.18379
0.0040147
0.16576
4.9379e-06
6.5992e-06
0.57199
12.993
0.93215
12.996
4.2733
12.993
0.0010066
0.018454
0.005991
0.023796
0.13773
0.12084
0.00095522
0.94469
0.055306
0.60515
0.03831
0.065954
0.29059
2.0308
0.0073394
0.00020958
0.075295
0.43561
-13.663
-44930
-47.8
0.0743
0.9717
129.43
8.5547
-85.787
1.3911
0.0003558
0.032486
0.021492
0.24396
0.12743
0.74797
0.00052342
0.00029558
6.9223e-06
0.096467
0.1184
0.98259
0.0089919
0.079832
0.98726
0.99165
0.0013553
0.0039962
0.98732
0.18379
0.0040147
0.16576
4.9016e-06
6.5523e-06
0.57205
12.992
0.93214
12.996
4.2732
12.992
0.00099912
0.018443
0.0059607
0.02159
0.13773
0.12085
0.00095501
0.94926
0.050744
0.62467
0.036123
0.062786
0.27642
2.0227
0.0073319
0.00020437
0.074755
0.43389
-13.791
-44153
-47.8
0.0743
0.9717
129.43
8.5547
-85.787
1.3891
0.00035137
0.032093
0.021249
0.24278
0.12699
0.7457
0.00051722
0.00028316
6.9223e-06
0.096331
0.11832
0.98259
0.0089919
0.079832
0.98726
0.99165
0.0013553
0.0039962
0.98732
0.18379
0.0040147
0.16576
4.8032e-06
6.4206e-06
0.57204
12.993
0.93218
12.997
4.2734
12.994
0.00095771
0.018406
0.0057861
0.093609
0.13773
0.12088
0.00095483
0.99206
0.0079433
0.87572
0.0078252
0.019807
0.096651
1.7391
0.0068775
-8.4697e-05
0.073608
0.42892
-17.541
-13565
-47.8
0.0743
0.9717
129.43
8.5547
-85.787
1.391
0.00035441
0.032365
0.02148
0.24378
0.12748
0.74789
0.00052309
0.00028985
6.9223e-06
0.096636
0.11868
0.98259
0.0089919
0.079832
0.98726
0.99165
0.0013553
0.0039962
0.98732
0.18379
0.0040147
0.16576
4.9242e-06
6.5741e-06
0.57174
12.999
0.93236
13.003
4.2742
13
0.00098095
0.018463
0.005898
0.0010833
0.13774
0.12083
0.00095349
0.96502
0.034979
0.69285
0.027439
0.05054
0.22917
1.9679
0.0072354
0.00014351
0.073454
0.43169
-15.553
-39476
-47.8
0.0743
0.9717
129.43
8.5547
-85.787
1.3906
0.00035377
0.032309
0.021455
0.24365
0.12745
0.74743
0.00052241
0.00028585
6.9223e-06
0.09668
0.11873
0.98259
0.0089919
0.079832
0.98726
0.99165
0.0013553
0.0039962
0.98732
0.18379
0.0040147
0.16576
4.9196e-06
6.5651e-06
0.57163
13.001
0.93243
13.005
4.2746
13.002
0.00096723
0.018468
0.0058384
0.0038713
0.13774
0.12082
0.00095256
0.98651
0.013487
0.82167
0.012552
0.028656
0.13713
1.8141
0.0070121
9.8668e-07
0.073503
0.43089
-19.591
-23689
-47.8
0.0743
0.9717
129.43
8.5547
-85.787
1.3911
0.00035511
0.032427
0.02153
0.24402
0.12759
0.748
0.00052435
0.00028887
6.9223e-06
0.096747
0.11878
0.98259
0.0089919
0.079832
0.98726
0.99165
0.0013553
0.0039962
0.98732
0.18379
0.0040147
0.16576
4.9523e-06
6.6079e-06
0.5716
13.002
0.93245
13.006
4.2746
13.002
0.00097707
0.018489
0.0058806
-0.019812
0.13774
0.1208
0.00095167
0.98096
0.019043
0.78038
0.016845
0.035498
0.16728
1.8655
0.0070867
4.8855e-05
0.073525
0.43188
-19.28
-29584
-47.8
0.0743
0.9717
129.43
8.5547
-85.787
1.3914
0.00035653
0.032552
0.021576
0.2443
0.12764
0.74835
0.00052554
0.00029354
6.9223e-06
0.096704
0.11867
0.98259
0.0089919
0.079832
0.98726
0.99165
0.0013553
0.0039962
0.98732
0.18379
0.0040147
0.16576
4.9577e-06
6.6185e-06
0.57173
12.999
0.93237
13.003
4.2743
13
0.00099176
0.018495
0.0059352
-0.020383
0.13774
0.1208
0.00095119
0.97436
0.025642
0.74233
0.021532
0.041857
0.19428
1.9059
0.0071333
7.8796e-05
0.074204
0.43375
-18.027
-33831
-47.8
0.0743
0.9717
129.43
8.5547
-85.787
1.3914
0.00035734
0.032621
0.021571
0.24437
0.12758
0.74838
0.00052547
0.00029842
6.9223e-06
0.096569
0.11845
0.98259
0.0089919
0.079832
0.98726
0.99165
0.0013553
0.0039962
0.98732
0.18379
0.0040147
0.16576
4.9344e-06
6.594e-06
0.57197
12.995
0.93223
12.999
4.2736
12.995
0.0010065
0.018486
0.0059875
0.020224
0.13774
0.12081
0.00095114
0.94638
0.053624
0.6031
0.037252
0.065695
0.29395
2.0255
0.0073394
0.0002103
0.075264
0.43556
-13.733
-44758
-47.8
0.0743
0.9717
129.43
8.5547
-85.787
1.3906
0.00035567
0.032473
0.021472
0.24391
0.12739
0.74743
0.00052293
0.00029347
6.9223e-06
0.096456
0.11833
0.98259
0.0089919
0.079832
0.98726
0.99165
0.0013553
0.0039962
0.98732
0.18379
0.0040147
0.16576
4.89e-06
6.5382e-06
0.5721
12.993
0.93216
12.996
4.2733
12.993
0.00099052
0.018474
0.0059216
-0.020279
0.13774
0.12082
0.00095089
0.98043
0.019571
0.78211
0.017265
0.035202
0.16542
1.8636
0.0070633
3.3738e-05
0.074477
0.43292
-19.31
-29302
-47.8
0.0743
0.9717
129.43
8.5547
-85.787
1.391
0.00035705
0.032593
0.021511
0.24416
0.12742
0.74791
0.00052396
0.00029988
6.9223e-06
0.096381
0.1182
0.98259
0.0089919
0.079832
0.98726
0.99165
0.0013553
0.0039962
0.98732
0.18379
0.0040147
0.16576
4.8894e-06
6.5419e-06
0.57227
12.99
0.93206
12.993
4.2729
12.99
0.0010105
0.01847
0.0059972
0.020722
0.13774
0.12082
0.00095107
0.94267
0.057334
0.59029
0.039021
0.067937
0.30275
2.0377
0.0073479
0.00021563
0.075534
0.43547
-13.772
-45580
