-85.744
1.3912
0.00036723
0.033482
0.021856
0.24597
0.12785
0.74806
0.00053299
0.00033021
6.9716e-06
0.097654
0.11948
0.982
0.0090233
0.08097
0.98716
0.99162
0.0013651
0.004007
0.98703
0.18298
0.0040217
0.16611
4.98e-06
6.5837e-06
0.56934
13.053
0.93402
13.057
4.2818
13.053
0.0011039
0.01895
0.0062999
0.019707
0.13782
0.12034
0.00091167
0.97344
0.026565
0.61678
0.021432
0.061374
0.30041
1.8261
0.0069816
-1.1922e-05
0.083347
0.45182
0.17462
-47047
-47.8
0.0743
0.9717
129.43
8.5547
-85.744
1.3913
0.00036803
0.03355
0.021867
0.24606
0.12784
0.74815
0.0005333
0.00033451
6.9716e-06
0.097598
0.11938
0.982
0.0090233
0.080969
0.98716
0.99162
0.0013651
0.004007
0.98703
0.18298
0.0040217
0.16611
4.9721e-06
6.5761e-06
0.56944
13.05
0.93392
13.053
4.2814
13.05
0.0011162
0.018947
0.0063369
0.021733
0.13782
0.12034
0.00091185
0.94748
0.052517
0.50018
0.034237
0.080998
0.38459
1.9535
0.0070285
1.8357e-05
0.082936
0.4492
0.25203
-55118
-47.8
0.0743
0.9717
129.43
8.5547
-85.744
1.3912
0.00036806
0.033552
0.021858
0.24604
0.12781
0.74808
0.00053307
0.00033496
6.9716e-06
0.097562
0.11932
0.982
0.0090233
0.080968
0.98716
0.99162
0.0013651
0.004007
0.98703
0.18298
0.0040217
0.16611
4.964e-06
6.5671e-06
0.56951
13.047
0.93385
13.051
4.281
13.048
0.0011174
0.018945
0.0063402
0.021532
0.13782
0.12034
0.00091198
0.95036
0.049641
0.5114
0.033045
0.0791
0.37646
1.9428
0.007029
1.8625e-05
0.08302
0.44929
0.24449
-54400
-47.8
0.0743
0.9717
129.43
8.5547
-85.744
1.3912
0.00036788
0.033537
0.021851
0.24601
0.1278
0.74804
0.00053288
0.00033407
6.9716e-06
0.097559
0.11932
0.982
0.0090233
0.080967
0.98716
0.99162
0.0013651
0.004007
0.98703
0.18298
0.0040217
0.16611
4.9625e-06
6.5654e-06
0.56951
13.046
0.93381
13.05
4.2809
13.046
0.0011149
0.018945
0.006333
0.020794
0.13782
0.12034
0.00091208
0.96059
0.039415
0.55208
0.028327
0.072249
0.34734
1.9032
0.0070274
1.7373e-05
0.082848
0.44906
0.218
-51782
-47.8
0.0743
0.9717
129.43
8.5547
-85.744
1.3912
0.00036809
0.033555
0.021859
0.24605
0.12781
0.74814
0.00053309
0.00033511
6.9716e-06
0.097565
0.11932
0.982
0.0090233
0.080966
0.98716
0.99162
0.0013651
0.004007
0.98703
0.18298
0.0040217
0.16611
4.9648e-06
6.5684e-06
0.56951
13.045
0.93378
13.049
4.2807
13.045
0.0011179
0.018944
0.0063419
0.021725
0.13782
0.12034
0.00091223
0.94747
0.052526
0.50097
0.034269
0.080861
0.3839
1.9526
0.0070294
1.8862e-05
0.083054
0.44938
0.25138
-55056
-47.8
0.0743
0.9717
129.43
8.5547
-85.744
1.3914
0.00036788
0.033538
0.021866
0.24606
0.12785
0.74827
0.00053326
0.00033378
6.9716e-06
0.097615
0.1194
0.982
0.0090233
0.080965
0.98716
0.99162
0.0013651
0.004007
0.98703
0.18298
0.0040217
0.16611
4.9759e-06
6.581e-06
0.56944
13.046
0.93379
13.049
4.2808
13.046
0.0011142
0.018947
0.0063318
0.021529
0.13782
0.12034
0.0009123
0.95069
0.049311
0.51079
0.03285
0.079202
0.37716
1.9427
0.0070364
2.329e-05
0.082803
0.44911
0.24528
-54418
-47.8
0.0743
0.9717
129.43
8.5547
-85.744
1.3912
0.00036663
0.03343
0.021838
0.2459
0.12784
0.74811
0.0005325
0.00032779
6.9716e-06
0.097677
0.11951
0.982
0.0090233
0.080965
0.98716
0.99162
0.0013651
0.004007
0.98703
0.18298
0.0040217
0.16611
4.9809e-06
6.5845e-06
0.56932
13.047
0.93383
13.051
4.281
13.047
0.0010969
0.018947
0.0062785
0.019183
0.13782
0.12034
0.00091229
0.97876
0.021244
0.64917
0.018135
0.05597
0.27672
1.7849
0.0069526
-3.0451e-05
0.083541
0.45327
0.15395
-44637
-47.8
0.0743
0.9717
129.43
8.5547
-85.744
1.3912
0.00036643
0.033412
0.021829
0.24585
0.12783
0.74807
0.00053227
0.00032717
6.9716e-06
0.097676
0.11951
0.982
0.0090233
0.080964
0.98716
0.99162
0.0013651
0.004007
0.98703
0.18298
0.0040217
0.16611
4.9783e-06
6.5811e-06
0.56932
13.046
0.9338
13.049
4.2808
13.046
0.001095
0.018944
0.0062716
0.018975
0.13782
0.12034
0.00091247
0.98067
0.019331
0.6626
0.016874
0.053738
0.26678
1.768
0.0069369
-4.0433e-05
0.083665
0.45383
0.14561
-43661
-47.8
0.0743
0.9717
129.43
8.5547
-85.744
1.3914
0.00036762
0.033515
0.021857
0.24601
0.12783
0.74836
0.00053303
0.00033375
6.9716e-06
0.097627
0.11942
0.982
0.0090233
0.080963
0.98716
0.99162
0.0013651
0.004007
0.98703
0.18297
0.0040217
0.16611
4.9756e-06
6.5803e-06
0.56942
13.043
0.9337
13.046
4.2804
13.043
0.0011137
0.018941
0.0063278
0.023532
0.13781
0.12035
0.00091287
0.91548
0.084518
0.40696
0.045365
0.096913
0.45076
2.0455
0.0069832
-1.0087e-05
0.082757
0.4488
0.31563
-61162
-47.8
0.0743
0.9717
129.43
8.5547
-85.744
1.3912
0.0003663
0.033402
0.021823
0.24583
0.12782
0.74813
0.00053211
0.00032708
6.9716e-06
0.097658
0.11949
0.982
0.0090233
0.080962
0.98716
0.99162
0.0013651
0.004007
0.98703
0.18297
0.0040217
0.16611
4.9763e-06
6.5795e-06
0.56936
13.043
0.93371
13.047
4.2804
13.043
0.0010947
0.018939
0.0062713
0.019141
0.13781
0.12035
0.00091292
0.97919
0.020811
0.65135
0.017847
0.05561
0.27519
1.7826
0.0069547
-2.9097e-05
0.083425
0.45308
0.15284
-44501
-47.8
0.0743
0.9717
129.43
8.5547
-85.744
1.3911
0.00036579
0.033357
0.021798
0.24573
0.12778
0.74797
0.00053147
0.00032525
6.9716e-06
0.097628
0.11946
0.982
0.0090233
0.080961
0.98716
0.99162
0.0013651
0.004007
0.98703
0.18297
0.0040217
0.16611
4.9672e-06
6.5687e-06
0.56941
13.041
0.93364
13.045
4.2801
13.041
0.0010894
0.018933
0.006254
0.018579
0.13781
0.12035
0.00091316
0.98408
0.015922
0.68792
0.014506
0.049546
0.24803
1.7352
0.0069046
-6.1003e-05
0.083728
0.45468
0.13028
-41818
-47.8
0.0743
0.9717
129.43
8.5547
-85.744
1.3913
0.00036715
0.033474
0.021825
0.24591
0.12777
0.7482
0.0005322
0.00033208
6.9716e-06
0.097535
0.1193
0.982
0.0090233
0.08096
0.98716
0.99162
0.0013651
0.004007
0.98703
0.18297
0.0040217
0.16611
4.9591e-06
6.5631e-06
0.5696
13.036
0.93349
13.04
4.2794
13.036
0.0011093
0.018929
0.0063165
0.02089
0.13781
0.12036
0.00091363
0.95968
0.040321
0.54526
0.028705
0.073401
0.35264
1.91
0.0070429
2.7313e-05
0.082461
0.44852
0.22331
-52248
-47.8
0.0743
0.9717
129.43
8.5547
-85.744
1.3912
0.0003676
0.033511
0.021808
0.24589
0.1277
0.74807
0.00053181
0.00033561
6.9716e-06
0.097421
0.11912
0.982
0.0090233
0.08096
0.98716
0.99162
0.0013651
0.004007
0.98703
0.18297
0.0040217
0.16611
4.9357e-06
6.537e-06
0.56978
13.031
0.93335
13.035
4.2787
13.032
0.001119
0.018918
0.0063431
0.022815
0.13781
0.12037
0.00091409
0.92895
0.071052
0.44388
0.041249
0.090579
0.42429
2.0094
0.0070081
5.6085e-06
0.08312
0.44922
0.28991
-58795
-47.8
0.0743
0.9717
129.43
8.5547
-85.744
1.3912
0.00036714
0.033472
0.021796
0.24583
0.12769
0.74805
0.00053149
0.00033362
6.9716e-06
0.097417
0.11913
0.982
0.0090233
0.080959
0.98716
0.99162
0.0013651
0.004007
0.98703
0.18297
0.0040217
0.16611
4.9357e-06
6.5375e-06
0.5698
13.03
0.93331
13.034
4.2786
13.03
0.0011135
0.018914
0.0063278
0.021514
0.13781
0.12037
0.0009143
0.95081
0.049192
0.51162
0.032803
0.079074
0.37651
1.9437
0.0070404
2.5842e-05
0.082746
0.44876
0.24523
-54454
-47.8
0.0743
0.9717
129.43
8.5547
-85.744
1.391
0.00036597
0.033371
0.021765
0.24566
0.12767
0.74788
0.00053066
0.00032814
6.9716e-06
0.097441
0.11919
0.982
0.0090233
0.080958
0.98716
0.99162
0.0013651
0.004007
0.98703
0.18297
0.0040217
0.16611
4.9356e-06
6.5362e-06
0.56975
13.03
0.93331
13.034
4.2786
13.03
0.0010977
0.01891
0.0062796
0.019215
0.13781
0.12038
0.00091442
0.97833
0.021672
0.64743
0.018414
0.05627
0.27789
1.7891
0.0069559
-2.8356e-05
0.083537
0.45293
0.15525
-44854
-47.8
0.0743
0.9717
129.43
8.5547
-85.744
1.3911
0.0003662
0.033391
0.021774
0.24571
0.12768
0.74802
0.00053088
0.0003294
6.9716e-06
0.097423
0.11916
0.982
0.0090233
0.080958
0.98716
0.99162
0.0013651
0.004007
0.98703
0.18297
0.0040217
0.16611
4.9374e-06
6.5398e-06
0.5698
13.028
0.93325
13.032
4.2783
13.028
0.0011016
0.018906
0.0062929
0.019954
0.13781
0.12038
0.00091472
0.97084
0.029162
0.60025
0.022903
0.064153
0.31269
1.8483
0.0070097
5.9961e-06
0.082791
0.45018
0.18644
-48371
-47.8
0.0743
0.9717
129.43
8.5547
-85.744
1.3911
0.00036635
0.033403
0.021759
0.24567
0.12763
0.74794
0.00053052
0.00033118
6.9716e-06
0.097344
0.11905
0.982
0.0090233
0.080957
0.98716
0.99162
0.0013651
0.004007
0.98703
0.18297
0.0040217
0.16611
4.9218e-06
6.5227e-06
0.56993
13.025
0.93314
13.028
4.2778
13.025
0.0011065
0.018898
0.0063064
0.020348
0.13781
0.12039
0.00091511
0.96619
0.033806
0.5768
0.025441
0.068104
0.32965
1.8783
0.007027
1.7068e-05
0.082584
0.44881
0.20247
-50180
-47.8
0.0743
0.9717
129.43
8.5547
-85.744
1.3909
0.00036647
0.033411
0.021734
0.24559
0.12755
0.7478
0.00052993
0.00033415
6.9716e-06
0.097244
0.11891
0.982
0.0090233
0.080956
0.98716
0.99162
0.0013651
0.004007
0.98703
0.18297
0.0040217
0.16611
4.8989e-06
6.4965e-06
0.57009
13.021
0.93302
13.024
4.2772
13.021
0.0011143
0.018887
0.0063262
0.023366
0.13781
0.1204
0.00091555
0.91846
0.081541
0.4155
0.044536
0.095468
0.4445
2.0404
0.006988
-7.0394e-06
0.082787
0.4483
0.31022
-60777
-47.8
0.0743
0.9717
129.43
8.5547
-85.744
1.3906
0.00036518
0.033299
0.021687
0.24537
0.12749
0.74743
0.0005287
0.00032822
6.9716e-06
0.097234
0.11893
0.982
0.0090233
0.080956
0.98716
0.99162
0.0013651
0.004007
0.98703
0.18297
0.0040217
0.16611
4.8888e-06
6.483e-06
0.57009
13.02
0.93299
13.023
4.2771
13.02
0.0010971
0.018882
0.0062732
0.019045
0.13781
0.12041
0.0009157
0.97976
0.02024
0.65882
0.017486
0.054388
0.2693
1.7778
0.0069409
-3.7863e-05
0.083682
0.45293
0.14842
-44158
-47.8
0.0743
0.9717
129.43
8.5547
-85.744
1.3909
0.00036644
0.033409
0.021728
0.24558
0.12754
0.7478
0.00052978
0.00033404
6.9716e-06
0.097214
0.11887
0.982
0.0090233
0.080955
0.98716
0.99162
0.0013651
0.004007
0.98703
0.18297
0.0040217
0.16611
4.8953e-06
6.4933e-06
0.57015
13.017
0.93291
13.021
4.2768
13.018
0.0011142
0.018882
0.0063269
0.02259
0.13781
0.12041
0.00091608
0.93325
0.066753
0.45466
0.039678
0.088758
0.41691
2.0013
0.007019
1.252e-05
0.082783
0.4484
0.28361
-58241
-47.8
0.0743
0.9717
129.43
8.5547
-85.744
1.3911
0.0003666
0.033424
0.021748
0.24567
0.12759
0.74796
0.00053027
0.00033331
6.9716e-06
0.09726
0.11892
0.982
0.0090233
0.080954
0.98716
0.99162
0.0013651
0.004007
0.98703
0.18297
0.0040217
0.16611
4.9085e-06
6.5093e-06
0.57009
13.017
0.93292
13.021
4.2768
13.018
0.0011126
0.018885
0.0063247
0.021353
0.13781
0.1204
0.00091626
0.95309
0.046908
0.52035
0.031799
0.077604
0.37024
1.936
0.0070425
2.7178e-05
0.082682
0.44857
0.23963
-53942
-47.8
0.0743
0.9717
129.43
8.5547
-85.744
1.3911
0.00036614
0.033385
0.021753
0.24567
0.12763
0.74802
0.00053037
0.00032993
6.9716e-06
0.097336
0.11904
0.982
0.0090233
0.080954
0.98716
0.99162
0.0013651
0.004007
0.98703
0.18297
0.0040217
0.16611
4.9235e-06
6.5259e-06
0.56997
13.019
0.93296
13.023
4.277
13.019
0.0011032
0.018889
0.0062978
0.019986
0.13781
0.1204
0.00091635
0.97043
0.029567
0.59856
0.023138
0.064439
0.31387
1.8505
0.0070137
8.5678e-06
0.082835
0.45017
0.18761
-48516
-47.8
0.0743
0.9717
129.43
8.5547
-85.744
1.3912
0.00036582
0.033358
0.021754
0.24566
0.12765
0.74803
0.00053036
0.00032771
6.9716e-06
0.097384
0.11911
0.982
0.0090233
0.080953
0.98716
0.99162
0.0013651
0.004007
0.98703
0.18296
0.0040217
0.16611
4.9314e-06
6.5344e-06
0.56989
13.019
0.93298
13.023
4.277
13.02
0.0010969
0.01889
0.0062789
0.019215
0.13781
0.1204
0.00091648
0.9784
0.021601
0.64698
0.018363
0.056342
0.27831
1.7889
0.0069629
-2.387e-05
0.083435
0.45292
0.15567
-44874
-47.8
0.0743
0.9717
129.43
8.5547
-85.744
1.3914
0.00036653
0.033421
0.021785
0.24581
0.1277
0.7483
0.00053117
0.00033025
6.9716e-06
0.097402
0.11911
0.982
0.0090233
0.080953
0.98716
0.99162
0.0013651
0.004007
0.98703
0.18296
0.0040217
0.16611
4.9423e-06
6.5486e-06
0.56989
13.019
0.93295
13.022
4.2769
13.019
0.0011046
0.018893
0.0063046
0.020226
0.13781
0.1204
0.00091673
0.96786
0.032145
0.58365
0.02454
0.066938
0.32487
1.8672
0.0070293
1.8528e-05
0.082596
0.44957
0.19766
-49566
-47.8
0.0743
0.9717
129.43
8.5547
-85.744
1.3914
0.00036661
0.033428
0.021788
0.24583
0.12771
0.74834
0.00053123
0.00033065
6.9716e-06
0.0974
0.11911
0.982
0.0090233
0.080952
0.98716
0.99162
0.0013651
0.004007
0.98703
0.18296
0.0040217
0.16611
4.9428e-06
6.5495e-06
0.5699
13.018
0.93292
13.021
4.2768
13.018
0.0011057
0.018892
0.0063084
0.020458
0.13781
0.1204
0.00091696
0.96516
0.034836
0.56949
0.025945
0.069327
0.33524
1.8845
0.0070405
2.5759e-05
0.082344
0.44867
0.20754
-50637
-47.8
0.0743
0.9717
129.43
8.5547
-85.744
1.3912
0.00036577
0.033354
0.02175
0.24565
0.12765
0.74804
0.00053026
0.00032734
6.9716e-06
0.097381
0.1191
0.982
0.0090233
0.080952
0.98716
0.99162
0.0013651
0.004007
0.98703
0.18296
0.0040217
0.16611
4.9305e-06
6.5334e-06
0.56991
13.017
0.93289
13.02
4.2766
13.017
0.0010958
0.018886
0.0062754
0.018936
0.13781
0.1204
0.00091713
0.98095
0.01905
0.66534
0.016688
0.053289
0.26468
1.765
0.0069402
-3.8278e-05
0.083713
0.45399
0.14403
-43509
-47.8
0.0743
0.9717
129.43
8.5547
-85.744
1.3914
0.00036658
0.033425
0.021776
0.24579
0.12768
0.74831
0.00053096
0.00033141
6.9716e-06
0.097359
0.11905
0.982
0.0090233
0.080951
0.98716
0.99162
0.0013651
0.004007
0.98703
0.18296
0.0040217
0.16611
4.9346e-06
6.5405e-06
0.56997
13.015
0.93283
13.018
4.2764
13.015
0.0011078
0.018886
0.0063139
0.021046
0.13781
0.1204
0.00091742
0.95776
0.042237
0.53613
0.029597
0.074935
0.35934
1.9182
0.0070504
3.221e-05
0.082364
0.44855
0.22947
-52841
-47.8
0.0743
0.9717
129.43
8.5547
-85.744
1.3912
0.00036591
0.033366
0.021746
0.24566
0.12763
0.74808
0.00053018
0.00032851
6.9716e-06
0.097335
0.11903
0.982
0.0090233
0.080951
0.98716
0.99162
0.0013651
0.004007
0.98703
0.18296
0.0040217
0.16611
4.9247e-06
6.528e-06
0.56999
13.013
0.93279
13.017
4.2762
13.014
0.0010992
0.01888
0.0062865
0.019365
0.13781
0.12041
0.00091757
0.97693
0.023068
0.63766
0.019297
0.057893
0.28515
1.8006
0.0069745
-1.6411e-05
0.083399
0.45257
0.1616
-45567
-47.8
0.0743
0.9717
129.43
8.5547
-85.744
1.3913
0.00036617
0.033389
0.02175
0.24569
0.12763
0.74815
0.00053029
0.00033006
6.9716e-06
0.097305
0.11898
0.982
0.0090233
0.08095
0.98716
0.99162
0.0013651
0.004007
0.98703
0.18296
0.0040217
0.16611
4.922e-06
6.5261e-06
0.57006
13.012
0.93273
13.015
4.2759
13.012
0.0011038
0.018877
0.0063012
0.020029
0.1378
0.12041
0.0009178
0.97
0.030002
0.59589
0.023379
0.064883
0.31585
1.853
0.0070175
1.0997e-05
0.082808
0.45018
0.18933
-48691
-47.8
0.0743
0.9717
129.43
8.5547
-85.744
1.3913
0.00036639
0.033408
0.02175
0.2457
0.12761
0.7482
0.0005303
0.00033179
6.9716e-06
0.097265
0.11893
0.982
0.0090233
0.08095
0.98716
0.99162
0.0013651
0.004007
0.98703
0.18296
0.0040217
0.16611
4.9166e-06
6.521e-06
0.57013
13.01
0.93267
13.014
4.2757
13.01
0.0011088
0.018872
0.0063162
0.021002
0.1378
0.12042
0.00091803
0.9582
0.041801
0.53886
0.02941
0.074479
0.35725
1.9163
0.0070457
2.9169e-05
0.082429
0.44854
0.22754
-52696
-47.8
0.0743
0.9717
129.43
8.5547
-85.744
1.3911
0.00036544
0.033324
0.02171
0.24552
0.12755
0.74793
0.00052926
0.00032823
6.9716e-06
0.097235
0.11891
0.982
0.0090233
0.08095
0.98716
0.99162
0.0013651
0.004007
0.98703
0.18296
0.0040217
0.16611
4.9042e-06
6.5055e-06
0.57016
13.009
0.93264
13.012
4.2755
13.009
0.0010982
0.018864
0.0062824
0.019449
0.1378
0.12042
0.00091814
0.97608
0.02392
0.63191
0.01982
0.058859
0.28941
1.8093
0.0069788
-1.3704e-05
0.083196
0.45185
0.16551
-46057
-47.8
0.0743
0.9717
129.43
8.5547
-85.744
1.391
0.00036523
0.033305
0.021692
0.24544
0.12751
0.74786
0.00052881
0.00032834
6.9716e-06
0.097181
0.11884
0.982
0.0090233
0.080949
0.98716
0.99162
0.0013651
0.004007
0.98703
0.18296
0.0040217
0.16611
4.8935e-06
6.4937e-06
0.57026
13.007
0.93258
13.01
4.2752
13.007
0.0010985
0.018857
0.0062824
0.019597
0.1378
0.12043
0.00091833
0.97457
0.025429
0.62233
0.020733
0.060464
0.29647
1.8222
0.0069884
-7.595e-06
0.083
0.45108
0.1719
-46809
-47.8
0.0743
0.9717
129.43
8.5547
-85.744
1.391
0.00036549
0.033327
0.021682
0.24542
0.12746
0.74786
0.00052858
0.00033118
6.9716e-06
0.097091
0.11872
0.982
0.0090233
0.080949
0.98716
0.99162
0.0013651
0.004007
0.98703
0.18296
0.0040217
0.16611
4.8788e-06
6.4783e-06
0.57041
13.003
0.93247
13.007
4.2747
13.004
0.0011065
0.018848
0.0063062
0.021145
0.1378
0.12044
0.00091862
0.95624
0.043761
0.5306
0.030309
0.075888
0.3632
1.9273
0.0070432
2.76e-05
0.082262
0.44782
0.23346
-53367
-47.8
0.0743
0.9717
129.43
8.5547
-85.744
1.3906
0.00036449
0.033238
0.021619
0.24515
0.12734
0.74738
0.00052696
0.00032857
6.9716e-06
0.096982
0.11859
0.982
0.0090233
0.080949
0.98716
0.99162
0.0013651
0.004007
0.98703
0.18296
0.0040217
0.16611
4.8481e-06
6.4415e-06
0.57056
13
0.93237
13.004
4.2743
13
0.0010983
0.018835
0.0062775
0.019462
0.1378
0.12045
0.00091882
0.97572
0.024277
0.63138
0.020045
0.058968
0.28961
1.8142
0.0069724
-1.7774e-05
0.083165
0.45106
0.16616
-46277
-47.8
0.0743
0.9717
129.43
8.5547
-85.744
1.3905
0.000365
0.03328
0.021602
0.24512
0.12725
0.74728
0.00052657
0.00033346
6.9716e-06
0.096847
0.1184
0.982
0.0090233
0.080948
0.98716
0.99162
0.0013651
0.004007
0.98703
0.18296
0.0040217
0.16611
4.8224e-06
6.4132e-06
0.57079
12.995
0.93222
12.999
4.2736
12.995
0.0011119
0.018823
0.0063163
0.022327
0.1378
0.12047
0.00091919
0.93763
0.062372
0.4682
0.038088
0.086478
0.40724
1.992
0.0070209
1.3638e-05
0.082616
0.44756
0.27508
-57568
-47.8
0.0743
0.9717
129.43
8.5547
-85.744
1.3904
0.000365
0.033279
0.021581
0.24504
0.12719
0.74713
0.00052605
0.00033477
6.9716e-06
0.096769
0.11829
0.982
0.0090233
0.080948
0.98716
0.99162
0.0013651
0.004007
0.98703
0.18296
0.0040217
0.16611
4.8049e-06
6.3931e-06
0.57091
12.992
0.93214
12.996
4.2732
12.993
0.0011153
0.018814
0.006324
0.023299
0.1378
0.12047
0.00091943
0.91924
0.080763
0.41939
0.044385
0.09483
0.44139
2.0411
0.0069824
-1.0641e-05
0.082838
0.44761
0.30789
-60748
-47.8
0.0743
0.9717
129.43
8.5547
-85.744
1.3905
0.00036477
0.03326
0.021591
0.24507
0.12723
0.74726
0.00052628
0.0003328
6.9716e-06
0.096816
0.11836
0.982
0.0090233
0.080948
0.98716
0.99162
0.0013651
0.004007
0.98703
0.18296
0.0040217
0.16611
4.8176e-06
6.4083e-06
0.57085
12.993
0.93216
12.997
4.2733
12.994
0.0011101
0.018817
0.0063113
0.021755
0.1378
0.12047
0.00091944
0.94691
0.053087
0.49825
0.034438
0.081376
0.38594
1.963
0.0070322
2.0679e-05
0.082493
0.4474
0.25508
-55640
-47.8
0.0743
0.9717
129.43
8.5547
-85.744
1.3905
0.00036417
0.03321
0.021592
0.24505
0.12728
0.74732
0.00052629
0.00032876
6.9716e-06
0.096889
0.11848
0.982
0.0090233
0.080947
0.98716
0.99162
0.0013651
0.004007
0.98703
0.18296
0.0040217
0.16611
4.8321e-06
6.4247e-06
0.57073
12.995
0.93222
12.999
4.2736
12.996
0.0010989
0.01882
0.0062788
0.019772
0.1378
0.12047
0.00091938
0.97252
0.027484
0.61147
0.021948
0.062304
0.30428
1.8404
0.0069928
-4.7932e-06
0.082764
0.44961
0.17949
-47816
-47.8
0.0743
0.9717
129.43
8.5547
-85.744
1.3907
0.00036436
0.033226
0.021609
0.24511
0.12731
0.74752
0.00052671
0.00032963
6.9716e-06
0.096915
0.11851
0.982
0.0090233
0.080947
0.98716
0.99162
0.0013651
0.004007
0.98703
0.18296
0.0040217
0.16611
4.8413e-06
6.4362e-06
0.5707
12.995
0.93223
12.999
4.2736
12.996
0.0011016
0.018821
0.0062885
0.020893
0.1378
0.12047
0.00091948
0.95962
0.040381
0.54377
0.028682
0.073689
0.35386
1.9174
0.007042
2.6758e-05
0.081913
0.44686
0.22553
-52657
-47.8
0.0743
0.9717
129.43
8.5547
-85.744
1.3903
0.00036326
0.03313
0.021554
0.24486
0.12722
0.74705
0.00052529
0.0003256
6.9716e-06
0.096871
0.11847
0.982
0.0090233
0.080947
0.98716
0.99162
0.0013651
0.004007
0.98703
0.18296
0.0040217
0.16611
4.8205e-06
6.4095e-06
0.57074
12.994
0.9322
12.998
4.2735
12.995
0.0010893
0.018813
0.0062467
0.018783
0.1378
0.12048
0.00091959
0.98205
0.017951
0.67427
0.015927
0.05184
0.25796
1.7613
0.0069198
-5.1316e-05
0.083371
0.45246
0.13935
-43182
-47.8
0.0743
0.9717
129.43
8.5547
-85.744
1.3904
0.00036455
0.03324
0.021574
0.245
0.1272
0.74721
0.00052586
0.00033295
6.9716e-06
0.096778
0.11832
0.982
0.0090233
0.080947
0.98716
0.99162
0.0013651
0.004007
0.98703
0.18296
0.0040217
0.16611
4.8092e-06
6.3987e-06
0.57091
12.991
0.93208
12.994
4.2729
12.991
0.0011103
0.018809
0.00631
0.022801
0.1378
0.12048
0.00091997
0.92933
0.070675
0.44348
0.041003
0.090706
0.42481
2.0174
0.00701
6.8141e-06
0.082496
0.44719
0.29229
-59222
-47.8
0.0743
0.9717
129.43
8.5547
-85.744
1.3904
0.00036487
0.033267
0.021575
0.24503
0.12719
0.74718
0.00052591
0.00033428
6.9716e-06
0.096747
0.11827
0.982
0.0090233
0.080947
0.98716
0.99162
0.0013651
0.004007
0.98703
0.18296
0.0040217
0.16611
4.8038e-06
6.393e-06
0.57096
12.989
0.93203
12.993
4.2727
12.989
0.001114
0.018807
0.0063212
0.022658
0.1378
0.12048
0.00092016
0.93157
0.068431
0.45151
0.040317
0.089328
0.41884
2.0092
0.0070138
9.1994e-06
0.082755
0.44758
0.28643
-58680
-47.8
0.0743
0.9717
129.43
8.5547
-85.744
1.3906
0.00036494
0.033275
0.021597
0.24511
0.12725
0.74735
0.00052644
0.00033332
6.9716e-06
0.096817
0.11836
0.982
0.0090233
0.080947
0.98716
0.99162
0.0013651
0.004007
0.98703
0.18296
0.0040217
0.16611
4.8205e-06
6.4125e-06
0.57086
12.99
0.93208
12.994
4.2729
12.991
0.0011117
0.018813
0.0063162
0.022291
0.1378
0.12048
0.00092018
0.93827
0.06173
0.47002
0.037844
0.086167
0.40597
1.9899
0.0070293
1.8978e-05
0.082599
0.44762
0.27412
-57437
-47.8
0.0743
0.9717
129.43
8.5547
-85.744
1.3907
0.00036438
0.033228
0.021612
0.24514
0.12733
0.74747
0.00052679
0.00032826
6.9716e-06
0.09695
0.11855
0.982
0.0090233
0.080946
0.98716
0.99162
0.0013651
0.004007
0.98703
0.18296
0.0040217
0.16611
4.8462e-06
6.4411e-06
0.57064
12.994
0.93219
12.998
4.2735
12.995
0.0010976
0.018823
0.0062759
0.019442
0.1378
0.12047
0.00092003
0.97595
0.02405
0.63248
0.019903
0.058783
0.28883
1.8127
0.0069815
-1.2014e-05
0.083132
0.4511
0.16571
-46191
-47.8
0.0743
0.9717
129.43
8.5547
-85.744
1.3911
0.00036515
0.033298
0.021671
0.24538
0.12745
0.74794
0.00052827
0.00033005
6.9716e-06
0.097067
0.11869
0.982
0.0090233
0.080946
0.98716
0.99162
0.0013651
0.004007
0.98703
0.18296
0.0040217
0.16611
4.8778e-06
6.4787e-06
0.57048
12.997
0.93228
13.001
4.2739
12.997
0.0011034
0.018836
0.0062973
0.021002
0.1378
0.12045
0.00092003
0.95832
0.041676
0.5378
0.029302
0.074677
0.35822
1.9201
0.0070571
3.6455e-05
0.082046
0.44757
0.22939
-52907
-47.8
0.0743
0.9717
129.43
8.5547
-85.744
1.3909
0.00036431
0.033226
0.021657
0.24529
0.12746
0.74776
0.00052788
0.00032466
6.9716e-06
0.097155
0.11882
0.982
0.0090233
0.080946
0.98716
0.99162
0.0013651
0.004007
0.98703
0.18296
0.0040217
0.16611
4.8861e-06
6.4853e-06
0.57031
13
0.93237
13.004
4.2743
13
0.0010876
0.018841
0.006248
0.0185
0.1378
0.12045
0.00091992
0.98461
0.015389
0.69288
0.014117
0.048743
0.24426
1.7314
0.0069115
-5.6588e-05
0.083611
0.4543
0.12788
-41600
-47.8
0.0743
0.9717
129.43
8.5547
-85.744
1.3914
0.00036559
0.033338
0.021725
0.2456
0.12759
0.74829
0.00052962
0.00032865
6.9716e-06
0.097235
0.1189
0.982
0.0090233
0.080946
0.98716
0.99162
0.0013651
0.004007
0.98703
0.18296
0.0040217
0.16611
4.9149e-06
6.521e-06
0.57022
13.001
0.93241
13.005
4.2745
13.002
0.0011
0.018852
0.0062905
0.020174
0.1378
0.12044
0.00091998
0.96857
0.031432
0.58563
0.024123
0.066615
0.32363
1.8661
0.0070436
2.7686e-05
0.082283
0.44899
0.19722
-49503
-47.8
0.0743
0.9717
129.43
8.5547
-85.744
1.3914
0.00036572
0.033351
0.02174
0.24567
0.12763
0.74837
0.00053001
0.00032809
6.9716e-06
0.097287
0.11896
0.982
0.0090233
0.080946
0.98716
0.99162
0.0013651
0.004007
0.98703
0.18296
0.0040217
0.16611
4.9256e-06
6.5329e-06
0.57013
13.002
0.93245
13.006
4.2746
13.003
0.0010985
0.018857
0.0062867
0.019714
0.1378
0.12043
0.00091997
0.97354
0.026456
0.61448
0.021332
0.061764
0.30242
1.8292
0.007018
1.1318e-05
0.082839
0.45106
0.17741
-47284
-47.8
0.0743
0.9717
129.43
8.5547
-85.744
1.3914
0.00036536
0.03332
0.021736
0.24563
0.12764
0.74831
0.00052988
0.00032605
6.9716e-06
0.097327
0.11903
0.982
0.0090233
0.080946
0.98716
0.99162
0.0013651
0.004007
0.98703
0.18296
0.0040217
0.16611
4.9301e-06
6.5369e-06
0.57006
13.004
0.93249
13.008
4.2748
13.004
0.0010925
0.01886
0.006268
0.019083
0.1378
0.12043
0.00091993
0.97975
0.02025
0.65425
0.017472
0.055132
0.27315
1.7787
0.0069743
-1.6607e-05
0.083253
0.4531
0.15162
-44320
-47.8
0.0743
0.9717
129.43
8.5547
-85.744
1.3914
0.00036536
0.033321
0.021743
0.24565
0.12766
0.74837
0.00053005
0.00032581
6.9716e-06
0.097353
0.11906
0.982
0.0090233
0.080946
0.98716
0.99162
0.0013651
0.004007
0.98703
0.18296
0.0040217
0.16611
4.9359e-06
6.5435e-06
0.57002
13.005
0.93251
13.008
4.2749
13.005
0.0010919
0.018862
0.0062667
0.01915
0.1378
0.12043
0.00091992
0.97918
0.02082
0.64953
0.01784
0.055915
0.27672
1.7845
0.0069826
-1.1267e-05
0.083115
0.45277
0.15472
-44663
