-85.746
1.3906
0.00036702
0.033458
0.021774
0.24566
0.12762
0.74743
0.00053096
0.00033514
6.9698e-06
0.097482
0.11925
0.98195
0.0090219
0.081095
0.98716
0.99163
0.0013647
0.0040066
0.98701
0.18285
0.004021
0.16608
4.9176e-06
6.5058e-06
0.56951
13.05
0.93392
13.053
4.2814
13.05
0.0011166
0.018952
0.0063299
0.022671
0.13782
0.12034
0.00090926
0.93135
0.068648
0.45121
0.040421
0.089362
0.41901
2.0073
0.0069933
-4.1091e-06
0.082934
0.44814
0.28518
-58441
-47.8
0.0743
0.9717
129.43
8.5547
-85.746
1.3906
0.0003667
0.03343
0.021767
0.24562
0.12762
0.7474
0.00053078
0.00033326
6.9698e-06
0.097497
0.11927
0.98195
0.0090219
0.081094
0.98716
0.99163
0.0013647
0.0040066
0.98701
0.18285
0.004021
0.16608
4.9195e-06
6.5078e-06
0.56949
13.049
0.9339
13.053
4.2813
13.049
0.0011113
0.018953
0.0063149
0.021006
0.13782
0.12033
0.00090925
0.95745
0.042554
0.54091
0.02988
0.07414
0.35507
1.9169
0.007006
3.6253e-06
0.082999
0.44887
0.22478
-52487
-47.8
0.0743
0.9717
129.43
8.5547
-85.746
1.3906
0.00036702
0.033458
0.02177
0.24565
0.12761
0.74744
0.00053086
0.00033539
6.9698e-06
0.097471
0.11923
0.98195
0.0090219
0.081093
0.98716
0.99163
0.0013647
0.0040066
0.98701
0.18285
0.004021
0.16608
4.9148e-06
6.5029e-06
0.56954
13.047
0.93384
13.051
4.281
13.047
0.0011172
0.01895
0.0063316
0.023162
0.13782
0.12034
0.0009094
0.92203
0.077975
0.42638
0.043531
0.093611
0.43648
2.0317
0.0069765
-1.4643e-05
0.082978
0.44818
0.30197
-60049
-47.8
0.0743
0.9717
129.43
8.5547
-85.746
1.3907
0.00036692
0.03345
0.021774
0.24567
0.12763
0.74751
0.00053094
0.00033429
6.9698e-06
0.09749
0.11925
0.98195
0.0090219
0.081092
0.98716
0.99163
0.0013647
0.0040066
0.98701
0.18285
0.004021
0.16608
4.9205e-06
6.51e-06
0.56952
13.046
0.93382
13.05
4.2809
13.047
0.0011144
0.018952
0.0063251
0.021744
0.13782
0.12034
0.00090947
0.94696
0.053037
0.49965
0.034469
0.081122
0.38476
1.9596
0.0070132
8.3749e-06
0.082791
0.44812
0.25278
-55280
-47.8
0.0743
0.9717
129.43
8.5547
-85.746
1.3907
0.00036671
0.033431
0.021767
0.24564
0.12762
0.74749
0.00053075
0.00033331
6.9698e-06
0.097488
0.11925
0.98195
0.0090219
0.081091
0.98716
0.99163
0.0013647
0.0040066
0.98701
0.18285
0.004021
0.16608
4.9196e-06
6.509e-06
0.56953
13.045
0.93378
13.049
4.2807
13.045
0.0011116
0.01895
0.0063169
0.021111
0.13782
0.12034
0.00090961
0.95607
0.043929
0.53464
0.030505
0.075202
0.35965
1.9239
0.0070106
6.5834e-06
0.082873
0.44855
0.22919
-52938
-47.8
0.0743
0.9717
129.43
8.5547
-85.746
1.3907
0.00036686
0.033444
0.021758
0.24562
0.12759
0.74746
0.00053056
0.00033498
6.9698e-06
0.097444
0.11919
0.98195
0.0090219
0.08109
0.98716
0.99163
0.0013647
0.0040066
0.98701
0.18285
0.004021
0.16608
4.9099e-06
6.4981e-06
0.5696
13.042
0.9337
13.046
4.2803
13.043
0.0011162
0.018946
0.006329
0.022454
0.13782
0.12034
0.00090988
0.93523
0.064774
0.46233
0.039038
0.087464
0.41117
1.9964
0.0070022
1.5005e-06
0.082907
0.44814
0.27781
-57720
-47.8
0.0743
0.9717
129.43
8.5547
-85.746
1.3906
0.00036675
0.033434
0.021747
0.24557
0.12756
0.74741
0.00053027
0.00033525
6.9698e-06
0.097418
0.11915
0.98195
0.0090219
0.081089
0.98716
0.99163
0.0013647
0.0040066
0.98701
0.18285
0.004021
0.16608
4.903e-06
6.49e-06
0.56964
13.041
0.93364
13.044
4.2801
13.041
0.0011167
0.018942
0.0063293
0.022834
0.13782
0.12035
0.00091012
0.92831
0.071694
0.44288
0.041471
0.090789
0.42486
2.0161
0.0069924
-4.6076e-06
0.082939
0.44803
0.29115
-59016
-47.8
0.0743
0.9717
129.43
8.5547
-85.746
1.3906
0.00036633
0.033398
0.021739
0.24551
0.12756
0.74744
0.00053005
0.00033391
6.9698e-06
0.097439
0.1192
0.98195
0.0090219
0.081088
0.98716
0.99163
0.0013647
0.0040066
0.98701
0.18285
0.004021
0.16608
4.9057e-06
6.4927e-06
0.56961
13.04
0.93363
13.044
4.28
13.041
0.0011127
0.01894
0.0063166
0.02349
0.13782
0.12035
0.0009103
0.91579
0.084208
0.40936
0.045331
0.096548
0.44876
2.05
0.0069714
-1.7859e-05
0.082661
0.44753
0.31471
-61243
-47.8
0.0743
0.9717
129.43
8.5547
-85.746
1.3904
0.00036475
0.033261
0.021697
0.24529
0.12754
0.74712
0.00052892
0.00032584
6.9698e-06
0.097492
0.1193
0.98195
0.0090219
0.081087
0.98716
0.99163
0.0013647
0.0040066
0.98701
0.18285
0.004021
0.16608
4.9063e-06
6.4906e-06
0.5695
13.041
0.93366
13.045
4.2802
13.042
0.0010894
0.018938
0.006245
0.018585
0.13782
0.12035
0.00091032
0.98388
0.016117
0.69118
0.014667
0.048991
0.24516
1.7299
0.0068637
-8.7127e-05
0.084575
0.45623
0.12709
-41469
-47.8
0.0743
0.9717
129.43
8.5547
-85.746
1.3908
0.00036643
0.033407
0.021755
0.24559
0.12761
0.74764
0.00053045
0.00033326
6.9698e-06
0.097473
0.11924
0.98195
0.0090219
0.081087
0.98716
0.99163
0.0013647
0.0040066
0.98701
0.18285
0.004021
0.16608
4.9179e-06
6.5081e-06
0.56958
13.039
0.93357
13.042
4.2798
13.039
0.0011114
0.01894
0.0063155
0.02274
0.13782
0.12035
0.00091074
0.93064
0.069358
0.4466
0.040544
0.090152
0.42271
2.0115
0.007003
2.1395e-06
0.08258
0.44775
0.28918
-58757
-47.8
0.0743
0.9717
129.43
8.5547
-85.746
1.3908
0.00036662
0.033424
0.021754
0.24562
0.1276
0.7476
0.00053044
0.00033354
6.9698e-06
0.097443
0.11918
0.98195
0.0090219
0.081086
0.98716
0.99163
0.0013647
0.0040066
0.98701
0.18285
0.004021
0.16608
4.9136e-06
6.5039e-06
0.56964
13.036
0.93349
13.04
4.2794
13.036
0.0011124
0.018938
0.0063196
0.021249
0.13782
0.12035
0.00091104
0.9543
0.045704
0.52643
0.031285
0.076593
0.36569
1.9331
0.0070225
1.4217e-05
0.082699
0.44807
0.23538
-53549
-47.8
0.0743
0.9717
129.43
8.5547
-85.746
1.3907
0.00036684
0.033442
0.021747
0.24561
0.12756
0.74755
0.00053027
0.00033543
6.9699e-06
0.097396
0.11911
0.98195
0.0090219
0.081085
0.98716
0.99163
0.0013647
0.0040066
0.98701
0.18284
0.004021
0.16608
4.9032e-06
6.4923e-06
0.56971
13.033
0.93341
13.037
4.279
13.034
0.0011174
0.018932
0.0063329
0.023545
0.13782
0.12036
0.00091142
0.91425
0.085748
0.40742
0.045905
0.096864
0.44981
2.05
0.006968
-1.9958e-05
0.082996
0.4483
0.31516
-61274
-47.8
0.0743
0.9717
129.43
8.5547
-85.746
1.3908
0.00036647
0.033411
0.02175
0.24562
0.1276
0.74762
0.00053033
0.00033256
6.9699e-06
0.097441
0.11918
0.98195
0.0090219
0.081084
0.98716
0.99163
0.0013647
0.0040066
0.98701
0.18284
0.004021
0.16608
4.9144e-06
6.5055e-06
0.56966
13.033
0.93341
13.037
4.279
13.034
0.0011097
0.018933
0.0063125
0.020858
0.13782
0.12035
0.00091158
0.95957
0.040433
0.54914
0.028859
0.07274
0.34927
1.9058
0.0070144
9.0024e-06
0.08304
0.44945
0.21931
-51844
-47.8
0.0743
0.9717
129.43
8.5547
-85.746
1.3909
0.00036645
0.033411
0.021757
0.24564
0.12762
0.74771
0.0005305
0.00033199
6.9699e-06
0.097462
0.1192
0.98195
0.0090219
0.081083
0.98716
0.99163
0.0013647
0.0040066
0.98701
0.18284
0.004021
0.16608
4.9207e-06
6.5132e-06
0.56963
13.033
0.93339
13.036
4.2789
13.033
0.0011083
0.018932
0.0063093
0.02065
0.13782
0.12036
0.00091183
0.96231
0.037693
0.56144
0.027519
0.070655
0.34039
1.8901
0.0070084
5.1375e-06
0.083229
0.45033
0.2106
-50888
-47.8
0.0743
0.9717
129.43
8.5547
-85.746
1.391
0.00036671
0.033433
0.021764
0.24568
0.12762
0.74783
0.00053067
0.00033366
6.9699e-06
0.097451
0.11918
0.98195
0.0090219
0.081083
0.98716
0.99163
0.0013647
0.0040066
0.98701
0.18284
0.004021
0.16608
4.9208e-06
6.5141e-06
0.56966
13.031
0.93334
13.035
4.2787
13.031
0.0011131
0.018929
0.0063234
0.022381
0.13782
0.12036
0.00091216
0.93694
0.063062
0.46536
0.038332
0.086936
0.40937
1.9911
0.0070148
9.6313e-06
0.082706
0.4483
0.27605
-57460
-47.8
0.0743
0.9717
129.43
8.5547
-85.746
1.3908
0.00036568
0.033343
0.021729
0.24551
0.12758
0.74759
0.00052976
0.00032894
6.9699e-06
0.09745
0.1192
0.98195
0.0090219
0.081082
0.98716
0.99163
0.0013647
0.0040066
0.98701
0.18284
0.004021
0.16608
4.9149e-06
6.506e-06
0.56965
13.03
0.93331
13.034
4.2786
13.03
0.0010994
0.018924
0.0062813
0.019544
0.13782
0.12036
0.00091236
0.97501
0.024993
0.62916
0.020532
0.059286
0.29102
1.8072
0.00695
-3.2188e-05
0.084087
0.454
0.16527
-45895
-47.8
0.0743
0.9717
129.43
8.5547
-85.746
1.3908
0.00036605
0.033375
0.021731
0.24555
0.12757
0.74766
0.00052983
0.00033142
6.9699e-06
0.097393
0.11912
0.98195
0.0090219
0.081081
0.98716
0.99163
0.0013647
0.0040066
0.98701
0.18284
0.004021
0.16608
4.9082e-06
6.5e-06
0.56976
13.027
0.93321
13.031
4.2781
13.027
0.0011066
0.018919
0.0063037
0.020706
0.13781
0.12037
0.00091276
0.96167
0.038326
0.55744
0.027806
0.071337
0.34342
1.896
0.007015
9.3689e-06
0.082976
0.44965
0.21387
-51254
-47.8
0.0743
0.9717
129.43
8.5547
-85.746
1.3908
0.00036643
0.033406
0.021717
0.24552
0.1275
0.74757
0.0005295
0.00033476
6.9699e-06
0.097291
0.11897
0.98195
0.0090219
0.081081
0.98716
0.99163
0.0013647
0.0040066
0.98701
0.18284
0.004021
0.16608
4.8884e-06
6.4783e-06
0.56993
13.023
0.93308
13.026
4.2775
13.023
0.0011158
0.018909
0.0063289
0.022974
0.13781
0.12038
0.00091323
0.92585
0.074147
0.43552
0.042256
0.092042
0.43018
2.0219
0.006994
-3.4775e-06
0.082882
0.44822
0.29619
-59474
-47.8
0.0743
0.9717
129.43
8.5547
-85.746
1.3906
0.00036606
0.033374
0.021697
0.24545
0.12747
0.74744
0.00052899
0.00033327
6.9699e-06
0.097254
0.11892
0.98195
0.0090219
0.08108
0.98716
0.99163
0.0013647
0.0040066
0.98701
0.18284
0.004021
0.16608
4.8804e-06
6.4693e-06
0.56999
13.02
0.933
13.024
4.2772
13.021
0.0011116
0.018904
0.0063167
0.021044
0.13781
0.12038
0.00091352
0.95698
0.043017
0.53837
0.030078
0.074576
0.35698
1.9207
0.0070214
1.3496e-05
0.082843
0.44845
0.22728
-52767
-47.8
0.0743
0.9717
129.43
8.5547
-85.746
1.3907
0.00036631
0.033396
0.021697
0.24546
0.12745
0.74746
0.00052899
0.00033503
6.9699e-06
0.097219
0.11887
0.98195
0.0090219
0.081079
0.98716
0.99163
0.0013647
0.0040066
0.98701
0.18284
0.004021
0.16608
4.8747e-06
6.4633e-06
0.57005
13.018
0.93294
13.022
4.2769
13.018
0.0011165
0.018899
0.0063307
0.022626
0.13781
0.12039
0.00091387
0.93217
0.067831
0.45349
0.040135
0.088971
0.41741
2.0047
0.0070048
3.273e-06
0.082932
0.44824
0.284
-58332
-47.8
0.0743
0.9717
129.43
8.5547
-85.746
1.3908
0.00036634
0.033399
0.021708
0.24551
0.12748
0.74758
0.00052926
0.00033442
6.9699e-06
0.09725
0.11891
0.98195
0.0090219
0.081079
0.98716
0.99163
0.0013647
0.0040066
0.98701
0.18284
0.004021
0.16608
4.8833e-06
6.4738e-06
0.57001
13.018
0.93293
13.022
4.2768
13.018
0.001115
0.0189
0.0063279
0.021987
0.13781
0.12039
0.00091407
0.94316
0.056843
0.48669
0.036013
0.083315
0.39398
1.9716
0.0070208
1.3372e-05
0.082835
0.44829
0.2617
-56152
-47.8
0.0743
0.9717
129.43
8.5547
-85.746
1.3909
0.00036612
0.033381
0.021721
0.24554
0.12754
0.74773
0.00052956
0.00033231
6.9699e-06
0.097319
0.11901
0.98195
0.009022
0.081078
0.98716
0.99163
0.0013647
0.0040066
0.98701
0.18284
0.004021
0.16608
4.8991e-06
6.492e-06
0.56991
13.019
0.93296
13.023
4.277
13.019
0.0011094
0.018903
0.0063129
0.021098
0.13781
0.12039
0.00091419
0.95656
0.043441
0.53435
0.030222
0.075253
0.36018
1.9238
0.0070277
1.7545e-05
0.082578
0.44822
0.2302
-53016
-47.8
0.0743
0.9717
129.43
8.5547
-85.746
1.3909
0.00036553
0.03333
0.021711
0.24548
0.12754
0.74769
0.0005293
0.00032901
6.9699e-06
0.097364
0.11908
0.98195
0.009022
0.081078
0.98716
0.99163
0.0013647
0.0040066
0.98701
0.18284
0.004021
0.16608
4.9047e-06
6.4974e-06
0.56983
13.02
0.93299
13.023
4.2771
13.02
0.0010998
0.018903
0.0062839
0.019616
0.13781
0.12039
0.00091432
0.9743
0.025699
0.62432
0.020954
0.060094
0.29463
1.813
0.0069594
-2.6167e-05
0.08396
0.45368
0.1685
-46271
-47.8
0.0743
0.9717
129.43
8.5547
-85.746
1.3911
0.00036599
0.033371
0.021731
0.24557
0.12757
0.74792
0.00052981
0.0003315
6.9699e-06
0.097365
0.11908
0.98195
0.009022
0.081077
0.98716
0.99163
0.0013647
0.0040066
0.98701
0.18284
0.004021
0.16608
4.9107e-06
6.5058e-06
0.56985
13.019
0.93295
13.022
4.2769
13.019
0.0011072
0.018902
0.0063076
0.021545
0.13781
0.12039
0.0009146
0.95061
0.049392
0.50872
0.032813
0.079581
0.37889
1.9486
0.0070341
2.1785e-05
0.082309
0.44787
0.24762
-54689
-47.8
0.0743
0.9717
129.43
8.5547
-85.746
1.3907
0.00036478
0.033265
0.021676
0.24532
0.12749
0.7475
0.00052839
0.00032665
6.9699e-06
0.097323
0.11904
0.98195
0.009022
0.081077
0.98716
0.99163
0.0013647
0.0040066
0.98701
0.18284
0.004021
0.16608
4.8923e-06
6.4825e-06
0.56989
13.017
0.9329
13.021
4.2767
13.017
0.0010928
0.018892
0.0062606
0.018917
0.13781
0.1204
0.0009148
0.98108
0.018922
0.66881
0.016623
0.052694
0.26187
1.7576
0.0069066
-5.9748e-05
0.084313
0.45551
0.14064
-43076
-47.8
0.0743
0.9717
129.43
8.5547
-85.746
1.3908
0.00036564
0.033339
0.02169
0.24542
0.12747
0.74768
0.00052877
0.00033179
6.9699e-06
0.097231
0.1189
0.98195
0.009022
0.081076
0.98716
0.99163
0.0013647
0.0040066
0.98701
0.18284
0.004021
0.16608
4.8837e-06
6.4759e-06
0.57008
13.013
0.93277
13.016
4.2761
13.013
0.0011078
0.018885
0.0063078
0.021289
0.13781
0.1204
0.00091525
0.95407
0.045928
0.523
0.031316
0.077175
0.36851
1.9362
0.0070316
2.0114e-05
0.082343
0.44768
0.23818
-53833
-47.8
0.0743
0.9717
129.43
8.5547
-85.746
1.3907
0.00036556
0.03333
0.021656
0.24531
0.12738
0.74746
0.00052794
0.00033315
6.9699e-06
0.0971
0.11873
0.98195
0.009022
0.081076
0.98716
0.99163
0.0013647
0.0040066
0.98701
0.18284
0.004021
0.16608
4.8572e-06
6.4465e-06
0.57029
13.008
0.93261
13.011
4.2754
13.008
0.0011114
0.018872
0.0063165
0.021487
0.13781
0.12042
0.00091568
0.9509
0.0491
0.51301
0.03277
0.078868
0.37535
1.9473
0.0070266
1.6954e-05
0.082582
0.44778
0.24458
-54534
-47.8
0.0743
0.9717
129.43
8.5547
-85.746
1.3904
0.00036516
0.033294
0.021611
0.24513
0.12727
0.74715
0.0005268
0.00033374
6.9699e-06
0.096967
0.11856
0.98195
0.009022
0.081075
0.98716
0.99163
0.0013647
0.0040066
0.98701
0.18283
0.004021
0.16608
4.828e-06
6.4131e-06
0.5705
13.003
0.93247
13.007
4.2747
13.003
0.0011126
0.018857
0.0063172
0.021865
0.13781
0.12043
0.0009161
0.94498
0.055019
0.49294
0.035271
0.082277
0.38951
1.9688
0.0070218
1.3999e-05
0.082654
0.4475
0.25819
-55931
-47.8
0.0743
0.9717
129.43
8.5547
-85.746
1.3902
0.00036484
0.033264
0.021571
0.24498
0.12717
0.7469
0.00052581
0.00033454
6.9699e-06
0.096853
0.11841
0.98195
0.009022
0.081075
0.98716
0.99163
0.0013647
0.0040066
0.98701
0.18283
0.004021
0.16608
4.8022e-06
6.3835e-06
0.57068
12.999
0.93234
13.002
4.2741
12.999
0.0011143
0.018843
0.0063191
0.022814
0.13781
0.12045
0.0009165
0.92854
0.071459
0.44374
0.041379
0.09067
0.42422
2.0188
0.0069977
-1.1778e-06
0.082761
0.44725
0.29156
-59215
-47.8
0.0743
0.9717
129.43
8.5547
-85.746
1.3901
0.00036469
0.03325
0.021555
0.24491
0.12713
0.74681
0.00052541
0.00033474
6.9699e-06
0.096806
0.11836
0.98195
0.009022
0.081075
0.98716
0.99163
0.0013647
0.0040066
0.98701
0.18283
0.004021
0.16608
4.7924e-06
6.3724e-06
0.57075
12.997
0.93227
13
4.2738
12.997
0.0011146
0.018836
0.0063189
0.023372
0.1378
0.12045
0.0009168
0.91758
0.082415
0.41583
0.044902
0.09546
0.44381
2.0471
0.0069759
-1.4919e-05
0.082782
0.44712
0.3107
-61063
-47.8
0.0743
0.9717
129.43
8.5547
-85.746
1.3902
0.00036468
0.03325
0.021571
0.24498
0.12718
0.74698
0.0005258
0.00033356
6.9699e-06
0.096852
0.11842
0.98195
0.009022
0.081074
0.98716
0.99163
0.0013647
0.0040066
0.98701
0.18283
0.004021
0.16608
4.8056e-06
6.3885e-06
0.57069
12.997
0.93228
13.001
4.2739
12.997
0.0011117
0.018839
0.0063131
0.022069
0.1378
0.12045
0.00091694
0.94169
0.058313
0.48197
0.03657
0.084149
0.39731
1.981
0.0070212
1.3632e-05
0.082592
0.44717
0.26597
-56725
-47.8
0.0743
0.9717
129.43
8.5547
-85.746
1.3904
0.00036473
0.033256
0.02159
0.24506
0.12724
0.74713
0.00052627
0.00033227
6.9699e-06
0.096918
0.1185
0.98195
0.009022
0.081074
0.98716
0.99163
0.0013647
0.0040066
0.98701
0.18283
0.004021
0.16608
4.821e-06
6.4064e-06
0.5706
12.998
0.93232
13.002
4.274
12.999
0.0011084
0.018844
0.0063051
0.020998
0.1378
0.12044
0.00091706
0.9576
0.042404
0.54014
0.029756
0.074301
0.3558
1.9224
0.0070282
1.7885e-05
0.082526
0.44745
0.22712
-52869
-47.8
0.0743
0.9717
129.43
8.5547
-85.746
1.3906
0.00036528
0.033304
0.02162
0.24518
0.12729
0.74737
0.00052703
0.00033408
6.9699e-06
0.096972
0.11856
0.98195
0.009022
0.081073
0.98716
0.99163
0.0013647
0.0040066
0.98701
0.18283
0.004021
0.16608
4.8342e-06
6.4218e-06
0.57052
12.999
0.93234
13.003
4.2741
12.999
0.0011136
0.018847
0.006321
0.023085
0.1378
0.12044
0.00091725
0.92373
0.076275
0.4297
0.042921
0.093056
0.43433
2.0297
0.0069947
-2.951e-06
0.08273
0.44771
0.30086
-60010
-47.8
0.0743
0.9717
129.43
8.5547
-85.746
1.3908
0.00036492
0.033276
0.021645
0.24525
0.12739
0.74762
0.00052763
0.00033048
6.9699e-06
0.097104
0.11875
0.98195
0.009022
0.081073
0.98716
0.99163
0.0013647
0.0040066
0.98701
0.18283
0.004021
0.16608
4.863e-06
6.4548e-06
0.57031
13.002
0.93245
13.006
4.2746
13.003
0.001104
0.018857
0.0062955
0.020996
0.13781
0.12043
0.00091725
0.95814
0.04186
0.53886
0.029423
0.074509
0.35721
1.9214
0.0070415
2.64e-05
0.082174
0.44733
0.22843
-52878
-47.8
0.0743
0.9717
129.43
8.5547
-85.746
1.3906
0.00036353
0.033156
0.021615
0.24507
0.12738
0.74739
0.00052681
0.00032354
6.9699e-06
0.097186
0.11889
0.98195
0.009022
0.081073
0.98716
0.99163
0.0013647
0.0040066
0.98701
0.18283
0.004021
0.16608
4.8691e-06
6.4586e-06
0.57015
13.005
0.93252
13.009
4.275
13.005
0.0010837
0.018857
0.006232
0.018588
0.13781
0.12043
0.00091725
0.98398
0.016021
0.68817
0.014582
0.049501
0.24774
1.7341
0.0068995
-6.4285e-05
0.083907
0.45519
0.12984
-41791
-47.8
0.0743
0.9717
129.43
8.5547
-85.746
1.3907
0.00036392
0.03319
0.021627
0.24514
0.1274
0.74749
0.00052713
0.00032515
6.9699e-06
0.097179
0.11887
0.98195
0.009022
0.081073
0.98716
0.99163
0.0013648
0.0040066
0.98701
0.18283
0.004021
0.16608
4.8711e-06
6.4619e-06
0.57018
13.004
0.93249
13.007
4.2748
13.004
0.0010885
0.018857
0.0062474
0.019012
0.1378
0.12043
0.00091753
0.9803
0.019699
0.66062
0.017126
0.054066
0.26819
1.7699
0.0069395
-3.8798e-05
0.083741
0.45411
0.14676
-43793
-47.8
0.0743
0.9717
129.43
8.5547
-85.746
1.3909
0.00036547
0.033323
0.021659
0.24534
0.1274
0.74773
0.000528
0.00033284
6.9699e-06
0.097092
0.11872
0.98195
0.009022
0.081072
0.98716
0.99163
0.0013648
0.0040066
0.98701
0.18283
0.004021
0.16608
4.8638e-06
6.4566e-06
0.57034
12.999
0.93236
13.003
4.2742
13
0.0011106
0.018853
0.0063153
0.022694
0.1378
0.12044
0.00091801
0.93154
0.068464
0.44878
0.040222
0.089777
0.42122
2.0087
0.0070227
1.4833e-05
0.082535
0.44786
0.28838
-58702
-47.8
0.0743
0.9717
129.43
8.5547
-85.746
1.3908
0.0003653
0.033309
0.021645
0.2453
0.12737
0.74758
0.00052764
0.00033174
6.9699e-06
0.097055
0.11866
0.98195
0.009022
0.081072
0.98716
0.99163
0.0013648
0.0040066
0.98701
0.18283
0.0040211
0.16608
4.8562e-06
6.4482e-06
0.57041
12.997
0.93229
13.001
4.2739
12.998
0.0011076
0.01885
0.0063065
0.020595
0.1378
0.12044
0.00091827
0.96298
0.037017
0.56399
0.027156
0.070245
0.33861
1.8903
0.0070343
2.173e-05
0.08299
0.44954
0.21045
-50956
-47.8
0.0743
0.9717
129.43
8.5547
-85.746
1.3908
0.00036554
0.033329
0.021648
0.24533
0.12737
0.74764
0.00052773
0.00033348
6.9699e-06
0.097031
0.11863
0.98195
0.009022
0.081072
0.98716
0.99163
0.0013648
0.0040066
0.98701
0.18283
0.0040211
0.16608
4.8537e-06
6.446e-06
0.57045
12.996
0.93224
13
4.2737
12.996
0.0011125
0.018846
0.0063207
0.02259
0.1378
0.12044
0.00091856
0.93321
0.066788
0.4545
0.039679
0.088798
0.41702
2.003
0.0070287
1.8641e-05
0.082662
0.44804
0.28449
-58332
-47.8
0.0743
0.9717
129.43
8.5547
-85.746
1.3907
0.00036468
0.033255
0.021631
0.24523
0.12737
0.7475
0.00052726
0.00032847
6.97e-06
0.097075
0.11871
0.98195
0.0090221
0.081072
0.98716
0.99163
0.0013648
0.0040066
0.98701
0.18283
0.0040211
0.16608
4.8588e-06
6.4508e-06
0.57037
12.997
0.93227
13.001
4.2738
12.997
0.0010982
0.018846
0.0062781
0.019406
0.1378
0.12044
0.00091863
0.97637
0.023625
0.63716
0.019678
0.057967
0.28519
1.7996
0.0069744
-1.655e-05
0.083932
0.45364
0.16144
-45513
-47.8
0.0743
0.9717
129.43
8.5547
-85.746
1.391
0.00036551
0.033329
0.021673
0.24542
0.12744
0.74787
0.00052834
0.00033135
6.97e-06
0.09711
0.11873
0.98195
0.0090221
0.081071
0.98716
0.99163
0.0013648
0.0040066
0.98701
0.18283
0.0040211
0.16608
4.8753e-06
6.472e-06
0.57035
12.997
0.93227
13.001
4.2738
12.997
0.001107
0.018851
0.0063079
0.020896
0.1378
0.12044
0.00091884
0.95941
0.040592
0.5452
0.028854
0.073422
0.35252
1.9117
0.0070562
3.5795e-05
0.082478
0.44836
0.22401
-52335
-47.8
0.0743
0.9717
129.43
8.5547
-85.746
1.3911
0.00036566
0.033342
0.021684
0.24547
0.12747
0.74797
0.00052864
0.00033167
6.97e-06
0.097137
0.11877
0.98195
0.0090221
0.081071
0.98716
0.99163
0.0013648
0.0040066
0.98701
0.18283
0.0040211
0.16608
4.8821e-06
6.4799e-06
0.57031
12.997
0.93228
13.001
4.2739
12.997
0.001108
0.018853
0.0063112
0.02132
0.1378
0.12044
0.000919
0.95376
0.046245
0.52119
0.031452
0.077476
0.36989
1.9359
0.0070634
4.0446e-05
0.082365
0.4481
0.24024
-53932
-47.8
0.0743
0.9717
129.43
8.5547
-85.746
1.3908
0.00036453
0.033244
0.021649
0.24529
0.12744
0.74765
0.00052771
0.00032605
6.97e-06
0.097174
0.11884
0.98195
0.0090221
0.081071
0.98716
0.99163
0.0013648
0.0040066
0.98701
0.18283
0.0040211
0.16608
4.8788e-06
6.4731e-06
0.57022
12.998
0.93231
13.002
4.274
12.999
0.0010914
0.018851
0.0062585
0.018685
0.1378
0.12044
0.00091902
0.98312
0.016877
0.68357
0.015202
0.050261
0.25097
1.7387
0.0069268
-4.6868e-05
0.084315
0.45593
0.13266
-42087
-47.8
0.0743
0.9717
129.43
8.5547
-85.746
1.3913
0.0003659
0.033364
0.021712
0.24558
0.12754
0.74818
0.00052932
0.00033132
6.97e-06
0.097214
0.11886
0.98195
0.0090221
0.081071
0.98716
0.99163
0.0013648
0.0040066
0.98701
0.18283
0.0040211
0.16608
4.9004e-06
6.5012e-06
0.57019
12.998
0.93231
13.002
4.274
12.999
0.0011073
0.018858
0.0063109
0.021248
0.1378
0.12043
0.00091923
0.95491
0.045086
0.52494
0.030915
0.076837
0.36731
1.9308
0.0070711
4.539e-05
0.082323
0.44828
0.23786
-53635
-47.8
0.0743
0.9717
129.43
8.5547
-85.746
1.3913
0.00036568
0.033345
0.021716
0.24559
0.12756
0.74819
0.00052942
0.00032924
6.97e-06
0.097263
0.11893
0.98195
0.0090221
0.081071
0.98716
0.99163
0.0013648
0.0040066
0.98701
0.18283
0.0040211
0.16608
4.9095e-06
6.5111e-06
0.57011
12.999
0.93235
13.003
4.2742
13
0.0011015
0.018861
0.006294
0.020079
0.1378
0.12043
0.00091927
0.96953
0.030471
0.59398
0.023667
0.065175
0.31718
1.8497
0.0070399
2.5281e-05
0.083208
0.45167
0.19031
-48576
-47.8
0.0743
0.9717
129.43
8.5547
-85.746
1.3912
0.00036506
0.033292
0.021701
0.24551
0.12756
0.74803
0.00052901
0.00032591
6.97e-06
0.097303
0.119
0.98195
0.0090221
0.081071
0.98716
0.99163
0.0013648
0.0040066
0.98701
0.18283
0.0040211
0.16608
4.9112e-06
6.5111e-06
0.57003
13.001
0.93239
13.004
4.2743
13.001
0.0010916
0.018862
0.0062628
0.018772
0.1378
0.12043
0.00091928
0.98249
0.017508
0.67734
0.015643
0.051282
0.25573
1.7444
0.0069466
-3.4247e-05
0.084216
0.45601
0.13646
-42450
-47.8
0.0743
0.9717
129.43
8.5547
-85.746
1.3915
0.00036617
0.03339
0.021754
0.24575
0.12765
0.74848
0.00053038
0.00032997
6.97e-06
0.097345
0.11903
0.98195
0.0090221
0.081071
0.98716
0.99163
0.0013648
0.0040066
0.98701
0.18283
0.0040211
0.16608
4.9311e-06
6.5366e-06
0.56999
13.001
0.9324
13.005
4.2744
13.001
0.001104
0.018869
0.0063041
0.020644
0.1378
0.12042
0.0009194
0.96302
0.036984
0.55924
0.02706
0.071029
0.34268
1.8907
0.0070725
4.6147e-05
0.082579
0.44969
0.21446
-51125
-47.8
0.0743
0.9717
129.43
8.5547
-85.746
1.3914
0.00036573
0.033352
0.021746
0.2457
0.12765
0.74838
0.00053014
0.00032735
6.97e-06
0.09738
0.11909
0.98195
0.0090221
0.081071
0.98716
0.99163
0.0013648
0.0040066
0.98701
0.18283
0.0040211
0.16608
4.934e-06
6.5385e-06
0.56992
13.002
0.93243
13.006
4.2746
13.002
0.0010963
0.01887
0.0062801
0.019373
0.1378
0.12042
0.00091939
0.97706
0.022941
0.63812
0.019233
0.057784
0.28487
1.793
0.0070029
1.6192e-06
0.083798
0.4544
0.16107
-45244
-47.8
0.0743
0.9717
129.43
8.5547
-85.746
1.3914
0.0003655
0.033332
0.021745
0.24568
0.12766
0.74837
0.0005301
0.00032604
6.97e-06
0.097411
0.11914
0.98195
0.0090221
0.081071
0.98716
0.99163
0.0013648
0.0040066
0.98701
0.18283
0.0040211
0.16608
4.9385e-06
6.543e-06
0.56987
13.003
0.93246
13.007
4.2747
13.003
0.0010926
0.018872
0.0062686
0.019079
0.1378
0.12042
0.00091938
0.97989
0.020106
0.65657
0.0174
0.054717
0.27132
1.7695
0.006983
-1.103e-05
0.083894
0.45518
0.14944
-43893
-47.8
0.0743
0.9717
129.43
8.5547
-85.746
1.3916
0.00036577
0.033356
0.02176
0.24575
0.12769
0.7485
0.00053049
0.00032688
6.97e-06
0.097429
0.11915
0.98195
0.0090221
0.081071
0.98716
0.99163
0.0013648
0.0040066
0.98701
0.18283
0.0040211
0.16608
4.9451e-06
6.5512e-06
0.56985
13.003
0.93247
13.007
4.2747
13.004
0.0010951
0.018874
0.0062775
0.019425
0.1378
0.12042
0.0009194
0.97664
0.023365
0.63425
0.019489
0.058425
0.28783
1.7973
0.0070117
7.2562e-06
0.083632
0.45413
0.16371
-45507
