-85.705
1.3862
0.00037787
0.034378
0.021596
0.24621
0.12658
0.74239
0.00052698
0.00039523
7.016e-06
0.098369
0.12018
0.97969
0.0090964
0.085406
0.98707
0.99164
0.0013741
0.0040162
0.98592
0.17999
0.0040235
0.16742
4.6363e-06
6.026e-06
0.56517
13.045
0.93379
13.048
4.2808
13.045
0.0012911
0.019484
0.0068531
0.0035649
0.13793
0.1198
0.00085351
0.93192
0.068076
0.5215
0.048506
0.062623
0.36737
1.821
0.004486
-0.0016299
0.097638
0.49097
-5.2969
-1.7948e+10
-47.8
0.0743
0.9717
129.43
8.5547
-85.705
1.3861
0.00037861
0.034442
0.021595
0.24625
0.12654
0.74227
0.000527
0.00039955
7.016e-06
0.098284
0.12006
0.97969
0.0090964
0.085405
0.98707
0.99164
0.0013741
0.0040162
0.98592
0.17998
0.0040235
0.16742
4.6207e-06
6.009e-06
0.56529
13.041
0.93368
13.045
4.2802
13.041
0.0013047
0.019474
0.0068901
0.028949
0.13793
0.11981
0.00085377
0.86192
0.13808
0.40447
0.077989
0.076353
0.44119
1.9611
0.0043181
-0.0017446
0.097318
0.48912
-4.2604
-2.8604e+05
-47.8
0.0743
0.9717
129.43
8.5547
-85.705
1.386
0.00037851
0.034432
0.021574
0.24617
0.12648
0.74207
0.00052648
0.00040017
7.016e-06
0.098229
0.11998
0.97969
0.0090964
0.085404
0.98707
0.99164
0.0013741
0.0040162
0.98592
0.17998
0.0040235
0.16742
4.6065e-06
5.9921e-06
0.56536
13.039
0.93359
13.042
4.2798
13.039
0.0013059
0.019468
0.0068919
0.026815
0.13793
0.11981
0.00085387
0.86927
0.13073
0.41471
0.075356
0.075181
0.43475
1.949
0.0043324
-0.0017347
0.097478
0.48929
-4.327
-6.565e+05
-47.8
0.0743
0.9717
129.43
8.5547
-85.705
1.3859
0.00037831
0.034413
0.021563
0.24613
0.12646
0.742
0.0005262
0.00039979
7.016e-06
0.098219
0.11997
0.97969
0.0090964
0.085403
0.98707
0.99164
0.0013741
0.0040162
0.98592
0.17998
0.0040235
0.16742
4.6026e-06
5.9875e-06
0.56538
13.037
0.93355
13.041
4.2797
13.038
0.0013034
0.019468
0.0068847
0.019204
0.13793
0.11981
0.00085387
0.89431
0.10569
0.45157
0.065598
0.070943
0.41189
1.9045
0.0043868
-0.0016974
0.097671
0.48994
-4.5723
-2.1442e+07
-47.8
0.0743
0.9717
129.43
8.5547
-85.705
1.3861
0.00037869
0.034449
0.021583
0.24623
0.1265
0.74218
0.00052671
0.00040038
7.016e-06
0.098236
0.11998
0.97969
0.0090964
0.085402
0.98707
0.99164
0.0013741
0.0040162
0.98592
0.17998
0.0040235
0.16742
4.6106e-06
5.9978e-06
0.56538
13.036
0.93353
13.04
4.2795
13.037
0.0013071
0.01947
0.0068964
0.028516
0.13793
0.11981
0.00085389
0.86209
0.13791
0.40526
0.077979
0.076255
0.44051
1.9599
0.0043189
-0.0017441
0.097474
0.4893
-4.2711
-3.0579e+05
-47.8
0.0743
0.9717
129.43
8.5547
-85.705
1.3864
0.00037884
0.034463
0.021614
0.24636
0.12658
0.74253
0.00052748
0.0003993
7.016e-06
0.098318
0.12008
0.97969
0.0090964
0.085401
0.98707
0.99164
0.0013741
0.0040162
0.98592
0.17998
0.0040235
0.16742
4.6329e-06
6.0247e-06
0.56529
13.037
0.93356
13.041
4.2797
13.038
0.0013044
0.01948
0.0068916
0.026578
0.13793
0.1198
0.00085376
0.86906
0.13094
0.41341
0.075342
0.075364
0.43588
1.9486
0.0043338
-0.0017337
0.097352
0.48955
-4.3382
-6.5401e+05
-47.8
0.0743
0.9717
129.43
8.5547
-85.705
1.3866
0.00037789
0.034383
0.021621
0.24634
0.12666
0.7428
0.00052761
0.00039288
7.016e-06
0.098444
0.12025
0.97969
0.0090964
0.0854
0.98707
0.99164
0.0013741
0.0040162
0.98592
0.17998
0.0040235
0.16742
4.6586e-06
6.0543e-06
0.56513
13.04
0.93364
13.044
4.2801
13.04
0.0012853
0.019497
0.0068408
-0.011944
0.13793
0.11979
0.00085342
0.94677
0.053228
0.55766
0.040664
0.058177
0.3435
1.7769
0.0045344
-0.0015971
0.097596
0.49174
-7.1043
-5.9155e+11
-47.8
0.0743
0.9717
129.43
8.5547
-85.705
1.3868
0.00037807
0.034399
0.021639
0.24643
0.12671
0.74297
0.00052804
0.00039229
7.016e-06
0.098471
0.12028
0.97969
0.0090964
0.085399
0.98707
0.99164
0.0013741
0.0040162
0.98592
0.17998
0.0040235
0.16742
4.6692e-06
6.0676e-06
0.56512
13.039
0.93362
13.043
4.28
13.04
0.0012842
0.019501
0.0068393
-0.020369
0.13793
0.11978
0.00085342
0.95181
0.048193
0.57202
0.037822
0.056381
0.33378
1.7589
0.0045524
-0.0015849
0.097666
0.4922
-8.1154
-2.4486e+12
-47.8
0.0743
0.9717
129.43
8.5547
-85.705
1.387
0.00037962
0.034537
0.021686
0.2467
0.12676
0.74327
0.00052927
0.0003987
7.016e-06
0.098423
0.12018
0.97969
0.0090964
0.085398
0.98707
0.99164
0.0013741
0.0040162
0.98592
0.17998
0.0040235
0.16742
4.6743e-06
6.0771e-06
0.56523
13.036
0.93351
13.04
4.2795
13.036
0.0013053
0.019493
0.0069017
0.046057
0.13793
0.11979
0.00085383
0.78224
0.21776
0.3204
0.10313
0.085559
0.49091
2.0651
0.0041908
-0.0018328
0.096898
0.48864
-3.7258
-69227
-47.8
0.0743
0.9717
129.43
8.5547
-85.705
1.3869
0.00037815
0.034407
0.021645
0.24647
0.12672
0.7431
0.00052819
0.00039256
7.016e-06
0.098469
0.12027
0.97969
0.0090964
0.085397
0.98707
0.99164
0.0013741
0.0040162
0.98592
0.17998
0.0040235
0.16742
4.6728e-06
6.073e-06
0.56515
13.037
0.93355
13.041
4.2796
13.037
0.0012852
0.0195
0.0068431
-0.01321
0.13793
0.11978
0.00085362
0.94737
0.052626
0.55859
0.040316
0.05807
0.34302
1.774
0.0045374
-0.0015951
0.097579
0.49206
-7.2441
-7.1996e+11
-47.8
0.0743
0.9717
129.43
8.5547
-85.705
1.3867
0.00037725
0.034328
0.021606
0.24628
0.12666
0.74288
0.0005272
0.00038966
7.016e-06
0.098445
0.12026
0.97969
0.0090964
0.085396
0.98707
0.99164
0.0013741
0.0040162
0.98592
0.17998
0.0040235
0.16742
4.6606e-06
6.0578e-06
0.56517
13.036
0.9335
13.039
4.2794
13.036
0.0012764
0.019497
0.0068164
-0.052371
0.13793
0.11978
0.00085368
0.96138
0.038617
0.60263
0.032088
0.052482
0.3128
1.7246
0.0045843
-0.0015634
0.097386
0.49196
-10.703
-3.6537e+13
-47.8
0.0743
0.9717
129.43
8.5547
-85.705
1.3865
0.00037857
0.03444
0.021603
0.24634
0.12657
0.74266
0.00052717
0.00039837
7.016e-06
0.098275
0.12001
0.97969
0.0090964
0.085395
0.98707
0.99164
0.0013741
0.0040162
0.98592
0.17998
0.0040235
0.16742
4.6305e-06
6.0246e-06
0.56542
13.029
0.9333
13.033
4.2785
13.029
0.0013013
0.019473
0.0068844
0.019833
0.13793
0.11981
0.00085443
0.89043
0.10957
0.44377
0.067071
0.071878
0.41728
1.9114
0.0043788
-0.0017028
0.097387
0.4901
-4.5527
-1.1448e+07
-47.8
0.0743
0.9717
129.43
8.5547
-85.705
1.3862
0.0003788
0.03446
0.021576
0.24627
0.12648
0.74235
0.00052652
0.00040075
7.0161e-06
0.098142
0.11983
0.97969
0.0090964
0.085394
0.98707
0.99164
0.0013741
0.0040162
0.98592
0.17997
0.0040235
0.16742
4.6037e-06
5.9944e-06
0.5656
13.024
0.93313
13.027
4.2777
13.024
0.0013098
0.019455
0.0069071
0.038682
0.13792
0.11983
0.00085501
0.8167
0.1833
0.35413
0.093217
0.081863
0.47079
2.0239
0.004238
-0.0018
0.09732
0.4887
-3.9406
-66137
-47.8
0.0743
0.9717
129.43
8.5547
-85.705
1.3862
0.00037826
0.034412
0.021557
0.24617
0.12645
0.74231
0.00052603
0.00039929
7.0161e-06
0.098138
0.11984
0.97969
0.0090964
0.085394
0.98707
0.99164
0.0013741
0.0040162
0.98592
0.17997
0.0040235
0.16742
4.6e-06
5.9897e-06
0.56561
13.023
0.9331
13.026
4.2776
13.023
0.0013046
0.019452
0.0068915
0.026113
0.13792
0.11983
0.00085521
0.86914
0.13086
0.41414
0.075386
0.075226
0.43525
1.9492
0.0043306
-0.0017359
0.097334
0.48934
-4.3437
-6.0421e+05
-47.8
0.0743
0.9717
129.43
8.5547
-85.705
1.3862
0.00037695
0.034298
0.021532
0.246
0.12645
0.74233
0.00052535
0.00039321
7.0161e-06
0.098198
0.11994
0.97969
0.0090964
0.085393
0.98707
0.99164
0.0013741
0.0040162
0.98592
0.17997
0.0040235
0.16742
4.6073e-06
5.9972e-06
0.56553
13.024
0.93314
13.027
4.2778
13.024
0.0012857
0.019457
0.0068387
-0.010816
0.13792
0.11982
0.0008552
0.94594
0.054057
0.55678
0.041165
0.058224
0.34383
1.7811
0.0045257
-0.001603
0.097559
0.4912
-6.8946
-4.1136e+11
-47.8
0.0743
0.9717
129.43
8.5547
-85.705
1.3862
0.00037729
0.034327
0.021536
0.24604
0.12645
0.74239
0.00052548
0.00039549
7.0161e-06
0.098163
0.11989
0.97969
0.0090964
0.085392
0.98707
0.99164
0.0013741
0.0040162
0.98592
0.17997
0.0040235
0.16742
4.604e-06
5.9944e-06
0.56559
13.022
0.93307
13.025
4.2774
13.022
0.001292
0.01945
0.0068567
0.0081297
0.13792
0.11983
0.00085556
0.9234
0.076603
0.50273
0.052676
0.064859
0.37973
1.8441
0.0044572
-0.0016494
0.097385
0.49043
-4.9226
-2.6001e+09
-47.8
0.0743
0.9717
129.43
8.5547
-85.705
1.3861
0.00037759
0.034352
0.021524
0.24603
0.1264
0.74224
0.00052519
0.00039776
7.0161e-06
0.098073
0.11976
0.97969
0.0090964
0.085392
0.98707
0.99164
0.0013741
0.0040162
0.98592
0.17997
0.0040235
0.16742
4.5883e-06
5.9773e-06
0.56573
13.018
0.93294
13.021
4.2769
13.018
0.0012984
0.019438
0.006874
0.013586
0.13792
0.11984
0.000856
0.90866
0.091336
0.47532
0.059472
0.068114
0.3971
1.8763
0.0044177
-0.0016763
0.097522
0.49023
-4.7419
-1.9202e+08
-47.8
0.0743
0.9717
129.43
8.5547
-85.705
1.3861
0.00037783
0.034375
0.021525
0.24606
0.12638
0.74227
0.00052521
0.00039887
7.0161e-06
0.098006
0.11967
0.97969
0.0090964
0.085391
0.98707
0.99164
0.0013741
0.0040162
0.98592
0.17997
0.0040235
0.16742
4.5825e-06
5.9728e-06
0.56585
13.014
0.93282
13.017
4.2763
13.014
0.0013045
0.019428
0.0068928
0.044339
0.13792
0.11986
0.00085645
0.79113
0.20887
0.32953
0.10088
0.084441
0.48515
2.059
0.0041947
-0.0018301
0.096843
0.48765
-3.7611
-68344
-47.8
0.0743
0.9717
129.43
8.5547
-85.705
1.3859
0.00037643
0.034252
0.021477
0.24581
0.12632
0.74199
0.00052395
0.0003932
7.0161e-06
0.098012
0.11971
0.97969
0.0090964
0.08539
0.98707
0.99164
0.0013741
0.0040162
0.98592
0.17997
0.0040235
0.16742
4.5735e-06
5.9603e-06
0.56582
13.014
0.93282
13.017
4.2763
13.014
0.0012858
0.01943
0.0068375
-0.016448
0.13792
0.11985
0.00085642
0.9496
0.050395
0.56857
0.039157
0.056704
0.33557
1.769
0.004534
-0.0015974
0.097677
0.49122
-7.5292
-1.0676e+12
-47.8
0.0743
0.9717
129.43
8.5547
-85.705
1.386
0.0003777
0.034363
0.021507
0.24599
0.12634
0.74214
0.00052476
0.00039914
7.0161e-06
0.097964
0.11962
0.97969
0.0090964
0.08539
0.98707
0.99164
0.0013741
0.0040162
0.98592
0.17997
0.0040235
0.16742
4.5717e-06
5.9601e-06
0.56591
13.011
0.93273
13.014
4.2759
13.011
0.0013051
0.019422
0.0068929
0.036515
0.13792
0.11986
0.00085685
0.82634
0.17366
0.36401
0.090202
0.080712
0.46507
2.0143
0.0042476
-0.0017933
0.097015
0.48812
-3.9991
-66918
-47.8
0.0743
0.9717
129.43
8.5547
-85.705
1.3861
0.0003778
0.034371
0.021513
0.24601
0.12635
0.74217
0.0005249
0.00039936
7.0161e-06
0.097992
0.11965
0.97969
0.0090964
0.085389
0.98707
0.99164
0.0013741
0.0040162
0.98592
0.17997
0.0040235
0.16742
4.575e-06
5.9634e-06
0.56587
13.011
0.93273
13.014
4.2759
13.011
0.0013047
0.019424
0.0068911
0.024053
0.13792
0.11986
0.00085692
0.87482
0.12518
0.42257
0.073342
0.074191
0.4299
1.9403
0.0043375
-0.0017312
0.09736
0.48933
-4.3943
-1.1096e+06
-47.8
0.0743
0.9717
129.43
8.5547
-85.705
1.3863
0.00037736
0.034333
0.021524
0.24604
0.12641
0.7424
0.00052518
0.00039627
7.0161e-06
0.098094
0.11978
0.97969
0.0090964
0.085388
0.98707
0.99164
0.0013741
0.0040162
0.98592
0.17997
0.0040235
0.16742
4.5946e-06
5.9855e-06
0.56573
13.013
0.9328
13.017
4.2762
13.014
0.0012945
0.019436
0.0068642
0.0080019
0.13792
0.11985
0.00085679
0.92225
0.07775
0.50104
0.053265
0.065013
0.38068
1.8461
0.0044509
-0.0016536
0.097469
0.49056
-4.9124
-2.0634e+09
-47.8
0.0743
0.9717
129.43
8.5547
-85.705
1.3864
0.00037705
0.034307
0.021536
0.24607
0.12647
0.74258
0.00052545
0.00039329
7.0161e-06
0.098174
0.11989
0.97969
0.0090964
0.085388
0.98707
0.99164
0.0013741
0.0040162
0.98592
0.17997
0.0040235
0.16742
4.6109e-06
6.0042e-06
0.56562
13.015
0.93285
13.018
4.2764
13.015
0.0012862
0.019446
0.0068426
-0.011335
0.13792
0.11984
0.00085672
0.94605
0.053954
0.5567
0.041117
0.058193
0.34399
1.7805
0.0045224
-0.0016052
0.097498
0.49136
-6.9013
-3.949e+11
-47.8
0.0743
0.9717
129.43
8.5547
-85.705
1.3866
0.00037794
0.034385
0.021564
0.24622
0.1265
0.74274
0.00052619
0.0003971
7.0161e-06
0.098174
0.11987
0.97969
0.0090964
0.085387
0.98707
0.99164
0.0013741
0.0040162
0.98592
0.17997
0.0040235
0.16742
4.6157e-06
6.0107e-06
0.56563
13.014
0.93282
13.017
4.2763
13.014
0.0012971
0.019445
0.0068739
0.011047
0.13792
0.11984
0.00085693
0.91407
0.085925
0.48441
0.057028
0.067011
0.39155
1.8639
0.0044299
-0.0016679
0.097427
0.49065
-4.8147
-4.6834e+08
-47.8
0.0743
0.9717
129.43
8.5547
-85.705
1.3866
0.0003781
0.034399
0.021571
0.24626
0.12651
0.7428
0.00052635
0.00039763
7.0161e-06
0.098176
0.11987
0.97969
0.0090964
0.085387
0.98707
0.99164
0.0013741
0.0040162
0.98592
0.17997
0.0040235
0.16742
4.6179e-06
6.0137e-06
0.56564
13.013
0.93279
13.016
4.2762
13.013
0.0012988
0.019445
0.006879
0.014197
0.13792
0.11984
0.00085707
0.90534
0.094659
0.46845
0.06089
0.068901
0.40176
1.8826
0.0044076
-0.0016831
0.097349
0.49043
-4.7146
-1.0165e+08
-47.8
0.0743
0.9717
129.43
8.5547
-85.705
1.3865
0.00037715
0.034317
0.021546
0.24612
0.12649
0.7427
0.00052568
0.00039267
7.0161e-06
0.098197
0.11991
0.97969
0.0090964
0.085386
0.98707
0.99164
0.0013741
0.0040162
0.98592
0.17997
0.0040235
0.16742
4.6177e-06
6.0126e-06
0.5656
13.013
0.93279
13.016
4.2762
13.013
0.0012848
0.019448
0.0068396
-0.023244
0.13792
0.11983
0.00085707
0.95323
0.04677
0.57774
0.037052
0.055547
0.32966
1.7552
0.0045465
-0.0015889
0.097596
0.49184
-8.3126
-2.8778e+12
-47.8
0.0743
0.9717
129.43
8.5547
-85.705
1.3866
0.00037811
0.034401
0.021567
0.24625
0.1265
0.74283
0.00052626
0.00039771
7.0161e-06
0.098148
0.11983
0.97969
0.0090964
0.085386
0.98707
0.99164
0.0013741
0.0040162
0.98592
0.17997
0.0040235
0.16742
4.615e-06
6.0112e-06
0.56569
13.01
0.93271
13.014
4.2758
13.01
0.0013005
0.019439
0.0068842
0.020492
0.13792
0.11984
0.00085746
0.88623
0.11377
0.43744
0.068799
0.072505
0.42125
1.9201
0.0043621
-0.0017142
0.097149
0.4898
-4.5121
-4.9149e+06
-47.8
0.0743
0.9717
129.43
8.5547
-85.705
1.3864
0.00037728
0.034327
0.021534
0.24609
0.12645
0.74261
0.0005254
0.00039447
7.0161e-06
0.098129
0.11982
0.97969
0.0090964
0.085385
0.98707
0.99164
0.0013741
0.0040162
0.98592
0.17997
0.0040235
0.16742
4.6056e-06
5.9995e-06
0.56571
13.009
0.93267
13.013
4.2756
13.009
0.0012898
0.019437
0.0068532
-0.0068963
0.13792
0.11985
0.00085758
0.94175
0.05825
0.54575
0.043466
0.059538
0.35125
1.7927
0.004508
-0.0016149
0.097609
0.49147
-6.3254
-1.4363e+11
-47.8
0.0743
0.9717
129.43
8.5547
-85.705
1.3864
0.00037751
0.034346
0.021527
0.24608
0.12642
0.74254
0.00052524
0.00039669
7.0161e-06
0.098073
0.11974
0.97969
0.0090964
0.085385
0.98707
0.99164
0.0013741
0.0040162
0.98592
0.17997
0.0040235
0.16742
4.5954e-06
5.9882e-06
0.56579
13.007
0.9326
13.01
4.2753
13.007
0.0012958
0.019428
0.0068695
0.0083904
0.13792
0.11986
0.0008579
0.92084
0.079163
0.49818
0.05394
0.06534
0.38254
1.8487
0.0044462
-0.0016568
0.097499
0.49074
-4.8982
-1.5992e+09
-47.8
0.0743
0.9717
129.43
8.5547
-85.705
1.3864
0.00037768
0.034361
0.021522
0.24608
0.12639
0.74251
0.00052512
0.00039816
7.0161e-06
0.098023
0.11967
0.97969
0.0090964
0.085384
0.98707
0.99164
0.0013741
0.0040162
0.98592
0.17997
0.0040235
0.16742
4.5875e-06
5.9799e-06
0.56587
13.004
0.93253
13.008
4.275
13.005
0.0013011
0.019419
0.0068835
0.020339
0.13792
0.11986
0.00085822
0.88755
0.11245
0.44014
0.068331
0.07217
0.41935
1.9182
0.0043636
-0.0017132
0.097232
0.48966
-4.52
-5.8747e+06
-47.8
0.0743
0.9717
129.43
8.5547
-85.705
1.3863
0.00037663
0.03427
0.02149
0.2459
0.12635
0.7424
0.00052428
0.000394
7.0161e-06
0.098016
0.11969
0.97969
0.0090964
0.085384
0.98707
0.99164
0.0013741
0.0040162
0.98592
0.17996
0.0040235
0.16742
4.5828e-06
5.9741e-06
0.56589
13.004
0.9325
13.007
4.2749
13.004
0.0012881
0.019417
0.0068467
-0.003594
0.13792
0.11987
0.00085832
0.93914
0.060855
0.53902
0.044846
0.060364
0.35577
1.8022
0.0044982
-0.0016216
0.097448
0.49093
-5.9519
-6.9402e+10
-47.8
0.0743
0.9717
129.43
8.5547
-85.705
1.3862
0.00037639
0.034248
0.021469
0.24581
0.12631
0.74229
0.00052376
0.00039419
7.0161e-06
0.097954
0.11962
0.97969
0.0090964
0.085384
0.98707
0.99164
0.0013741
0.0040162
0.98592
0.17996
0.0040235
0.16742
4.5709e-06
5.9609e-06
0.56598
13.001
0.93243
13.005
4.2745
13.001
0.0012885
0.019407
0.0068468
0.00088072
0.13792
0.11988
0.00085862
0.93454
0.065462
0.52785
0.047231
0.061735
0.36319
1.8161
0.0044833
-0.0016317
0.097365
0.49057
-5.4625
-2.3206e+10
-47.8
0.0743
0.9717
129.43
8.5547
-85.705
1.386
0.00037659
0.034265
0.021449
0.24575
0.12623
0.74211
0.00052327
0.00039715
7.0161e-06
0.097839
0.11947
0.97969
0.0090964
0.085383
0.98707
0.99164
0.0013741
0.0040162
0.98592
0.17996
0.0040235
0.16742
4.5499e-06
5.9376e-06
0.56615
12.997
0.9323
13.001
4.2739
12.997
0.0012977
0.01939
0.0068711
0.022649
0.13792
0.11989
0.00085906
0.88227
0.11773
0.43227
0.070416
0.073059
0.42426
1.9308
0.0043491
-0.0017232
0.096964
0.48876
-4.4556
-2.2935e+06
-47.8
0.0743
0.9717
129.43
8.5547
-85.705
1.3856
0.00037546
0.034164
0.021387
0.24547
0.12611
0.74166
0.00052168
0.00039404
7.0161e-06
0.097733
0.11936
0.97969
0.0090964
0.085383
0.98707
0.99164
0.0013741
0.0040162
0.98592
0.17996
0.0040235
0.16742
4.5229e-06
5.9057e-06
0.56629
12.994
0.93219
12.997
4.2734
12.994
0.0012875
0.019377
0.0068396
-0.0019796
0.13791
0.11991
0.00085932
0.93792
0.062081
0.53761
0.045534
0.060503
0.35636
1.8078
0.0044907
-0.0016267
0.09745
0.49021
-5.7693
-4.7512e+10
-47.8
0.0743
0.9717
129.43
8.5547
-85.705
1.3854
0.00037604
0.034215
0.021373
0.24546
0.12603
0.74146
0.00052135
0.00039853
7.0161e-06
0.097581
0.11915
0.97969
0.0090964
0.085382
0.98707
0.99164
0.0013741
0.0040162
0.98592
0.17996
0.0040235
0.16742
4.4983e-06
5.8791e-06
0.56652
12.988
0.93202
12.991
4.2726
12.988
0.0013024
0.019357
0.0068807
0.034904
0.13791
0.11993
0.00085987
0.83622
0.16378
0.37532
0.087092
0.079393
0.45819
2.004
0.0042581
-0.0017861
0.096903
0.48745
-4.0603
-70012
-47.8
0.0743
0.9717
129.43
8.5547
-85.705
1.3853
0.00037604
0.034214
0.021356
0.2454
0.12598
0.74129
0.00052094
0.00039934
7.0161e-06
0.097506
0.11905
0.97969
0.0090964
0.085382
0.98707
0.99164
0.0013741
0.0040162
0.98592
0.17996
0.0040235
0.16742
4.4848e-06
5.8642e-06
0.56664
12.985
0.93193
12.988
4.2722
12.985
0.0013051
0.019347
0.0068877
0.044459
0.13791
0.11994
0.00086013
0.79291
0.20709
0.33245
0.10064
0.083998
0.48292
2.0601
0.0041895
-0.0018338
0.09689
0.48684
-3.7619
-68406
-47.8
0.0743
0.9717
129.43
8.5547
-85.705
1.3853
0.00037573
0.034187
0.021352
0.24536
0.12598
0.74134
0.00052083
0.00039825
7.0161e-06
0.097542
0.11911
0.97969
0.0090964
0.085382
0.98707
0.99164
0.0013741
0.0040162
0.98592
0.17996
0.0040235
0.16742
4.4885e-06
5.8677e-06
0.56658
12.986
0.93196
12.99
4.2724
12.986
0.0013009
0.01935
0.0068749
0.029417
0.13791
0.11993
0.00086003
0.85885
0.14115
0.40205
0.079308
0.076425
0.44222
1.9712
0.0042982
-0.0017584
0.096972
0.48773
-4.243
-1.5567e+05
-47.8
0.0743
0.9717
129.43
8.5547
-85.705
1.3855
0.0003751
0.034132
0.021355
0.24533
0.12603
0.74151
0.0005209
0.0003946
7.0161e-06
0.097638
0.11924
0.97969
0.0090964
0.085382
0.98707
0.99164
0.0013741
0.0040162
0.98592
0.17996
0.0040235
0.16742
4.5046e-06
5.8856e-06
0.56645
12.989
0.93205
12.993
4.2728
12.989
0.0012886
0.019361
0.0068414
0.0061993
0.13791
0.11992
0.00085974
0.92811
0.071893
0.51473
0.050503
0.063288
0.37148
1.8358
0.0044597
-0.0016478
0.09729
0.48955
-4.995
-5.1064e+09
-47.8
0.0743
0.9717
129.43
8.5547
-85.705
1.3858
0.00037549
0.034167
0.021385
0.24546
0.1261
0.74182
0.00052164
0.00039567
7.0161e-06
0.097688
0.1193
0.97969
0.0090964
0.085381
0.98707
0.99164
0.0013741
0.0040162
0.98592
0.17996
0.0040235
0.16742
4.5199e-06
5.9044e-06
0.5664
12.99
0.93209
12.994
4.2729
12.99
0.0012925
0.019366
0.0068538
0.020705
0.13791
0.11992
0.00085966
0.89006
0.10994
0.44366
0.067308
0.071726
0.41731
1.9197
0.0043628
-0.0017139
0.096728
0.48821
-4.5358
-5.7203e+06
-47.8
0.0743
0.9717
129.43
8.5547
-85.705
1.3856
0.00037443
0.034075
0.021353
0.2453
0.12607
0.74162
0.00052079
0.00039017
7.0161e-06
0.097697
0.11933
0.97969
0.0090964
0.085381
0.98707
0.99164
0.0013741
0.0040162
0.98592
0.17996
0.0040235
0.16742
4.5162e-06
5.899e-06
0.56638
12.99
0.93209
12.994
4.273
12.991
0.0012765
0.019371
0.0068082
-0.026664
0.13791
0.11991
0.00085946
0.95569
0.044314
0.58663
0.035631
0.054372
0.32336
1.7519
0.0045463
-0.0015892
0.0972
0.49027
-8.6569
-4.1298e+12
-47.8
0.0743
0.9717
129.43
8.5547
-85.705
1.3856
0.00037602
0.034214
0.021379
0.24549
0.12605
0.74163
0.00052151
0.00039796
7.0161e-06
0.097585
0.11915
0.97969
0.0090964
0.085381
0.98707
0.99164
0.0013741
0.0040162
0.98592
0.17996
0.0040235
0.16742
4.5041e-06
5.8874e-06
0.56655
12.986
0.93195
12.989
4.2723
12.986
0.0013015
0.019357
0.0068797
0.039278
0.13791
0.11993
0.00085984
0.81536
0.18464
0.35317
0.093778
0.081778
0.47128
2.0326
0.0042221
-0.001811
0.09671
0.48707
-3.9309
-66138
-47.8
0.0743
0.9717
129.43
8.5547
-85.705
1.3854
0.00037636
0.034244
0.021374
0.2455
0.12601
0.74144
0.0005214
0.00039967
7.0161e-06
0.09754
0.11908
0.97969
0.0090964
0.085381
0.98707
0.99164
0.0013741
0.0040162
0.98592
0.17996
0.0040235
0.16742
4.4934e-06
5.8747e-06
0.56661
12.984
0.93191
12.988
4.2721
12.985
0.0013064
0.019354
0.0068927
0.037362
0.13791
0.11993
0.00085984
0.82112
0.17888
0.35998
0.092112
0.081013
0.4669
2.023
0.0042314
-0.0018046
0.097073
0.48755
-3.9801
-66134
-47.8
0.0743
0.9717
129.43
8.5547
-85.705
1.3856
0.00037647
0.034254
0.021396
0.24558
0.12608
0.74163
0.00052194
0.00039903
7.0161e-06
0.097624
0.11918
0.97969
0.0090964
0.085381
0.98707
0.99164
0.0013741
0.0040162
0.98592
0.17996
0.0040235
0.16742
4.5091e-06
5.8923e-06
0.56649
12.987
0.93199
12.99
4.2725
12.987
0.0013044
0.019366
0.0068884
0.03342
0.13791
0.11992
0.00085951
0.83747
0.16253
0.37708
0.086745
0.079154
0.45702
2.0009
0.0042586
-0.0017857
0.097009
0.48781
-4.1055
-71198
-47.8
0.0743
0.9717
129.43
8.5547
-85.705
1.3859
0.00037604
0.034216
0.021422
0.24565
0.12618
0.74195
0.00052257
0.00039468
7.0161e-06
0.0978
0.11941
0.97969
0.0090964
0.08538
0.98707
0.99164
0.0013741
0.0040163
0.98592
0.17996
0.0040235
0.16742
4.5403e-06
5.9269e-06
0.56623
12.993
0.93216
12.996
4.2733
12.993
0.0012899
0.019391
0.0068493
-0.0037447
0.13792
0.11989
0.00085887
0.93831
0.061693
0.53862
0.045348
0.06034
0.35569
1.8052
0.0044895
-0.0016275
0.097525
0.49063
-5.8771
-5.3298e+10
-47.8
0.0743
0.9717
129.43
8.5547
-85.705
1.3864
0.00037715
0.034316
0.021498
0.24598
0.12635
0.74258
0.0005245
0.00039678
7.0161e-06
0.097951
0.11958
0.97969
0.0090964
0.08538
0.98707
0.99164
0.0013741
0.0040163
0.98592
0.17996
0.0040235
0.16742
4.579e-06
5.9727e-06
0.56604
12.997
0.93229
13
4.2739
12.997
0.0012979
0.019411
0.0068756
0.01979
0.13792
0.11987
0.00085846
0.88676
0.11324
0.43851
0.06864
0.072304
0.42055
1.9216
0.0043568
-0.0017179
0.096934
0.48923
-4.5473
-4.2346e+06
-47.8
0.0743
0.9717
129.43
8.5547
-85.705
1.3865
0.00037634
0.034247
0.021507
0.24598
0.12643
0.74271
0.00052468
0.0003901
7.0161e-06
0.098108
0.11979
0.97969
0.0090965
0.08538
0.98707
0.99164
0.0013741
0.0040163
0.98592
0.17996
0.0040235
0.16742
4.6043e-06
6e-06
0.56581
13.002
0.93244
13.005
4.2746
13.002
0.0012778
0.019436
0.0068205
-0.06166
0.13792
0.11985
0.00085779
0.96281
0.037192
0.60921
0.031245
0.0515
0.30804
1.7193
0.0045746
-0.0015699
0.097316
0.49174
-11.162
-4.5779e+13
-47.8
0.0743
0.9717
129.43
8.5547
-85.705
1.3869
0.00037805
0.034396
0.021574
0.24632
0.12653
0.7431
0.00052642
0.00039666
7.0161e-06
0.098158
0.11982
0.97969
0.0090965
0.08538
0.98707
0.99164
0.0013741
0.0040163
0.98592
0.17996
0.0040235
0.16742
4.6237e-06
6.024e-06
0.56575
13.003
0.93248
13.006
4.2747
13.003
0.0012967
0.019441
0.0068766
0.0093137
0.13792
0.11984
0.00085779
0.915
0.085
0.48566
0.056613
0.066803
0.39092
1.8616
0.0044275
-0.0016694
0.09728
0.49083
-4.8774
-4.9455e+08
-47.8
0.0743
0.9717
129.43
8.5547
-85.705
1.387
0.00037831
0.03442
0.021595
0.24642
0.12658
0.74322
0.00052696
0.00039613
7.0161e-06
0.09822
0.11988
0.97969
0.0090965
0.08538
0.98707
0.99164
0.0013741
0.0040163
0.98592
0.17996
0.0040235
0.16742
4.6364e-06
6.0384e-06
0.56566
13.005
0.93253
13.008
4.275
13.005
0.0012955
0.01945
0.0068747
0.0012852
0.13792
0.11983
0.0008576
0.93072
0.069284
0.5184
0.049155
0.062859
0.36959
1.8218
0.004472
-0.0016392
0.097551
0.49173
-5.2934
-1.2036e+10
-47.8
0.0743
0.9717
129.43
8.5547
-85.705
1.3871
0.00037805
0.034399
0.021608
0.24645
0.12664
0.74337
0.00052725
0.00039336
7.0161e-06
0.098298
0.11999
0.97969
0.0090965
0.08538
0.98707
0.99164
0.0013741
0.0040163
0.98592
0.17996
0.0040235
0.16742
4.6521e-06
6.0561e-06
0.56555
13.007
0.9326
13.01
4.2753
13.007
0.0012881
0.019461
0.0068553
-0.017382
0.13792
0.11982
0.00085736
0.94903
0.050968
0.56391
0.039452
0.05725
0.33939
1.7681
0.0045294
-0.0016003
0.097512
0.49231
-7.5418
-8.7991e+11
-47.8
0.0743
0.9717
129.43
8.5547
-85.705
1.3872
0.00037821
0.034414
0.021625
0.24652
0.12668
0.74353
0.00052769
0.00039327
7.0161e-06
0.098339
0.12004
0.97969
0.0090965
0.08538
0.98707
0.99164
0.0013741
0.0040163
0.98592
0.17996
0.0040235
0.16742
4.6629e-06
6.0689e-06
0.5655
13.008
0.93263
13.011
4.2754
13.008
0.0012881
0.019466
0.0068565
-0.014836
0.13792
0.11982
0.00085727
0.94722
0.052778
0.55818
0.040452
0.057973
0.34339
1.7741
0.0045239
-0.001604
0.097441
0.4923
-7.2156
-5.3855e+11
