-85.363
1.3909
0.00039344
0.035764
0.021705
0.25137
0.1273
0.74774
0.00052949
0.00043012
7.4279e-06
0.10873
0.1361
0.96364
0.010835
0.11727
0.98603
0.99059
0.0014546
0.0041091
0.97699
0.15657
0.0041222
0.16018
5.2229e-06
6.065e-06
0.5373
12.449
0.91461
12.456
4.1934
12.449
0.0013978
0.021333
0.0072039
0.035087
0.13808
0.11794
0.00078416
0.73987
0.26013
0.27501
0.11044
0.093378
0.52118
2.0199
0.0043171
-0.0017454
0.1041
0.50993
-1.7789
-33791
-47.8
0.0743
0.9717
129.43
8.5547
-85.363
1.3909
0.00039329
0.035751
0.021701
0.25135
0.1273
0.74774
0.00052938
0.00042957
7.4279e-06
0.10875
0.13612
0.96364
0.010835
0.11727
0.98603
0.99059
0.0014546
0.0041091
0.97699
0.15657
0.0041222
0.16018
5.2232e-06
6.0649e-06
0.53728
12.449
0.91459
12.455
4.1933
12.449
0.0013956
0.021336
0.0071986
0.025752
0.13808
0.11794
0.00078409
0.82746
0.17254
0.34988
0.086774
0.085304
0.47804
1.9174
0.0044566
-0.0016498
0.10481
0.51161
-2.0748
-6.7118e+06
-47.8
0.0743
0.9717
129.43
8.5547
-85.363
1.3909
0.00039344
0.035765
0.021705
0.25138
0.1273
0.74779
0.00052949
0.00042989
7.4279e-06
0.10873
0.13609
0.96364
0.010835
0.11727
0.98603
0.99059
0.0014546
0.0041091
0.97699
0.15657
0.0041222
0.16018
5.2235e-06
6.0662e-06
0.53731
12.448
0.91455
12.454
4.1931
12.448
0.0013978
0.021334
0.0072047
0.037649
0.13808
0.11794
0.00078418
0.71249
0.28751
0.25627
0.1169
0.095289
0.53154
2.0479
0.0042801
-0.001771
0.10395
0.50959
-1.7007
-33213
-47.8
0.0743
0.9717
129.43
8.5547
-85.363
1.3909
0.00039339
0.035759
0.0217
0.25136
0.12729
0.74776
0.00052938
0.00043028
7.4279e-06
0.10874
0.1361
0.96364
0.010835
0.11727
0.98603
0.99059
0.0014546
0.0041091
0.97699
0.15657
0.0041222
0.16018
5.2214e-06
6.0635e-06
0.53731
12.447
0.91453
12.453
4.193
12.447
0.0013974
0.021335
0.0072031
0.030026
0.13808
0.11794
0.00078413
0.78901
0.21099
0.31369
0.097852
0.089264
0.49919
1.9652
0.0043893
-0.0016957
0.10447
0.51081
-1.9379
-1.7269e+05
-47.8
0.0743
0.9717
129.43
8.5547
-85.363
1.3909
0.00039335
0.035755
0.021698
0.25135
0.12729
0.74776
0.00052932
0.00042997
7.4279e-06
0.10874
0.13609
0.96364
0.010835
0.11727
0.98603
0.99059
0.0014546
0.0041091
0.97699
0.15656
0.0041222
0.16018
5.2208e-06
6.063e-06
0.53731
12.446
0.9145
12.453
4.1929
12.446
0.0013966
0.021336
0.0072014
0.02633
0.13808
0.11794
0.00078412
0.82148
0.17852
0.34398
0.088614
0.08593
0.48148
1.925
0.0044439
-0.0016584
0.10478
0.51153
-2.0562
-3.5599e+06
-47.8
0.0743
0.9717
129.43
8.5547
-85.363
1.391
0.00039363
0.035781
0.021706
0.25141
0.1273
0.74782
0.00052953
0.00043072
7.4279e-06
0.10871
0.13605
0.96364
0.010835
0.11727
0.98603
0.99059
0.0014546
0.0041091
0.97699
0.15656
0.0041222
0.16018
5.2214e-06
6.0651e-06
0.53737
12.444
0.91444
12.451
4.1926
12.444
0.0013996
0.021334
0.0072098
0.033693
0.13808
0.11794
0.00078423
0.75092
0.24908
0.28335
0.10782
0.092457
0.51638
2.007
0.0043306
-0.0017361
0.10428
0.51037
-1.8214
-36454
-47.8
0.0743
0.9717
129.43
8.5547
-85.363
1.3911
0.00039396
0.035812
0.021727
0.25152
0.12735
0.74799
0.00053005
0.00043077
7.4279e-06
0.10873
0.13606
0.96364
0.010835
0.11727
0.98603
0.99059
0.0014546
0.0041091
0.97699
0.15656
0.0041222
0.16018
5.2326e-06
6.0781e-06
0.53737
12.444
0.91442
12.45
4.1925
12.444
0.0014009
0.021338
0.0072151
0.035674
0.13808
0.11793
0.00078425
0.7283
0.2717
0.26714
0.11332
0.094127
0.52541
2.0294
0.0042993
-0.0017576
0.10422
0.51037
-1.7591
-33142
-47.8
0.0743
0.9717
129.43
8.5547
-85.363
1.3914
0.00039411
0.035828
0.021759
0.25165
0.12743
0.74831
0.00053084
0.00042941
7.4279e-06
0.10883
0.13618
0.96364
0.010835
0.11727
0.98603
0.99059
0.0014546
0.0041091
0.97699
0.15656
0.0041222
0.16018
5.2589e-06
6.106e-06
0.53726
12.445
0.91447
12.452
4.1928
12.445
0.0013985
0.021351
0.0072118
0.039267
0.13808
0.11792
0.0007841
0.68904
0.31096
0.24141
0.1222
0.096719
0.53967
2.0683
0.0042484
-0.0017929
0.10387
0.50999
-1.6539
-34165
-47.8
0.0743
0.9717
129.43
8.5547
-85.363
1.3914
0.00039317
0.035746
0.021749
0.25157
0.12746
0.74831
0.00053056
0.00042374
7.4279e-06
0.10896
0.13635
0.96364
0.010835
0.11726
0.98603
0.99059
0.0014546
0.0041091
0.97699
0.15656
0.0041222
0.16018
5.2736e-06
6.1184e-06
0.53707
12.448
0.91456
12.455
4.1932
12.448
0.0013818
0.021372
0.0071695
-0.014225
0.13808
0.1179
0.00078365
0.93709
0.062915
0.51769
0.045003
0.064993
0.37232
1.7179
0.0047073
-0.0014808
0.10573
0.5152
-5.3668
-4.6432e+13
-47.8
0.0743
0.9717
129.43
8.5547
-85.363
1.3914
0.0003943
0.035844
0.021768
0.25169
0.12745
0.74837
0.00053107
0.00043008
7.4279e-06
0.10887
0.13621
0.96364
0.010835
0.11726
0.98603
0.99059
0.0014546
0.0041091
0.97699
0.15656
0.0041222
0.16018
5.2641e-06
6.1109e-06
0.53722
12.445
0.91445
12.451
4.1927
12.445
0.0013998
0.021357
0.0072151
0.034969
0.13808
0.11792
0.00078409
0.73296
0.26704
0.27034
0.11224
0.093716
0.52371
2.0238
0.0043014
-0.0017562
0.10412
0.51064
-1.7848
-33324
-47.8
0.0743
0.9717
129.43
8.5547
-85.363
1.3913
0.00039432
0.035842
0.021746
0.25162
0.12739
0.74815
0.00053055
0.00043148
7.4279e-06
0.10879
0.13611
0.96364
0.010835
0.11726
0.98603
0.99059
0.0014546
0.0041091
0.97699
0.15656
0.0041222
0.16018
5.2448e-06
6.0908e-06
0.53731
12.442
0.91436
12.449
4.1923
12.442
0.0014021
0.021348
0.0072197
0.026739
0.13808
0.11792
0.0007843
0.81126
0.18874
0.3345
0.091775
0.086844
0.48688
1.9344
0.0044196
-0.001675
0.10495
0.5122
-2.0401
-1.4624e+06
-47.8
0.0743
0.9717
129.43
8.5547
-85.363
1.3912
0.00039434
0.035846
0.021743
0.25162
0.12738
0.74814
0.00053047
0.00043119
7.428e-06
0.10877
0.13607
0.96364
0.010835
0.11726
0.98603
0.99059
0.0014546
0.0041091
0.97699
0.15656
0.0041222
0.16018
5.2412e-06
6.0878e-06
0.53736
12.44
0.91431
12.447
4.192
12.44
0.0014032
0.021344
0.0072236
0.038879
0.13808
0.11793
0.0007845
0.68799
0.31201
0.24166
0.12281
0.096522
0.53901
2.068
0.0042403
-0.0017985
0.10414
0.51025
-1.6629
-34237
-47.8
0.0743
0.9717
129.43
8.5547
-85.363
1.3912
0.00039423
0.035835
0.021742
0.2516
0.12738
0.74813
0.00053044
0.00043119
7.428e-06
0.10881
0.13613
0.96364
0.010835
0.11726
0.98603
0.99059
0.0014546
0.0041091
0.97699
0.15656
0.0041222
0.16018
5.2443e-06
6.0895e-06
0.53728
12.441
0.91433
12.448
4.1921
12.441
0.0014013
0.02135
0.0072178
0.023868
0.13808
0.11792
0.00078442
0.83458
0.16542
0.35836
0.084825
0.084109
0.4727
1.9042
0.0044569
-0.0016496
0.10514
0.51269
-2.1329
-1.525e+07
-47.8
0.0743
0.9717
129.43
8.5547
-85.363
1.3913
0.00039435
0.035846
0.021755
0.25165
0.12742
0.74824
0.00053075
0.00043107
7.428e-06
0.10886
0.13618
0.96364
0.010835
0.11726
0.98603
0.99059
0.0014546
0.0041091
0.97699
0.15656
0.0041222
0.16018
5.2537e-06
6.099e-06
0.53722
12.442
0.91435
12.448
4.1922
12.442
0.001401
0.021356
0.0072178
0.022272
0.13808
0.11792
0.00078441
0.84665
0.15335
0.37179
0.080998
0.082556
0.46466
1.887
0.0044781
-0.0016351
0.10526
0.51308
-2.1853
-5.8273e+07
-47.8
0.0743
0.9717
129.43
8.5547
-85.363
1.3915
0.00039465
0.035874
0.021774
0.25174
0.12745
0.74841
0.00053123
0.00043149
7.428e-06
0.10889
0.13621
0.96364
0.010835
0.11726
0.98603
0.99059
0.0014546
0.0041091
0.97699
0.15656
0.0041222
0.16018
5.2641e-06
6.1107e-06
0.5372
12.441
0.91434
12.448
4.1922
12.441
0.0014036
0.021358
0.0072254
0.032426
0.13808
0.11791
0.00078451
0.75394
0.24606
0.28648
0.10742
0.091829
0.51428
2.0002
0.0043207
-0.0017428
0.10444
0.51129
-1.8641
-37885
-47.8
0.0743
0.9717
129.43
8.5547
-85.363
1.3915
0.0003941
0.035825
0.021763
0.25168
0.12746
0.74838
0.00053095
0.00042859
7.428e-06
0.10893
0.13627
0.96364
0.010835
0.11726
0.98603
0.99059
0.0014547
0.0041091
0.97699
0.15656
0.0041222
0.16018
5.2683e-06
6.1137e-06
0.53713
12.442
0.91436
12.449
4.1923
12.442
0.0013949
0.021366
0.0072036
0.011674
0.13808
0.11791
0.0007844
0.90092
0.099084
0.4463
0.061359
0.073718
0.41862
1.7979
0.0045933
-0.0015572
0.10571
0.51458
-2.8693
-6.8853e+10
-47.8
0.0743
0.9717
129.43
8.5547
-85.363
1.3914
0.00039435
0.035846
0.021755
0.25167
0.12742
0.74832
0.00053076
0.00043101
7.428e-06
0.10885
0.13617
0.96364
0.010835
0.11726
0.98603
0.99059
0.0014547
0.0041091
0.97699
0.15656
0.0041222
0.16018
5.2551e-06
6.1011e-06
0.53724
12.439
0.91426
12.446
4.1918
12.439
0.0014012
0.021355
0.0072191
0.022584
0.13808
0.11792
0.00078467
0.84227
0.15773
0.36701
0.082486
0.082996
0.46751
1.8931
0.0044628
-0.0016456
0.10516
0.51301
-2.1772
-3.2927e+07
-47.8
0.0743
0.9717
129.43
8.5547
-85.363
1.3913
0.00039435
0.035846
0.021735
0.25161
0.12736
0.74817
0.00053025
0.00043183
7.428e-06
0.10875
0.13603
0.96364
0.010835
0.11725
0.98603
0.99059
0.0014547
0.0041091
0.97699
0.15656
0.0041222
0.16018
5.2353e-06
6.0818e-06
0.53739
12.435
0.91414
12.442
4.1913
12.435
0.001405
0.02134
0.0072284
0.035329
0.13808
0.11793
0.000785
0.72042
0.27958
0.26333
0.11583
0.094073
0.52677
2.0353
0.0042683
-0.001779
0.10434
0.51076
-1.7754
-33073
-47.8
0.0743
0.9717
129.43
8.5547
-85.363
1.3911
0.00039407
0.035819
0.02171
0.2515
0.1273
0.74798
0.00052963
0.00043218
7.428e-06
0.10869
0.13598
0.96364
0.010835
0.11725
0.98603
0.99059
0.0014547
0.0041092
0.97699
0.15656
0.0041222
0.16018
5.2197e-06
6.065e-06
0.53745
12.433
0.91408
12.44
4.191
12.433
0.001404
0.021334
0.0072242
0.024775
0.13808
0.11794
0.00078509
0.82251
0.17749
0.34695
0.088794
0.085151
0.4791
1.92
0.004421
-0.0016741
0.10508
0.51242
-2.1056
-3.6927e+06
-47.8
0.0743
0.9717
129.43
8.5547
-85.363
1.3911
0.00039417
0.035829
0.02171
0.25152
0.12729
0.74799
0.00052964
0.00043234
7.428e-06
0.10867
0.13595
0.96364
0.010835
0.11725
0.98603
0.99059
0.0014547
0.0041092
0.97699
0.15655
0.0041222
0.16018
5.2176e-06
6.0634e-06
0.53748
12.432
0.91404
12.439
4.1908
12.432
0.001406
0.021331
0.0072297
0.033315
0.13808
0.11794
0.00078521
0.73996
0.26004
0.27734
0.11128
0.092549
0.51883
2.0154
0.0042899
-0.0017641
0.10449
0.51095
-1.839
-33678
-47.8
0.0743
0.9717
129.43
8.5547
-85.363
1.3912
0.00039441
0.03585
0.021726
0.25159
0.12733
0.7481
0.00053005
0.00043282
7.428e-06
0.10872
0.136
0.96364
0.010835
0.11725
0.98603
0.99059
0.0014547
0.0041092
0.97699
0.15655
0.0041222
0.16018
5.2277e-06
6.0738e-06
0.53743
12.433
0.91406
12.44
4.1909
12.433
0.0014067
0.021338
0.007232
0.029844
0.13808
0.11793
0.00078514
0.77414
0.22586
0.30352
0.10258
0.089784
0.50412
1.9775
0.0043377
-0.0017312
0.10475
0.51168
-1.9504
-64989
-47.8
0.0743
0.9717
129.43
8.5547
-85.363
1.3914
0.00039466
0.035872
0.021757
0.25171
0.12741
0.74834
0.00053082
0.00043254
7.428e-06
0.10883
0.13612
0.96364
0.010835
0.11725
0.98603
0.99059
0.0014547
0.0041092
0.97699
0.15655
0.0041222
0.16018
5.251e-06
6.0977e-06
0.5373
12.435
0.91414
12.442
4.1913
12.435
0.0014052
0.021353
0.0072301
0.024983
0.13808
0.11792
0.00078494
0.81869
0.18131
0.34314
0.089998
0.085481
0.48138
1.9234
0.0044089
-0.0016823
0.10507
0.51276
-2.1097
-2.5517e+06
-47.8
0.0743
0.9717
129.43
8.5547
-85.363
1.3916
0.00039462
0.03587
0.021781
0.25179
0.12749
0.74855
0.0005314
0.00043009
7.428e-06
0.10894
0.13626
0.96364
0.010835
0.11725
0.98603
0.99059
0.0014547
0.0041092
0.97699
0.15655
0.0041222
0.16018
5.2747e-06
6.1217e-06
0.53716
12.438
0.91422
12.444
4.1916
12.438
0.0013992
0.021369
0.0072168
0.012266
0.13808
0.1179
0.0007847
0.89683
0.10317
0.44042
0.063146
0.074228
0.42221
1.8037
0.0045685
-0.001574
0.10584
0.51498
-2.7906
-3.6454e+10
-47.8
0.0743
0.9717
129.43
8.5547
-85.363
1.3918
0.00039517
0.035919
0.021807
0.25191
0.12753
0.74875
0.00053207
0.00043217
7.4281e-06
0.10897
0.13627
0.96364
0.010835
0.11725
0.98603
0.99059
0.0014547
0.0041092
0.97699
0.15655
0.0041222
0.16018
5.2859e-06
6.1346e-06
0.53715
12.438
0.91422
12.444
4.1916
12.438
0.0014054
0.02137
0.0072334
0.027452
0.13808
0.1179
0.00078476
0.79512
0.20488
0.32083
0.096809
0.087863
0.4945
1.9513
0.0043661
-0.0017116
0.1048
0.51261
-2.0412
-2.8003e+05
-47.8
0.0743
0.9717
129.43
8.5547
-85.363
1.3916
0.00039421
0.035836
0.021775
0.25176
0.12749
0.74859
0.00053124
0.00042773
7.4281e-06
0.10897
0.1363
0.96364
0.010835
0.11725
0.98603
0.99059
0.0014547
0.0041092
0.97699
0.15655
0.0041222
0.16018
5.2795e-06
6.1265e-06
0.53712
12.437
0.91421
12.444
4.1916
12.437
0.001393
0.021373
0.0072017
-0.0010625
0.13808
0.1179
0.00078463
0.92491
0.075087
0.49183
0.051077
0.06786
0.38923
1.7454
0.0046362
-0.0015284
0.10596
0.51571
-4.3334
-3.6169e+12
-47.8
0.0743
0.9717
129.43
8.5547
-85.363
1.3915
0.00039454
0.035862
0.021751
0.25169
0.1274
0.7484
0.00053067
0.0004324
7.4281e-06
0.10881
0.13609
0.96364
0.010835
0.11725
0.98603
0.99059
0.0014547
0.0041092
0.97699
0.15655
0.0041222
0.16018
5.2487e-06
6.0963e-06
0.53735
12.432
0.91405
12.439
4.1908
12.432
0.001405
0.021349
0.0072299
0.025977
0.13808
0.11792
0.00078506
0.80786
0.19214
0.33301
0.093307
0.086452
0.48723
1.9371
0.0043816
-0.001701
0.1049
0.51251
-2.0907
-7.9029e+05
-47.8
0.0743
0.9717
129.43
8.5547
-85.363
1.3911
0.00039404
0.035816
0.021696
0.25147
0.12726
0.74801
0.0005293
0.000433
7.4281e-06
0.10864
0.13588
0.96364
0.010835
0.11725
0.98603
0.99059
0.0014547
0.0041092
0.97699
0.15655
0.0041222
0.16018
5.2093e-06
6.0559e-06
0.53757
12.427
0.91388
12.434
4.1901
12.427
0.0014063
0.021326
0.0072305
0.026943
0.13808
0.11795
0.0007854
0.79833
0.20167
0.32496
0.096178
0.087264
0.4916
1.9496
0.0043625
-0.0017141
0.10489
0.51204
-2.059
-3.0791e+05
-47.8
0.0743
0.9717
129.43
8.5547
-85.363
1.3909
0.00039349
0.035768
0.021651
0.25129
0.12715
0.74773
0.00052814
0.00043262
7.4281e-06
0.10849
0.13572
0.96364
0.010835
0.11725
0.98603
0.99059
0.0014547
0.0041092
0.97699
0.15655
0.0041222
0.16018
5.179e-06
6.0251e-06
0.53775
12.423
0.91373
12.429
4.1894
12.423
0.0014059
0.021307
0.0072278
0.02896
0.13808
0.11797
0.00078568
0.77857
0.22143
0.30824
0.10174
0.088996
0.50103
1.974
0.0043279
-0.0017379
0.10469
0.51135
-1.9952
-69761
-47.8
0.0743
0.9717
129.43
8.5547
-85.363
1.3908
0.00039319
0.035743
0.021627
0.2512
0.1271
0.74761
0.00052754
0.00043203
7.4281e-06
0.1084
0.13561
0.96364
0.010835
0.11725
0.98603
0.99059
0.0014547
0.0041092
0.97699
0.15655
0.0041222
0.16018
5.163e-06
6.0096e-06
0.53788
12.42
0.91363
12.426
4.1889
12.42
0.0014055
0.021294
0.0072271
0.033973
0.13808
0.11798
0.00078588
0.72602
0.27398
0.26883
0.1152
0.09303
0.52293
2.031
0.004251
-0.0017911
0.10435
0.51043
-1.8407
-33041
-47.8
0.0743
0.9717
129.43
8.5547
-85.363
1.3908
0.00039313
0.035738
0.021623
0.25119
0.12709
0.7476
0.00052742
0.0004318
7.4281e-06
0.10838
0.13558
0.96364
0.010835
0.11725
0.98603
0.99059
0.0014547
0.0041092
0.97699
0.15655
0.0041222
0.16018
5.16e-06
6.0071e-06
0.53792
12.418
0.91358
12.425
4.1887
12.418
0.0014054
0.021291
0.0072275
0.036839
0.13808
0.11798
0.0007859
0.69332
0.30668
0.24759
0.12291
0.09511
0.53439
2.0636
0.0042076
-0.0018213
0.10421
0.51008
-1.7573
-34323
-47.8
0.0743
0.9717
129.43
8.5547
-85.363
1.3908
0.00039332
0.035753
0.021632
0.25123
0.12711
0.74763
0.00052765
0.00043261
7.4281e-06
0.10842
0.13563
0.96364
0.010835
0.11725
0.98603
0.99059
0.0014547
0.0041092
0.97699
0.15655
0.0041222
0.16018
5.1648e-06
6.0112e-06
0.53786
12.419
0.91362
12.426
4.1889
12.419
0.0014066
0.021299
0.0072298
0.029695
0.13808
0.11797
0.00078569
0.76671
0.23329
0.29921
0.1051
0.089793
0.5059
1.9874
0.004302
-0.0017558
0.10461
0.51111
-1.9759
-43318
-47.8
0.0743
0.9717
129.43
8.5547
-85.363
1.391
0.00039379
0.035794
0.021663
0.25136
0.12718
0.74781
0.00052846
0.00043334
7.4281e-06
0.10851
0.13573
0.96364
0.010835
0.11724
0.98603
0.99059
0.0014547
0.0041092
0.97699
0.15655
0.0041222
0.16018
5.1844e-06
6.0312e-06
0.53775
12.422
0.91369
12.428
4.1892
12.422
0.0014074
0.021314
0.0072334
0.023565
0.13808
0.11796
0.00078539
0.82133
0.17867
0.34789
0.089703
0.084521
0.47789
1.9209
0.0043875
-0.001697
0.10513
0.51251
-2.1709
-2.4421e+06
-47.8
0.0743
0.9717
129.43
8.5547
-85.363
1.3913
0.00039468
0.035876
0.021725
0.25165
0.12732
0.74823
0.00053002
0.00043346
7.4281e-06
0.10864
0.13586
0.96364
0.010835
0.11724
0.98603
0.99059
0.0014547
0.0041092
0.97699
0.15655
0.0041222
0.16018
5.2206e-06
6.0701e-06
0.53761
12.424
0.91378
12.431
4.1896
12.424
0.0014108
0.021333
0.0072466
0.034465
0.13808
0.11794
0.00078511
0.7096
0.2904
0.25851
0.11942
0.093861
0.52821
2.0429
0.0042218
-0.0018114
0.10458
0.51136
-1.8365
-33401
-47.8
0.0743
0.9717
129.43
8.5547
-85.363
1.3917
0.00039534
0.035933
0.021788
0.2519
0.12747
0.74867
0.00053159
0.00043363
7.4282e-06
0.10885
0.1361
0.96364
0.010835
0.11724
0.98603
0.99059
0.0014547
0.0041092
0.97699
0.15655
0.0041222
0.16018
5.2652e-06
6.1154e-06
0.53735
12.43
0.91396
12.436
4.1904
12.43
0.00141
0.021363
0.0072468
0.023113
0.13808
0.11791
0.00078453
0.81977
0.18023
0.34584
0.090159
0.084676
0.47932
1.9191
0.0043813
-0.0017012
0.10519
0.5135
-2.1914
-2.4331e+06
-47.8
0.0743
0.9717
129.43
8.5547
-85.363
1.3919
0.0003949
0.035899
0.021819
0.252
0.12759
0.74895
0.00053235
0.00042795
7.4282e-06
0.10907
0.13638
0.96364
0.010835
0.11724
0.98603
0.99059
0.0014547
0.0041092
0.97699
0.15655
0.0041222
0.16018
5.3061e-06
6.1555e-06
0.53705
12.435
0.91414
12.442
4.1913
12.435
0.001395
0.021397
0.007212
-0.016165
0.13808
0.11788
0.00078382
0.9347
0.065304
0.51412
0.046534
0.064723
0.37462
1.7193
0.0046333
-0.0015304
0.10604
0.51656
-5.4375
-2.0732e+13
-47.8
0.0743
0.9717
129.43
8.5547
-85.363
1.392
0.00039551
0.035953
0.02184
0.25211
0.12762
0.74904
0.00053289
0.00043003
7.4282e-06
0.10908
0.13637
0.96364
0.010835
0.11724
0.98603
0.99059
0.0014547
0.0041092
0.97699
0.15655
0.0041222
0.16018
5.3116e-06
6.1619e-06
0.53705
12.435
0.91413
12.442
4.1912
12.435
0.0014012
0.021399
0.0072291
0.00070989
0.13808
0.11787
0.00078379
0.91888
0.08112
0.4806
0.054046
0.068858
0.39649
1.7561
0.0045865
-0.0015618
0.10608
0.51645
-4.0411
-1.0623e+12
-47.8
0.0743
0.9717
129.43
8.5547
-85.363
1.3919
0.0003964
0.03603
0.02184
0.25217
0.12757
0.74891
0.00053292
0.00043484
7.4282e-06
0.10894
0.13616
0.96364
0.010835
0.11724
0.98603
0.99059
0.0014547
0.0041092
0.97699
0.15655
0.0041222
0.16018
5.2893e-06
6.1412e-06
0.53726
12.431
0.91399
12.437
4.1906
12.431
0.0014165
0.021381
0.0072681
0.031155
0.13808
0.11789
0.00078414
0.7299
0.2701
0.27297
0.11491
0.092154
0.51996
2.0175
0.0042376
-0.0018003
0.10496
0.51281
-1.9384
-33145
-47.8
0.0743
0.9717
129.43
8.5547
-85.363
1.3917
0.00039631
0.036018
0.021815
0.25207
0.1275
0.74866
0.0005323
0.00043623
7.4282e-06
0.10888
0.13609
0.96364
0.010835
0.11724
0.98603
0.99059
0.0014547
0.0041092
0.97699
0.15655
0.0041222
0.16018
5.2693e-06
6.1195e-06
0.53732
12.429
0.91393
12.436
4.1903
12.429
0.0014177
0.021376
0.0072689
0.018885
0.13808
0.1179
0.0007841
0.84358
0.15642
0.37277
0.082996
0.081427
0.46281
1.8838
0.0044112
-0.0016807
0.10585
0.51481
-2.3148
-3.3688e+07
-47.8
0.0743
0.9717
129.43
8.5547
-85.363
1.3917
0.0003964
0.036029
0.021823
0.25211
0.12752
0.74872
0.00053249
0.0004357
7.4282e-06
0.10889
0.1361
0.96364
0.010835
0.11724
0.98603
0.99059
0.0014547
0.0041092
0.97699
0.15655
0.0041222
0.16018
5.274e-06
6.1246e-06
0.53731
12.429
0.91393
12.436
4.1903
12.429
0.0014188
0.021379
0.0072735
0.029884
0.13808
0.11789
0.00078403
0.7368
0.2632
0.27863
0.11349
0.091417
0.51646
2.0104
0.0042393
-0.0017991
0.1051
0.51287
-1.9715
-33379
-47.8
0.0743
0.9717
129.43
8.5547
-85.363
1.3918
0.00039615
0.036005
0.021828
0.25211
0.12755
0.74876
0.00053261
0.00043399
7.4282e-06
0.10898
0.13623
0.96364
0.010835
0.11724
0.98603
0.99059
0.0014547
0.0041092
0.97699
0.15655
0.0041223
0.16018
5.2864e-06
6.1354e-06
0.53716
12.432
0.91401
12.438
4.1907
12.432
0.0014119
0.021395
0.0072556
0.0062909
0.13808
0.11788
0.00078361
0.90359
0.096408
0.45532
0.060908
0.0717
0.41207
1.7861
0.0045312
-0.0015992
0.10632
0.51631
-3.242
-8.0451e+10
-47.8
0.0743
0.9717
129.43
8.5547
-85.363
1.3919
0.00039704
0.036085
0.021866
0.25229
0.12761
0.74896
0.00053359
0.00043676
7.4282e-06
0.10903
0.13626
0.96364
0.010835
0.11724
0.98603
0.99059
0.0014547
0.0041092
0.97699
0.15655
0.0041223
0.16018
5.3008e-06
6.1511e-06
0.53712
12.432
0.91404
12.439
4.1908
12.432
0.0014209
0.021402
0.0072796
0.020103
0.13808
0.11787
0.00078348
0.82622
0.17378
0.35469
0.088716
0.083255
0.47334
1.9063
0.0043693
-0.0017093
0.10572
0.51471
-2.2727
-4.6647e+06
-47.8
0.0743
0.9717
129.43
8.5547
-85.363
1.3921
0.00039752
0.036128
0.021901
0.25244
0.12769
0.74919
0.00053448
0.00043684
7.4282e-06
0.10912
0.13635
0.96364
0.010835
0.11724
0.98603
0.99059
0.0014547
0.0041092
0.97699
0.15655
0.0041223
0.16018
5.3226e-06
6.1739e-06
0.53702
12.435
0.91411
12.441
4.1911
12.434
0.0014224
0.021416
0.0072858
0.022218
0.13808
0.11786
0.0007832
0.80411
0.19589
0.33332
0.095454
0.085531
0.48569
1.933
0.0043299
-0.0017364
0.10561
0.51456
-2.2049
-5.3572e+05
-47.8
0.0743
0.9717
129.43
8.5547
-85.363
1.3922
0.00039716
0.036097
0.021915
0.25248
0.12776
0.74929
0.00053481
0.00043302
7.4282e-06
0.10925
0.13652
0.96364
0.010835
0.11724
0.98603
0.99059
0.0014547
0.0041092
0.97699
0.15655
0.0041223
0.16018
5.3459e-06
6.1963e-06
0.53683
12.438
0.91422
12.445
4.1916
12.438
0.0014106
0.021439
0.0072575
-0.016173
0.13809
0.11783
0.00078267
0.93177
0.068229
0.51015
0.048202
0.064855
0.37679
1.7214
0.0045959
-0.0015555
0.10664
0.51783
-5.3132
-1.2133e+13
-47.8
0.0743
0.9717
129.43
8.5547
-85.363
1.3925
0.00039853
0.036218
0.021966
0.25273
0.12784
0.74955
0.00053613
0.00043779
7.4282e-06
0.10927
0.13651
0.96364
0.010835
0.11724
0.98603
0.99059
0.0014547
0.0041092
0.97699
0.15655
0.0041223
0.16018
5.361e-06
6.2138e-06
0.53683
12.438
0.91423
12.445
4.1917
12.438
0.0014259
0.021442
0.0072985
0.021208
0.13809
0.11783
0.0007827
0.8072
0.1928
0.33647
0.094635
0.085109
0.48379
1.9266
0.0043315
-0.0017353
0.10581
0.51529
-2.2337
-7.8806e+05
-47.8
0.0743
0.9717
129.43
8.5547
-85.363
1.3926
0.00039883
0.036243
0.02199
0.25283
0.12789
0.74967
0.00053674
0.00043812
7.4282e-06
0.10935
0.1366
0.96364
0.010835
0.11724
0.98603
0.99059
0.0014547
0.0041092
0.97699
0.15655
0.0041223
0.16018
5.3778e-06
6.2305e-06
0.53672
12.44
0.9143
12.447
4.192
12.44
0.0014249
0.021456
0.0072969
0.01314
0.13809
0.11782
0.00078242
0.87106
0.12894
0.40692
0.073717
0.077221
0.44214
1.8376
0.0044472
-0.001656
0.10638
0.51695
-2.4848
-9.734e+08
-47.8
0.0743
0.9717
129.43
8.5547
-85.363
1.3926
0.00039865
0.036229
0.022005
0.25288
0.12795
0.74977
0.00053711
0.0004351
7.4283e-06
0.10946
0.13674
0.96364
0.010835
0.11724
0.98603
0.99059
0.0014547
0.0041092
0.97699
0.15655
0.0041223
0.16018
5.3973e-06
6.2494e-06
0.53658
12.443
0.91439
12.45
4.1924
12.443
0.0014171
0.021473
0.0072786
-0.013122
0.13809
0.1178
0.00078205
0.92853
0.071474
0.50297
0.049816
0.065673
0.38154
1.7264
0.0045817
-0.0015649
0.10687
0.51862
-5.0762
-7.1798e+12
-47.8
0.0743
0.9717
129.43
8.5547
-85.363
1.3928
0.00039977
0.036328
0.022048
0.25309
0.12801
0.74999
0.00053821
0.00043898
7.4283e-06
0.10948
0.13673
0.96364
0.010835
0.11724
0.98603
0.99059
0.0014547
0.0041092
0.97699
0.15655
0.0041223
0.16018
5.4104e-06
6.2646e-06
0.53658
12.443
0.9144
12.45
4.1925
12.443
0.0014296
0.021475
0.0073121
0.016736
0.13809
0.1178
0.0007821
0.83982
0.16018
0.36954
0.084544
0.081408
0.46451
1.8815
0.0043844
-0.0016989
0.10626
0.51676
-2.3706
-2.5822e+07
-47.8
0.0743
0.9717
129.43
8.5547
-85.363
1.3929
0.00039978
0.036328
0.022063
0.25315
0.12806
0.75008
0.00053859
0.00043786
7.4283e-06
0.10956
0.13683
0.96364
0.010835
0.11724
0.98603
0.99059
0.0014547
0.0041092
0.97699
0.15655
0.0041223
0.16018
5.4256e-06
6.2795e-06
0.53647
12.445
0.91447
12.452
4.1928
12.445
0.0014251
0.021488
0.0073018
0.003535
0.13809
0.11779
0.00078187
0.9044
0.095596
0.45677
0.06069
0.071292
0.41125
1.7766
0.0045188
-0.0016074
0.10686
0.51855
-3.4497
-1.2065e+11
-47.8
0.0743
0.9717
129.43
8.5547
-85.363
1.393
0.00039985
0.036335
0.02208
0.25321
0.12811
0.75019
0.00053901
0.00043699
7.4283e-06
0.10962
0.13691
0.96364
0.010835
0.11724
0.98603
0.99059
0.0014547
0.0041092
0.97699
0.15655
0.0041223
0.16018
5.4402e-06
6.2942e-06
0.53638
12.447
0.91452
12.454
4.193
12.447
0.0014229
0.021498
0.0072973
-0.002189
0.13809
0.11778
0.00078171
0.91646
0.083542
0.47812
0.055431
0.068701
0.39775
1.7517
0.0045481
-0.0015875
0.10692
0.51896
-4.1371
-8.7062e+11
-47.8
0.0743
0.9717
129.43
8.5547
-85.363
1.3931
0.00040019
0.036365
0.022095
0.25328
0.12813
0.75027
0.00053939
0.00043816
7.4283e-06
0.10964
0.13692
0.96364
0.010835
0.11724
0.98603
0.99059
0.0014547
0.0041092
0.97699
0.15655
0.0041223
0.16018
5.4459e-06
6.3004e-06
0.53637
12.447
0.91453
12.454
4.1931
12.447
0.0014261
0.021499
0.007306
0.0042811
0.13809
0.11778
0.0007817
0.90185
0.098154
0.45217
0.061753
0.071835
0.41424
1.7808
0.0045122
-0.0016118
0.10685
0.51871
-3.3462
-8.2969e+10
