-85.527
1.3964
0.00040789
0.037068
0.023544
0.25557
0.13053
0.75417
0.00057653
0.00041449
7.2284e-06
0.096906
0.11735
0.98213
0.0091789
0.080123
0.98652
0.9913
0.0014154
0.0040652
0.9871
0.18216
0.0040775
0.16485
5.4616e-06
7.3195e-06
0.57267
12.991
0.93211
12.997
4.273
12.992
0.0013786
0.019025
0.0073003
0.02703
0.13781
0.12029
0.00091729
0.73411
0.26589
0.27478
0.10119
0.11373
0.5103
1.9727
0.0059872
-0.00063628
0.10221
0.52685
0.28234
-1.0871e+05
-47.8
0.0743
0.9717
129.43
8.5547
-85.527
1.3964
0.00040855
0.037125
0.023543
0.25559
0.13049
0.75417
0.00057655
0.00041839
7.2284e-06
0.096887
0.11732
0.98213
0.0091789
0.080122
0.98652
0.9913
0.0014154
0.0040652
0.9871
0.18216
0.0040775
0.16485
5.4472e-06
7.3001e-06
0.57267
12.991
0.93211
12.997
4.273
12.991
0.001392
0.019019
0.007338
0.025028
0.13781
0.1203
0.00091729
0.83864
0.16136
0.36934
0.076215
0.10031
0.45414
1.8541
0.0064412
-0.00034579
0.1039
0.52906
0.24526
-2.2932e+08
-47.8
0.0743
0.9717
129.43
8.5547
-85.527
1.3965
0.00040814
0.03709
0.023554
0.2556
0.13055
0.75426
0.00057681
0.00041552
7.2284e-06
0.096962
0.11741
0.98213
0.0091789
0.080121
0.98652
0.9913
0.0014154
0.0040652
0.9871
0.18215
0.0040775
0.16485
5.4667e-06
7.3231e-06
0.57257
12.992
0.93213
12.998
4.2731
12.992
0.0013819
0.01903
0.0073087
0.026713
0.13781
0.12029
0.00091724
0.75269
0.24731
0.28878
0.097209
0.11186
0.50214
1.954
0.0060571
-0.00059138
0.10247
0.52711
0.27755
-1.4739e+05
-47.8
0.0743
0.9717
129.43
8.5547
-85.527
1.3966
0.00040805
0.037082
0.02356
0.25559
0.13056
0.75433
0.00057695
0.00041514
7.2284e-06
0.097028
0.1175
0.98213
0.0091789
0.08012
0.98652
0.9913
0.0014154
0.0040652
0.9871
0.18215
0.0040775
0.16485
5.4746e-06
7.33e-06
0.57245
12.993
0.93218
12.999
4.2733
12.994
0.0013805
0.019037
0.0073039
0.026817
0.13781
0.12028
0.00091718
0.74653
0.25347
0.28417
0.098569
0.1125
0.50476
1.961
0.0060351
-0.00060552
0.10234
0.52683
0.27939
-1.2275e+05
-47.8
0.0743
0.9717
129.43
8.5547
-85.527
1.3965
0.00040834
0.037106
0.023539
0.25547
0.13048
0.75425
0.00057644
0.00041877
7.2284e-06
0.097041
0.11751
0.98213
0.0091789
0.080119
0.98652
0.9913
0.0014154
0.0040652
0.9871
0.18215
0.0040775
0.16485
5.4515e-06
7.296e-06
0.57234
12.996
0.93225
13.002
4.2736
12.996
0.0013928
0.019032
0.007335
0.025245
0.13781
0.12029
0.0009171
0.82773
0.17227
0.35869
0.079359
0.10193
0.46002
1.8702
0.00639
-0.00037847
0.1037
0.52814
0.25114
-5.9676e+07
-47.8
0.0743
0.9717
129.43
8.5547
-85.527
1.3964
0.00040825
0.037099
0.023506
0.25532
0.13038
0.7541
0.00057559
0.00041975
7.2284e-06
0.097042
0.11751
0.98213
0.0091789
0.080118
0.98652
0.9913
0.0014154
0.0040652
0.9871
0.18215
0.0040775
0.16485
5.4257e-06
7.2589e-06
0.57225
12.998
0.9323
13.003
4.2739
12.998
0.0013994
0.019023
0.0073559
0.022741
0.13781
0.12029
0.00091704
0.91818
0.081816
0.49699
0.050439
0.080117
0.37245
1.7241
0.0069886
1.6172e-06
0.10591
0.53066
0.19418
-1.105e+13
-47.8
0.0743
0.9717
129.43
8.5547
-85.527
1.3964
0.00040816
0.03709
0.023514
0.25532
0.13041
0.75418
0.00057582
0.00041983
7.2284e-06
0.097084
0.11757
0.98213
0.0091789
0.080117
0.98652
0.9913
0.0014154
0.0040652
0.9871
0.18215
0.0040775
0.16485
5.4369e-06
7.2723e-06
0.5722
12.997
0.9323
13.003
4.2739
12.998
0.0013967
0.019032
0.007343
0.024553
0.13781
0.12029
0.00091707
0.8568
0.1432
0.39489
0.07138
0.096455
0.43728
1.8319
0.006556
-0.00027276
0.10441
0.52852
0.23823
-1.4482e+09
-47.8
0.0743
0.9717
129.43
8.5547
-85.527
1.3965
0.00040808
0.037082
0.023517
0.25533
0.13043
0.75421
0.00057589
0.00041941
7.2284e-06
0.097085
0.11757
0.98213
0.0091789
0.080116
0.98652
0.9913
0.0014154
0.0040652
0.9871
0.18215
0.0040775
0.16485
5.4417e-06
7.2793e-06
0.57222
12.996
0.93225
13.002
4.2736
12.996
0.0013942
0.019034
0.0073351
0.025112
0.13781
0.12028
0.00091717
0.83326
0.16674
0.36579
0.077987
0.10089
0.45533
1.8642
0.0064247
-0.00035634
0.10388
0.5279
0.24938
-9.9902e+07
-47.8
0.0743
0.9717
129.43
8.5547
-85.527
1.3964
0.00040812
0.037086
0.023502
0.25531
0.13039
0.75414
0.00057552
0.00041983
7.2284e-06
0.097025
0.11749
0.98213
0.0091789
0.080115
0.98652
0.9913
0.0014154
0.0040652
0.9871
0.18215
0.0040775
0.16485
5.428e-06
7.2639e-06
0.57232
12.993
0.93217
12.999
4.2733
12.993
0.0013972
0.019025
0.007346
0.024224
0.13781
0.12029
0.00091731
0.87003
0.12997
0.41254
0.06733
0.093713
0.42641
1.8113
0.0066398
-0.00021951
0.10475
0.52913
0.23094
-8.1525e+09
-47.8
0.0743
0.9717
129.43
8.5547
-85.527
1.3964
0.00040799
0.037077
0.023499
0.25535
0.13039
0.75416
0.00057542
0.00041881
7.2284e-06
0.09697
0.11741
0.98213
0.0091789
0.080115
0.98652
0.9913
0.0014154
0.0040652
0.9871
0.18215
0.0040775
0.16485
5.4266e-06
7.2659e-06
0.57245
12.99
0.93205
12.995
4.2727
12.99
0.001395
0.019019
0.0073437
0.023819
0.13781
0.1203
0.0009175
0.88543
0.11457
0.43425
0.06224
0.090281
0.41323
1.7863
0.0067394
-0.00015622
0.10495
0.52978
0.22063
-6.6093e+10
-47.8
0.0743
0.9717
129.43
8.5547
-85.527
1.3965
0.00040701
0.03699
0.0235
0.25536
0.13046
0.75419
0.0005754
0.00041292
7.2284e-06
0.096961
0.11741
0.98213
0.0091789
0.080114
0.98652
0.9913
0.0014154
0.0040652
0.9871
0.18215
0.0040775
0.16485
5.4498e-06
7.3002e-06
0.57256
12.985
0.93192
12.991
4.2721
12.985
0.0013731
0.019027
0.0072817
0.013493
0.13781
0.12029
0.00091766
0.70454
0.29546
0.25455
0.10726
0.11647
0.52172
2.0035
0.005896
-0.00069502
0.1018
0.52588
1.807
-1.9653e+05
-47.8
0.0743
0.9717
129.43
8.5547
-85.527
1.3965
0.0004075
0.037034
0.023496
0.25541
0.13042
0.75421
0.00057532
0.00041607
7.2284e-06
0.096863
0.11728
0.98213
0.0091789
0.080113
0.98652
0.9913
0.0014154
0.0040652
0.9871
0.18215
0.0040775
0.16485
5.434e-06
7.2844e-06
0.57274
12.981
0.93179
12.987
4.2715
12.981
0.0013844
0.019013
0.0073162
0.025237
0.13781
0.1203
0.00091792
0.82991
0.17009
0.35817
0.078384
0.10205
0.4614
1.8675
0.006403
-0.00037023
0.10338
0.52842
0.25054
-8.258e+07
-47.8
0.0743
0.9717
129.43
8.5547
-85.527
1.3963
0.00040624
0.036922
0.023453
0.25524
0.13039
0.75399
0.00057421
0.00041092
7.2284e-06
0.096814
0.11723
0.98213
0.0091789
0.080112
0.98652
0.9913
0.0014154
0.0040652
0.9871
0.18215
0.0040775
0.16485
5.4269e-06
7.2779e-06
0.57284
12.978
0.93168
12.983
4.271
12.978
0.0013664
0.019012
0.0072637
-0.0049083
0.13781
0.12031
0.00091806
0.67925
0.32075
0.23802
0.11203
0.11857
0.53138
2.0278
0.0058145
-0.00074753
0.10134
0.52544
8.4101
-8.6501e+05
-47.8
0.0743
0.9717
129.43
8.5547
-85.527
1.3963
0.00040691
0.036982
0.02344
0.25522
0.13031
0.75396
0.00057389
0.00041597
7.2284e-06
0.096717
0.11709
0.98213
0.0091789
0.080112
0.98652
0.9913
0.0014154
0.0040652
0.9871
0.18214
0.0040775
0.16485
5.3996e-06
7.2453e-06
0.57297
12.975
0.93159
12.981
4.2706
12.975
0.0013842
0.018994
0.0073149
0.02502
0.13781
0.12032
0.00091836
0.83963
0.16037
0.3693
0.075778
0.10038
0.45454
1.8549
0.0064554
-0.00033689
0.10364
0.52858
0.24601
-2.4636e+08
-47.8
0.0743
0.9717
129.43
8.5547
-85.527
1.3962
0.00040617
0.036915
0.023416
0.25511
0.13029
0.75384
0.00057328
0.00041304
7.2284e-06
0.096696
0.11708
0.98213
0.0091789
0.080111
0.98652
0.9913
0.0014154
0.0040652
0.9871
0.18214
0.0040775
0.16485
5.3972e-06
7.2435e-06
0.57303
12.972
0.93152
12.978
4.2703
12.973
0.0013733
0.018994
0.0072809
0.027235
0.13781
0.12032
0.00091856
0.72222
0.27778
0.26585
0.10348
0.11504
0.51563
1.9867
0.0059558
-0.00065662
0.1019
0.52604
0.28728
-1.1532e+05
-47.8
0.0743
0.9717
129.43
8.5547
-85.527
1.3962
0.00040657
0.036951
0.023411
0.25513
0.13025
0.75385
0.00057315
0.00041582
7.2284e-06
0.096645
0.117
0.98213
0.0091789
0.08011
0.98652
0.9913
0.0014154
0.0040652
0.9871
0.18214
0.0040775
0.16485
5.383e-06
7.2266e-06
0.5731
12.971
0.93146
12.976
4.27
12.971
0.0013836
0.018983
0.0073121
0.025066
0.13781
0.12033
0.00091876
0.83768
0.16232
0.36706
0.076314
0.10073
0.45589
1.8575
0.0064467
-0.0003425
0.10365
0.52852
0.24706
-2.0801e+08
-47.8
0.0743
0.9717
129.43
8.5547
-85.527
1.3962
0.00040571
0.036876
0.023406
0.25508
0.13029
0.75386
0.000573
0.00041129
7.2284e-06
0.096679
0.11706
0.98213
0.0091789
0.080109
0.98652
0.9913
0.0014154
0.0040652
0.9871
0.18214
0.0040775
0.16485
5.3987e-06
7.2472e-06
0.57308
12.969
0.93143
12.975
4.2699
12.97
0.0013675
0.01899
0.0072654
0.01849
0.13781
0.12033
0.00091887
0.7082
0.2918
0.25566
0.10613
0.11638
0.52182
2.0011
0.0059074
-0.00068777
0.10149
0.52572
0.79367
-1.6208e+05
-47.8
0.0743
0.9717
129.43
8.5547
-85.527
1.3961
0.0004056
0.036865
0.02339
0.255
0.13025
0.75381
0.00057259
0.00041203
7.2284e-06
0.096662
0.11704
0.98213
0.0091789
0.080109
0.98652
0.9913
0.0014154
0.0040652
0.9871
0.18214
0.0040775
0.16485
5.3881e-06
7.2332e-06
0.57309
12.969
0.93141
12.975
4.2698
12.969
0.0013698
0.018986
0.0072702
0.027147
0.13781
0.12033
0.00091901
0.72801
0.27199
0.26928
0.10211
0.11461
0.514
1.9825
0.0059742
-0.00064483
0.1017
0.52582
0.28557
-1.097e+05
-47.8
0.0743
0.9717
129.43
8.5547
-85.527
1.396
0.00040593
0.036894
0.023353
0.25486
0.13012
0.75363
0.00057169
0.00041627
7.2284e-06
0.096589
0.11694
0.98213
0.0091789
0.080108
0.98652
0.9913
0.0014154
0.0040652
0.9871
0.18214
0.0040775
0.16485
5.3498e-06
7.183e-06
0.57313
12.968
0.9314
12.974
4.2697
12.969
0.001385
0.01897
0.007312
0.024925
0.13781
0.12035
0.00091913
0.84295
0.15705
0.37482
0.075049
0.099562
0.45057
1.8515
0.0064777
-0.00032283
0.10391
0.52821
0.24513
-3.5994e+08
-47.8
0.0743
0.9717
129.43
8.5547
-85.527
1.396
0.00040587
0.036889
0.023344
0.25483
0.13009
0.75361
0.00057143
0.00041629
7.2284e-06
0.096571
0.11692
0.98213
0.0091789
0.080107
0.98652
0.9913
0.0014154
0.0040652
0.9871
0.18214
0.0040775
0.16485
5.3423e-06
7.1734e-06
0.57315
12.968
0.93137
12.973
4.2696
12.968
0.0013866
0.018965
0.0073187
0.023972
0.13781
0.12035
0.00091924
0.88051
0.11949
0.42541
0.063765
0.091698
0.41913
1.7958
0.0067039
-0.00017902
0.1047
0.52929
0.22441
-3.656e+10
-47.8
0.0743
0.9717
129.43
8.5547
-85.527
1.3961
0.00040497
0.03681
0.023364
0.2549
0.13021
0.75378
0.00057191
0.00041037
7.2285e-06
0.096639
0.11702
0.98213
0.0091789
0.080107
0.98652
0.9913
0.0014154
0.0040652
0.9871
0.18214
0.0040775
0.16485
5.3803e-06
7.224e-06
0.57313
12.966
0.93132
12.972
4.2694
12.966
0.0013647
0.01898
0.0072559
0.026014
0.13781
0.12034
0.00091934
0.71634
0.28366
0.2609
0.10442
0.1157
0.51898
1.9954
0.0059296
-0.00067352
0.10133
0.52531
0.28731
-1.3305e+05
-47.8
0.0743
0.9717
129.43
8.5547
-85.527
1.396
0.0004043
0.036751
0.023343
0.25482
0.1302
0.75368
0.00057135
0.00040743
7.2285e-06
0.09662
0.117
0.98213
0.0091789
0.080106
0.98652
0.9913
0.0014154
0.0040652
0.9871
0.18214
0.0040775
0.16485
5.3777e-06
7.2217e-06
0.57317
12.964
0.93126
12.97
4.2691
12.964
0.0013547
0.018979
0.0072281
-0.014193
0.13781
0.12034
0.00091944
0.65746
0.34254
0.22435
0.11583
0.12025
0.53957
2.0518
0.0057419
-0.00079453
0.10056
0.52425
15.764
-5.096e+06
-47.8
0.0743
0.9717
129.43
8.5547
-85.527
1.396
0.00040548
0.036855
0.023337
0.25484
0.1301
0.75366
0.00057125
0.00041469
7.2285e-06
0.096527
0.11686
0.98213
0.0091789
0.080106
0.98652
0.9913
0.0014154
0.0040652
0.9871
0.18214
0.0040775
0.16485
5.3459e-06
7.182e-06
0.57327
12.962
0.93121
12.968
4.2689
12.963
0.0013804
0.018961
0.007302
0.024637
0.1378
0.12036
0.00091975
0.85583
0.14417
0.38891
0.071169
0.097388
0.44253
1.8345
0.006539
-0.00028381
0.10383
0.52847
0.23851
-1.4847e+09
-47.8
0.0743
0.9717
129.43
8.5547
-85.527
1.3959
0.00040513
0.036822
0.023322
0.25476
0.13009
0.75355
0.00057087
0.00041378
7.2285e-06
0.096508
0.11684
0.98213
0.0091789
0.080105
0.98652
0.9913
0.0014154
0.0040652
0.9871
0.18214
0.0040775
0.16485
5.3428e-06
7.1791e-06
0.57331
12.96
0.93115
12.966
4.2686
12.961
0.0013749
0.018961
0.007281
0.026649
0.1378
0.12036
0.00091998
0.75675
0.24325
0.29136
0.096145
0.11159
0.50091
1.9538
0.0060719
-0.00058212
0.10221
0.52606
0.27745
-1.6715e+05
-47.8
0.0743
0.9717
129.43
8.5547
-85.527
1.3959
0.00040537
0.036845
0.023326
0.25481
0.13008
0.7536
0.00057097
0.00041479
7.2285e-06
0.096476
0.1168
0.98213
0.0091789
0.080105
0.98652
0.9913
0.0014154
0.0040652
0.9871
0.18214
0.0040775
0.16485
5.3396e-06
7.1765e-06
0.57338
12.959
0.93108
12.964
4.2683
12.959
0.0013795
0.018954
0.0072975
0.025295
0.1378
0.12036
0.00092022
0.82715
0.17285
0.35537
0.079156
0.10244
0.46304
1.8729
0.0063777
-0.00038659
0.10332
0.52776
0.252
-6.2093e+07
-47.8
0.0743
0.9717
129.43
8.5547
-85.527
1.396
0.00040462
0.036779
0.023327
0.25481
0.13014
0.75363
0.00057096
0.00041013
7.2285e-06
0.096501
0.11684
0.98213
0.0091789
0.080104
0.98652
0.9913
0.0014154
0.0040652
0.9871
0.18214
0.0040775
0.16485
5.3576e-06
7.2011e-06
0.57339
12.957
0.93103
12.963
4.2681
12.957
0.0013635
0.018961
0.0072524
0.0094473
0.1378
0.12036
0.00092038
0.70011
0.29989
0.25035
0.10777
0.11694
0.52494
2.0105
0.0058642
-0.0007156
0.10122
0.52517
2.7439
-2.4111e+05
-47.8
0.0743
0.9717
129.43
8.5547
-85.527
1.396
0.00040475
0.036791
0.023319
0.25479
0.13011
0.75361
0.00057077
0.0004113
7.2285e-06
0.096467
0.11679
0.98213
0.0091789
0.080104
0.98652
0.9913
0.0014154
0.0040652
0.9871
0.18214
0.0040775
0.16485
5.348e-06
7.1897e-06
0.57344
12.955
0.93098
12.961
4.2678
12.955
0.0013678
0.018955
0.0072646
0.027213
0.1378
0.12036
0.00092062
0.72355
0.27645
0.2663
0.10312
0.11485
0.51573
1.9876
0.0059388
-0.00066763
0.10157
0.52554
0.28545
-1.1512e+05
-47.8
0.0743
0.9717
129.43
8.5547
-85.527
1.3959
0.00040535
0.036846
0.023304
0.25477
0.13002
0.75356
0.0005704
0.00041508
7.2285e-06
0.096389
0.11668
0.98213
0.0091789
0.080103
0.98652
0.9913
0.0014154
0.0040652
0.9871
0.18214
0.0040775
0.16485
5.3203e-06
7.1547e-06
0.57352
12.954
0.93094
12.96
4.2676
12.954
0.0013838
0.018938
0.0073148
0.023683
0.1378
0.12038
0.00092084
0.89106
0.10894
0.44059
0.060135
0.089222
0.41006
1.7784
0.0067433
-0.00015401
0.10467
0.52964
0.21572
-1.479e+11
-47.8
0.0743
0.9717
129.43
8.5547
-85.527
1.396
0.00040424
0.036747
0.023309
0.25477
0.13011
0.75361
0.00057049
0.00040867
7.2285e-06
0.096446
0.11677
0.98213
0.0091789
0.080103
0.98652
0.9913
0.0014154
0.0040652
0.9871
0.18214
0.0040775
0.16485
5.3507e-06
7.1951e-06
0.5735
12.952
0.93089
12.958
4.2674
12.952
0.0013597
0.018953
0.0072445
0.0010509
0.1378
0.12036
0.000921
0.69112
0.30888
0.24479
0.10962
0.1175
0.52809
2.0199
0.0058201
-0.00074403
0.10093
0.52484
5.5766
-4.4591e+05
-47.8
0.0743
0.9717
129.43
8.5547
-85.527
1.3959
0.00040384
0.036713
0.023306
0.25477
0.13013
0.7536
0.00057039
0.00040618
7.2285e-06
0.096448
0.11678
0.98213
0.0091789
0.080102
0.98652
0.9913
0.0014154
0.0040652
0.9871
0.18214
0.0040775
0.16485
5.3573e-06
7.2047e-06
0.57352
12.951
0.93084
12.956
4.2672
12.951
0.0013511
0.018954
0.0072213
-0.017284
0.1378
0.12036
0.00092126
0.64294
0.35706
0.21657
0.11875
0.12086
0.54382
2.065
0.0056713
-0.00084013
0.10028
0.52411
21.334
-1.7302e+07
-47.8
0.0743
0.9717
129.43
8.5547
-85.527
1.3961
0.00040533
0.036842
0.023338
0.25494
0.13013
0.75378
0.00057125
0.00041324
7.2285e-06
0.096426
0.11672
0.98213
0.0091789
0.080102
0.98652
0.9913
0.0014154
0.0040652
0.9871
0.18214
0.0040775
0.16485
5.3514e-06
7.1974e-06
0.57354
12.95
0.93081
12.956
4.2671
12.95
0.0013748
0.018945
0.0072892
0.025696
0.1378
0.12037
0.00092168
0.808
0.192
0.33473
0.083952
0.10529
0.47602
1.8973
0.0062484
-0.00046905
0.10251
0.52723
0.25815
-7.3664e+06
-47.8
0.0743
0.9717
129.43
8.5547
-85.527
1.396
0.0004046
0.036778
0.023321
0.25483
0.13013
0.75369
0.00057081
0.00040978
7.2285e-06
0.096462
0.11678
0.98213
0.0091789
0.080102
0.98652
0.9913
0.0014154
0.0040652
0.9871
0.18214
0.0040775
0.16485
5.3551e-06
7.2004e-06
0.57348
12.95
0.93082
12.956
4.2671
12.95
0.0013627
0.01895
0.0072524
-0.0040616
0.1378
0.12037
0.00092195
0.68385
0.31615
0.24116
0.11138
0.11778
0.52968
2.026
0.005784
-0.00076729
0.10107
0.52488
8.152
-7.89e+05
-47.8
0.0743
0.9717
129.43
8.5547
-85.527
1.396
0.00040517
0.036826
0.023306
0.25474
0.13005
0.75363
0.00057046
0.00041478
7.2285e-06
0.096437
0.11674
0.98213
0.009179
0.080101
0.98652
0.9913
0.0014154
0.0040652
0.9871
0.18213
0.0040775
0.16485
5.3309e-06
7.167e-06
0.57345
12.951
0.93084
12.956
4.2672
12.951
0.0013795
0.018938
0.0072956
0.026045
0.1378
0.12038
0.00092237
0.78821
0.21179
0.31884
0.089225
0.10745
0.48448
1.9216
0.0061509
-0.00053137
0.10244
0.52622
0.265
-1.0004e+06
-47.8
0.0743
0.9717
129.43
8.5547
-85.527
1.3958
0.00040536
0.036844
0.023263
0.25456
0.1299
0.75339
0.00056939
0.00041819
7.2285e-06
0.096374
0.11666
0.98213
0.009179
0.080101
0.98652
0.9913
0.0014154
0.0040652
0.9871
0.18213
0.0040775
0.16485
5.2908e-06
7.1133e-06
0.57346
12.951
0.93084
12.957
4.2672
12.951
0.0013931
0.01892
0.0073342
0.023461
0.1378
0.1204
0.00092275
0.89616
0.10384
0.4542
0.058704
0.086989
0.40011
1.7713
0.0067462
-0.00015213
0.10496
0.52892
0.21073
-2.2218e+11
-47.8
0.0743
0.9717
129.43
8.5547
-85.527
1.3957
0.00040546
0.036851
0.023259
0.25454
0.12989
0.75336
0.00056929
0.00041895
7.2285e-06
0.096352
0.11663
0.98213
0.009179
0.080101
0.98652
0.9913
0.0014154
0.0040652
0.9871
0.18213
0.0040775
0.16485
5.2858e-06
7.1075e-06
0.57349
12.949
0.93079
12.955
4.267
12.949
0.0013952
0.018915
0.0073386
0.023704
0.1378
0.1204
0.0009232
0.88765
0.11235
0.44075
0.061722
0.089108
0.40842
1.7863
0.0066794
-0.00019453
0.10482
0.52859
0.21711
-6.1411e+10
-47.8
0.0743
0.9717
129.43
8.5547
-85.527
1.3959
0.00040582
0.036883
0.023302
0.25477
0.13
0.75359
0.00057038
0.00041811
7.2285e-06
0.096364
0.11664
0.98213
0.009179
0.0801
0.98652
0.9913
0.0014154
0.0040652
0.9871
0.18213
0.0040775
0.16485
5.3142e-06
7.1477e-06
0.57356
12.946
0.93069
12.952
4.2665
12.946
0.0013909
0.01892
0.0073287
0.024938
0.1378
0.1204
0.00092372
0.84041
0.15959
0.37378
0.076047
0.09937
0.4508
1.8569
0.0063811
-0.00038426
0.10359
0.52756
0.24221
-1.6438e+08
-47.8
0.0743
0.9717
129.43
8.5547
-85.527
1.3962
0.00040572
0.036877
0.02335
0.25503
0.13016
0.75385
0.00057157
0.00041333
7.2286e-06
0.096402
0.11668
0.98213
0.009179
0.0801
0.98652
0.9913
0.0014154
0.0040652
0.9871
0.18213
0.0040775
0.16485
5.3567e-06
7.2067e-06
0.57362
12.942
0.93057
12.948
4.266
12.942
0.0013753
0.018931
0.0072917
0.026977
0.1378
0.12039
0.00092421
0.73519
0.26481
0.27673
0.1014
0.11293
0.50893
1.9745
0.0059235
-0.00067719
0.10193
0.5261
0.27834
-1.0939e+05
-47.8
0.0743
0.9717
129.43
8.5547
-85.527
1.3963
0.00040582
0.036887
0.023376
0.25518
0.13023
0.75398
0.0005722
0.00041162
7.2286e-06
0.096414
0.11669
0.98213
0.009179
0.0801
0.98652
0.9913
0.0014154
0.0040652
0.9871
0.18213
0.0040775
0.16485
5.3759e-06
7.2337e-06
0.57366
12.94
0.9305
12.946
4.2656
12.94
0.00137
0.018933
0.0072811
0.01231
0.1378
0.12039
0.00092462
0.70721
0.29279
0.25717
0.10722
0.11539
0.52022
2.0007
0.0058242
-0.00074117
0.10153
0.52604
2.3474
-2.1031e+05
-47.8
0.0743
0.9717
129.43
8.5547
-85.527
1.3962
0.00040608
0.036909
0.023371
0.25515
0.1302
0.75395
0.00057209
0.00041335
7.2286e-06
0.096404
0.11667
0.98213
0.009179
0.0801
0.98652
0.9913
0.0014155
0.0040652
0.9871
0.18213
0.0040775
0.16485
5.3669e-06
7.2213e-06
0.57365
12.94
0.93049
12.946
4.2656
12.94
0.0013756
0.018928
0.0072954
0.026101
0.13779
0.12039
0.00092499
0.72079
0.27921
0.26719
0.10467
0.11405
0.5141
1.9873
0.0058645
-0.00071515
0.10191
0.52622
0.28535
-1.3335e+05
-47.8
0.0743
0.9717
129.43
8.5547
-85.527
1.3962
0.00040688
0.036978
0.023353
0.25505
0.13009
0.75386
0.00057168
0.00041976
7.2286e-06
0.096374
0.11662
0.98213
0.009179
0.080099
0.98652
0.9913
0.0014155
0.0040652
0.9871
0.18213
0.0040775
0.16485
5.3351e-06
7.1772e-06
0.5736
12.941
0.93054
12.947
4.2658
12.941
0.0013974
0.018915
0.0073522
0.024375
0.13779
0.1204
0.00092526
0.86358
0.13642
0.40296
0.069309
0.094845
0.43288
1.8232
0.0064832
-0.00031902
0.10398
0.52853
0.22913
-2.1482e+09
-47.8
0.0743
0.9717
129.43
8.5547
-85.527
1.3961
0.00040643
0.036937
0.023332
0.25489
0.13005
0.75377
0.00057116
0.000419
7.2286e-06
0.096423
0.1167
0.98213
0.009179
0.080099
0.98652
0.9913
0.0014155
0.0040652
0.9871
0.18213
0.0040775
0.16485
5.3294e-06
7.1656e-06
0.57347
12.944
0.93061
12.949
4.2661
12.944
0.0013944
0.018918
0.007339
0.025578
0.13779
0.1204
0.00092544
0.80886
0.19114
0.34238
0.084896
0.10374
0.46898
1.8967
0.0061953
-0.00050274
0.10326
0.52671
0.2544
-4.7335e+06
-47.8
0.0743
0.9717
129.43
8.5547
-85.527
1.396
0.00040665
0.036957
0.023316
0.25481
0.12998
0.7537
0.00057074
0.00042131
7.2286e-06
0.096432
0.11671
0.98213
0.009179
0.080099
0.98652
0.9913
0.0014155
0.0040652
0.9871
0.18213
0.0040775
0.16485
5.3106e-06
7.1376e-06
0.57338
12.946
0.93068
12.952
4.2665
12.946
0.0014043
0.018908
0.007368
0.022929
0.13779
0.12041
0.00092561
0.91133
0.08867
0.48498
0.053236
0.081965
0.37982
1.743
0.0068072
-0.0001132
0.10519
0.52912
0.19663
-1.5628e+12
-47.8
0.0743
0.9717
129.43
8.5547
-85.527
1.3961
0.00040689
0.036979
0.023324
0.25483
0.12999
0.75374
0.00057097
0.0004221
7.2286e-06
0.096458
0.11674
0.98213
0.009179
0.080099
0.98652
0.9913
0.0014155
0.0040652
0.9871
0.18213
0.0040775
0.16485
5.3132e-06
7.1397e-06
0.57333
12.946
0.9307
12.952
4.2665
12.946
0.0014068
0.018909
0.0073746
0.023032
0.13779
0.12041
0.00092584
0.90784
0.092159
0.47924
0.054639
0.082881
0.38324
1.7498
0.0067764
-0.00013273
0.10519
0.52897
0.1998
-8.4618e+11
-47.8
0.0743
0.9717
129.43
8.5547
-85.527
1.3962
0.00040736
0.03702
0.023365
0.25504
0.13009
0.75396
0.00057201
0.00042186
7.2286e-06
0.096493
0.11677
0.98213
0.009179
0.080099
0.98652
0.9913
0.0014155
0.0040652
0.9871
0.18213
0.0040775
0.16485
5.3374e-06
7.1721e-06
0.57333
12.945
0.93066
12.951
4.2664
12.945
0.001406
0.018915
0.0073755
0.023189
0.13779
0.1204
0.00092614
0.9037
0.096304
0.46941
0.056084
0.084431
0.39008
1.7575
0.0067363
-0.00015808
0.10492
0.52913
0.20208
-4.208e+11
-47.8
0.0743
0.9717
129.43
8.5547
-85.527
1.3964
0.00040714
0.037001
0.023407
0.25523
0.13023
0.75417
0.00057304
0.00041763
7.2286e-06
0.096557
0.11685
0.98213
0.009179
0.080099
0.98652
0.9913
0.0014155
0.0040652
0.9871
0.18213
0.0040775
0.16485
5.3784e-06
7.227e-06
0.57332
12.943
0.9306
12.949
4.2661
12.943
0.0013898
0.018932
0.0073321
0.026406
0.13779
0.12039
0.00092641
0.76463
0.23537
0.30333
0.095843
0.10901
0.49182
1.9436
0.0059979
-0.00062915
0.10284
0.52657
0.2673
-1.6524e+05
-47.8
0.0743
0.9717
129.43
8.5547
-85.527
1.3965
0.00040784
0.037063
0.023423
0.25532
0.13023
0.75422
0.00057347
0.00042027
7.2286e-06
0.096544
0.11682
0.98213
0.009179
0.080099
0.98652
0.9913
0.0014155
0.0040652
0.9871
0.18213
0.0040775
0.16485
5.3767e-06
7.2253e-06
0.57334
12.943
0.93058
12.949
4.266
12.943
0.0013992
0.018929
0.0073594
0.025323
0.13779
0.12039
0.00092663
0.82091
0.17909
0.355
0.081838
0.10179
0.46137
1.8798
0.0062336
-0.00047809
0.10355
0.52767
0.24825
-1.4875e+07
-47.8
0.0743
0.9717
129.43
8.5547
-85.527
1.3964
0.0004083
0.037104
0.023417
0.2553
0.13019
0.75417
0.00057335
0.00042325
7.2286e-06
0.096529
0.11679
0.98213
0.009179
0.080099
0.98652
0.9913
0.0014155
0.0040652
0.9871
0.18213
0.0040775
0.16485
5.3618e-06
7.2048e-06
0.57332
12.943
0.9306
12.949
4.2661
12.943
0.0014099
0.018922
0.0073885
0.023504
0.13779
0.1204
0.00092675
0.89376
0.10624
0.45142
0.059664
0.087241
0.40168
1.7743
0.0066531
-0.00021077
0.10475
0.52929
0.20802
-9.274e+10
-47.8
0.0743
0.9717
129.43
8.5547
-85.527
1.3964
0.00040786
0.037064
0.023413
0.25523
0.1302
0.75417
0.00057324
0.0004214
7.2286e-06
0.096582
0.11687
0.98213
0.009179
0.080098
0.98652
0.9913
0.0014155
0.0040652
0.9871
0.18213
0.0040775
0.16485
5.3695e-06
7.2123e-06
0.57323
12.945
0.93065
12.951
4.2663
12.945
0.0014027
0.018929
0.0073658
0.025275
0.13779
0.12039
0.00092676
0.82204
0.17796
0.35797
0.081789
0.10133
0.45891
1.8789
0.006238
-0.00047528
0.10377
0.52741
0.24823
-1.5191e+07
-47.8
0.0743
0.9717
129.43
8.5547
-85.527
1.3964
0.00040806
0.037082
0.023402
0.25516
0.13015
0.75414
0.00057296
0.00042361
7.2286e-06
0.09659
0.11688
0.98213
0.009179
0.080098
0.98652
0.9913
0.0014155
0.0040652
0.9871
0.18213
0.0040775
0.16485
5.3551e-06
7.1908e-06
0.57315
12.947
0.93072
12.953
4.2667
12.947
0.0014114
0.018922
0.0073897
0.023196
0.13779
0.1204
0.00092673
0.90283
0.097168
0.46936
0.0565
0.084415
0.38973
1.7593
0.0067195
-0.00016862
0.10495
0.52898
0.20207
-3.151e+11
-47.8
0.0743
0.9717
129.43
8.5547
-85.527
1.3963
0.00040787
0.037065
0.023384
0.25506
0.1301
0.75405
0.0005725
0.00042366
7.2286e-06
0.096598
0.1169
0.98213
0.009179
0.080098
0.98652
0.9913
0.0014155
0.0040652
0.9871
0.18213
0.0040775
0.16485
5.3442e-06
7.1746e-06
0.5731
12.949
0.93077
12.955
4.2669
12.949
0.0014125
0.018919
0.0073922
0.022639
0.13779
0.1204
0.00092669
0.91879
0.081212
0.5025
0.050372
0.079117
0.36801
1.7273
0.0068491
-8.6468e-05
0.1054
0.52927
0.18968
-4.5362e+12
