-85.527
1.3965
0.00040841
0.037111
0.023564
0.25559
0.13055
0.75423
0.00057709
0.00041725
7.2287e-06
0.097016
0.11749
0.98214
0.0091785
0.080117
0.98652
0.9913
0.0014155
0.0040652
0.9871
0.18216
0.0040775
0.16485
5.4684e-06
7.3216e-06
0.57244
12.999
0.93235
13.005
4.2741
12.999
0.0013862
0.019046
0.0073174
0.026171
0.13781
0.12027
0.00091568
0.78321
0.21679
0.31352
0.090226
0.10846
0.48779
1.9206
0.0061794
-0.00051315
0.103
0.52786
0.26804
-1.1744e+06
-47.8
0.0743
0.9717
129.43
8.5547
-85.527
1.3965
0.00040831
0.037103
0.023568
0.25561
0.13057
0.75431
0.00057718
0.00041666
7.2287e-06
0.09704
0.11752
0.98214
0.0091785
0.080116
0.98652
0.9913
0.0014155
0.0040652
0.9871
0.18216
0.0040775
0.16485
5.4742e-06
7.3285e-06
0.57241
12.999
0.93234
13.005
4.2741
12.999
0.0013846
0.019048
0.0073147
0.025919
0.13781
0.12027
0.00091565
0.79667
0.20333
0.32509
0.086913
0.10682
0.48117
1.9061
0.0062355
-0.00047726
0.10303
0.52803
0.26328
-3.6388e+06
-47.8
0.0743
0.9717
129.43
8.5547
-85.527
1.3965
0.00040729
0.037014
0.023545
0.25548
0.13056
0.75423
0.00057657
0.00041206
7.2287e-06
0.097082
0.11758
0.98214
0.0091785
0.080115
0.98652
0.9913
0.0014155
0.0040652
0.9871
0.18216
0.0040775
0.16485
5.4784e-06
7.332e-06
0.57234
12.999
0.93235
13.005
4.2741
12.999
0.0013698
0.019055
0.0072721
-0.0012795
0.13781
0.12026
0.00091557
0.68516
0.31484
0.24195
0.11104
0.11798
0.52902
2.0212
0.0058242
-0.00074129
0.10157
0.52578
6.4587
-5.5351e+05
-47.8
0.0743
0.9717
129.43
8.5547
-85.527
1.3964
0.00040806
0.037082
0.023522
0.25539
0.13044
0.75414
0.000576
0.00041826
7.2287e-06
0.097023
0.1175
0.98214
0.0091785
0.080114
0.98652
0.9913
0.0014155
0.0040652
0.9871
0.18216
0.0040775
0.16485
5.441e-06
7.2822e-06
0.57235
12.999
0.93236
13.005
4.2741
12.999
0.0013924
0.019038
0.0073355
0.024252
0.13781
0.12028
0.00091568
0.87
0.13
0.41043
0.067164
0.094007
0.4284
1.8106
0.0066239
-0.00022971
0.10463
0.52948
0.23002
-9.4626e+09
-47.8
0.0743
0.9717
129.43
8.5547
-85.527
1.3963
0.00040787
0.037065
0.023493
0.25525
0.13037
0.754
0.00057528
0.00041912
7.2287e-06
0.096995
0.11746
0.98214
0.0091785
0.080113
0.98652
0.9913
0.0014155
0.0040652
0.9871
0.18216
0.0040775
0.16485
5.422e-06
7.2569e-06
0.57236
12.998
0.93233
13.004
4.274
12.999
0.0013949
0.019032
0.0073389
0.024545
0.13781
0.12028
0.00091581
0.85759
0.14241
0.39544
0.071118
0.096336
0.43711
1.8291
0.0065509
-0.00027614
0.10459
0.52894
0.23744
-2.0602e+09
-47.8
0.0743
0.9717
129.43
8.5547
-85.527
1.3963
0.0004077
0.037052
0.023494
0.25529
0.13038
0.75407
0.00057527
0.00041769
7.2287e-06
0.096976
0.11744
0.98214
0.0091785
0.080112
0.98652
0.9913
0.0014155
0.0040652
0.9871
0.18216
0.0040775
0.16485
5.4248e-06
7.2625e-06
0.57241
12.996
0.93226
13.002
4.2737
12.996
0.0013923
0.019027
0.0073373
0.023377
0.13781
0.12029
0.00091602
0.90028
0.099719
0.45881
0.057066
0.086312
0.39781
1.7602
0.0068281
-0.00010011
0.10523
0.53023
0.20979
-6.181e+11
-47.8
0.0743
0.9717
129.43
8.5547
-85.527
1.3964
0.0004064
0.036937
0.023498
0.25531
0.13049
0.75411
0.00057533
0.00040985
7.2287e-06
0.097006
0.11749
0.98214
0.0091785
0.080111
0.98652
0.9913
0.0014155
0.0040652
0.9871
0.18216
0.0040775
0.16485
5.4589e-06
7.3098e-06
0.57247
12.992
0.93213
12.998
4.2731
12.992
0.0013629
0.019042
0.007253
-0.013498
0.13781
0.12027
0.00091626
0.66049
0.33951
0.22727
0.11576
0.11974
0.53724
2.0459
0.0057432
-0.00079363
0.10107
0.525
14.801
-3.9424e+06
-47.8
0.0743
0.9717
129.43
8.5547
-85.527
1.3965
0.00040737
0.037022
0.023515
0.25544
0.13048
0.75421
0.0005758
0.00041441
7.2287e-06
0.09693
0.11737
0.98214
0.0091786
0.08011
0.98652
0.9913
0.0014155
0.0040652
0.9871
0.18216
0.0040775
0.16485
5.4515e-06
7.3046e-06
0.57263
12.988
0.932
12.994
4.2725
12.988
0.001378
0.01903
0.0072964
0.0265
0.13781
0.12029
0.00091675
0.76527
0.23473
0.2978
0.094214
0.11061
0.49738
1.9424
0.0060951
-0.00056711
0.10231
0.527
0.27447
-2.647e+05
-47.8
0.0743
0.9717
129.43
8.5547
-85.527
1.3963
0.00040764
0.037044
0.023489
0.25537
0.13039
0.75405
0.00057515
0.00041729
7.2287e-06
0.096827
0.11724
0.98214
0.0091786
0.08011
0.98652
0.9913
0.0014155
0.0040652
0.9871
0.18216
0.0040775
0.16485
5.4237e-06
7.2718e-06
0.57278
12.984
0.93188
12.99
4.2719
12.984
0.0013872
0.019015
0.007321
0.025539
0.13781
0.1203
0.00091719
0.81513
0.18487
0.34372
0.082444
0.10408
0.46975
1.8847
0.0063131
-0.00042763
0.10342
0.52825
0.25531
-2.0449e+07
-47.8
0.0743
0.9717
129.43
8.5547
-85.527
1.3962
0.00040719
0.037004
0.023465
0.25528
0.13036
0.75394
0.00057454
0.00041601
7.2287e-06
0.096779
0.11718
0.98214
0.0091786
0.080109
0.98652
0.9913
0.0014155
0.0040652
0.9871
0.18215
0.0040775
0.16485
5.4145e-06
7.2621e-06
0.57287
12.981
0.93178
12.987
4.2715
12.981
0.0013826
0.01901
0.0073063
0.026461
0.13781
0.12031
0.00091757
0.76685
0.23315
0.3001
0.094079
0.11026
0.49556
1.9402
0.0061005
-0.00056369
0.10263
0.52704
0.27352
-2.9978e+05
-47.8
0.0743
0.9717
129.43
8.5547
-85.527
1.3962
0.00040722
0.037007
0.023455
0.25526
0.13033
0.75392
0.0005743
0.00041694
7.2287e-06
0.096733
0.11712
0.98214
0.0091786
0.080108
0.98652
0.9913
0.0014155
0.0040652
0.9871
0.18215
0.0040775
0.16485
5.4057e-06
7.2526e-06
0.57295
12.978
0.93169
12.984
4.2711
12.978
0.0013854
0.019002
0.0073144
0.025901
0.13781
0.12032
0.00091793
0.79681
0.20319
0.32608
0.087036
0.10661
0.48028
1.9072
0.0062238
-0.00048472
0.10302
0.52763
0.26216
-3.2663e+06
-47.8
0.0743
0.9717
129.43
8.5547
-85.527
1.3962
0.00040706
0.036993
0.023452
0.25526
0.13034
0.75392
0.00057422
0.00041582
7.2287e-06
0.096721
0.1171
0.98214
0.0091786
0.080107
0.98652
0.9913
0.0014155
0.0040652
0.9871
0.18215
0.0040775
0.16485
5.407e-06
7.2555e-06
0.57298
12.976
0.93163
12.982
4.2708
12.976
0.0013821
0.019
0.0073057
0.026501
0.13781
0.12032
0.00091825
0.76456
0.23544
0.29822
0.0946
0.11049
0.49669
1.9426
0.006088
-0.00057166
0.10256
0.52701
0.27385
-2.5669e+05
-47.8
0.0743
0.9717
129.43
8.5547
-85.527
1.3963
0.00040738
0.037021
0.023464
0.25533
0.13035
0.754
0.00057451
0.00041692
7.2287e-06
0.09672
0.11709
0.98214
0.0091786
0.080106
0.98652
0.9913
0.0014155
0.0040652
0.9871
0.18215
0.0040775
0.16485
5.4098e-06
7.2597e-06
0.573
12.974
0.93158
12.98
4.2706
12.975
0.0013856
0.018998
0.0073171
0.025897
0.13781
0.12032
0.00091854
0.79708
0.20292
0.32614
0.086943
0.10658
0.48033
1.9064
0.0062223
-0.00048566
0.103
0.52778
0.26179
-3.36e+06
-47.8
0.0743
0.9717
129.43
8.5547
-85.527
1.3964
0.00040721
0.037007
0.023479
0.25538
0.1304
0.75411
0.00057488
0.00041459
7.2287e-06
0.096771
0.11716
0.98214
0.0091786
0.080106
0.98652
0.9913
0.0014155
0.0040652
0.9871
0.18215
0.0040775
0.16485
5.4269e-06
7.281e-06
0.57294
12.974
0.93157
12.98
4.2705
12.974
0.0013786
0.019005
0.007299
0.026938
0.13781
0.12031
0.00091874
0.73945
0.26055
0.27869
0.10009
0.11312
0.5081
1.9677
0.0059926
-0.00063288
0.10223
0.52683
0.28105
-1.1297e+05
-47.8
0.0743
0.9717
129.43
8.5547
-85.527
1.3965
0.0004075
0.037034
0.023497
0.25546
0.13044
0.75427
0.00057535
0.00041578
7.2287e-06
0.096823
0.11722
0.98214
0.0091786
0.080105
0.98652
0.9913
0.0014155
0.0040652
0.9871
0.18215
0.0040775
0.16485
5.4363e-06
7.2908e-06
0.57285
12.975
0.93161
12.981
4.2707
12.975
0.0013828
0.019007
0.0073125
0.025747
0.13781
0.12031
0.00091888
0.805
0.195
0.33277
0.084841
0.10563
0.47676
1.8982
0.0062527
-0.00046614
0.10279
0.52781
0.25883
-6.1703e+06
-47.8
0.0743
0.9717
129.43
8.5547
-85.527
1.3964
0.00040603
0.036904
0.023464
0.25525
0.13043
0.75414
0.00057446
0.00040914
7.2287e-06
0.096911
0.11735
0.98214
0.0091786
0.080104
0.98652
0.9913
0.0014155
0.0040652
0.9871
0.18215
0.0040775
0.16485
5.4429e-06
7.2946e-06
0.57268
12.977
0.93168
12.983
4.271
12.978
0.0013606
0.019017
0.007248
-0.017478
0.13781
0.1203
0.00091888
0.64206
0.35794
0.2175
0.11945
0.12076
0.54229
2.0633
0.0056797
-0.00083461
0.10087
0.52465
22.105
-1.9934e+07
-47.8
0.0743
0.9717
129.43
8.5547
-85.527
1.3965
0.00040751
0.037035
0.023471
0.25526
0.13034
0.75422
0.00057468
0.00041807
7.2287e-06
0.096917
0.11734
0.98214
0.0091786
0.080103
0.98652
0.9913
0.0014155
0.0040652
0.9871
0.18215
0.0040775
0.16485
5.4155e-06
7.2544e-06
0.57256
12.981
0.93177
12.986
4.2715
12.981
0.0013929
0.019004
0.0073386
0.023884
0.13781
0.12031
0.00091908
0.88278
0.11722
0.42994
0.063101
0.090906
0.41605
1.7926
0.0066877
-0.00018905
0.10457
0.52925
0.22121
-3.6671e+10
-47.8
0.0743
0.9717
129.43
8.5547
-85.527
1.3963
0.0004075
0.037033
0.023442
0.2551
0.13025
0.75407
0.00057398
0.00041987
7.2287e-06
0.096934
0.11737
0.98214
0.0091786
0.080103
0.98652
0.9913
0.0014155
0.0040652
0.9871
0.18215
0.0040775
0.16485
5.3937e-06
7.2219e-06
0.57245
12.983
0.93184
12.989
4.2718
12.983
0.0013995
0.018998
0.0073533
0.023187
0.13781
0.12032
0.00091925
0.90453
0.095466
0.47071
0.055756
0.084392
0.38914
1.7534
0.0068521
-8.4807e-05
0.10547
0.52972
0.20627
-9.471e+11
-47.8
0.0743
0.9717
129.43
8.5547
-85.527
1.3963
0.00040733
0.037017
0.023429
0.25502
0.13022
0.75402
0.00057363
0.00042005
7.2288e-06
0.09694
0.11738
0.98214
0.0091786
0.080102
0.98652
0.9913
0.0014155
0.0040652
0.9871
0.18215
0.0040775
0.16485
5.3869e-06
7.2117e-06
0.57242
12.983
0.93183
12.988
4.2717
12.983
0.0013999
0.018995
0.0073527
0.023184
0.13781
0.12032
0.00091949
0.90427
0.095727
0.47102
0.055897
0.084347
0.38873
1.7546
0.0068496
-8.6397e-05
0.10545
0.52946
0.20581
-8.5054e+11
-47.8
0.0743
0.9717
129.43
8.5547
-85.527
1.3963
0.00040729
0.037014
0.023425
0.25503
0.13022
0.75401
0.00057353
0.00041984
7.2288e-06
0.096903
0.11733
0.98214
0.0091786
0.080102
0.98652
0.9913
0.0014155
0.0040652
0.9871
0.18215
0.0040775
0.16485
5.3845e-06
7.211e-06
0.5725
12.98
0.93175
12.986
4.2713
12.98
0.0013993
0.01899
0.0073522
0.022924
0.13781
0.12033
0.00091983
0.91232
0.087677
0.48596
0.052802
0.081915
0.37933
1.7385
0.0069094
-4.8526e-05
0.10559
0.52981
0.19871
-3.2022e+12
-47.8
0.0743
0.9717
129.43
8.5547
-85.527
1.3963
0.00040725
0.037008
0.023432
0.25509
0.13025
0.75405
0.00057372
0.00041948
7.2288e-06
0.096847
0.11725
0.98214
0.0091786
0.080101
0.98652
0.9913
0.0014155
0.0040652
0.9871
0.18215
0.0040775
0.16485
5.3926e-06
7.2266e-06
0.57266
12.975
0.93159
12.981
4.2706
12.975
0.0013948
0.01899
0.0073365
0.024943
0.1378
0.12033
0.00092025
0.84002
0.15998
0.37421
0.076226
0.099481
0.45008
1.8564
0.0064253
-0.000356
0.10387
0.52775
0.24559
-1.8065e+08
-47.8
0.0743
0.9717
129.43
8.5547
-85.527
1.3963
0.00040717
0.037002
0.023421
0.25511
0.13024
0.75398
0.00057343
0.00041918
7.2288e-06
0.096738
0.11711
0.98214
0.0091786
0.0801
0.98652
0.9913
0.0014155
0.0040652
0.9871
0.18215
0.0040775
0.16485
5.3842e-06
7.2221e-06
0.57289
12.969
0.9314
12.975
4.2698
12.969
0.0013932
0.01898
0.0073335
0.025231
0.1378
0.12034
0.00092069
0.82762
0.17238
0.3594
0.07953
0.10167
0.4594
1.8717
0.0063561
-0.00040013
0.10363
0.52773
0.25002
-5.1435e+07
-47.8
0.0743
0.9717
129.43
8.5547
-85.527
1.3962
0.00040709
0.036996
0.023408
0.25514
0.13021
0.75392
0.00057309
0.00041871
7.2288e-06
0.096621
0.11695
0.98214
0.0091786
0.0801
0.98652
0.9913
0.0014155
0.0040652
0.9871
0.18215
0.0040775
0.16485
5.3732e-06
7.2145e-06
0.57313
12.963
0.93122
12.969
4.2689
12.963
0.0013928
0.018967
0.0073363
0.024779
0.1378
0.12035
0.0009211
0.84826
0.15174
0.3822
0.073697
0.098243
0.44586
1.8435
0.006461
-0.00033326
0.10397
0.52857
0.24084
-5.3813e+08
-47.8
0.0743
0.9717
129.43
8.5547
-85.527
1.3962
0.00040633
0.03693
0.023402
0.25515
0.13025
0.7539
0.0005729
0.0004139
7.2288e-06
0.096565
0.11689
0.98214
0.0091786
0.080099
0.98652
0.9913
0.0014155
0.0040653
0.9871
0.18214
0.0040775
0.16485
5.3842e-06
7.2346e-06
0.57331
12.957
0.93105
12.963
4.2681
12.957
0.0013766
0.018966
0.0072931
0.02714
0.1378
0.12035
0.00092143
0.72642
0.27358
0.26996
0.10305
0.11411
0.51287
1.9817
0.0059286
-0.00067399
0.10204
0.52633
0.28205
-1.1364e+05
-47.8
0.0743
0.9717
129.43
8.5547
-85.527
1.3962
0.00040658
0.036953
0.023406
0.25523
0.13026
0.75395
0.00057301
0.00041473
7.2288e-06
0.096493
0.11679
0.98214
0.0091786
0.080099
0.98652
0.9913
0.0014155
0.0040653
0.9871
0.18214
0.0040775
0.16485
5.3812e-06
7.2352e-06
0.57347
12.953
0.93092
12.959
4.2676
12.953
0.0013801
0.018957
0.0073057
0.026368
0.1378
0.12036
0.0009217
0.77197
0.22803
0.30375
0.092851
0.10957
0.49382
1.9346
0.0060921
-0.000569
0.10241
0.52727
0.26925
-3.8718e+05
-47.8
0.0743
0.9717
129.43
8.5547
-85.527
1.3963
0.00040605
0.036908
0.023404
0.25524
0.13029
0.75399
0.00057294
0.00041158
7.2288e-06
0.096488
0.11679
0.98214
0.0091786
0.080098
0.98652
0.9913
0.0014155
0.0040653
0.9871
0.18214
0.0040775
0.16485
5.3907e-06
7.2495e-06
0.57352
12.951
0.93086
12.957
4.2673
12.951
0.00137
0.018958
0.0072805
0.027215
0.1378
0.12036
0.00092182
0.72263
0.27737
0.26603
0.10352
0.1146
0.51586
1.9851
0.0059077
-0.00068746
0.10162
0.5265
0.28291
-1.1802e+05
-47.8
0.0743
0.9717
129.43
8.5547
-85.527
1.3962
0.000405
0.036816
0.023379
0.25512
0.13028
0.75393
0.00057226
0.0004074
7.2288e-06
0.096508
0.11683
0.98214
0.0091786
0.080098
0.98652
0.9913
0.0014155
0.0040653
0.9871
0.18214
0.0040775
0.16485
5.3928e-06
7.2513e-06
0.57349
12.951
0.93086
12.957
4.2673
12.951
0.0013561
0.01896
0.007242
-0.012239
0.1378
0.12036
0.00092181
0.6651
0.3349
0.22958
0.11488
0.11912
0.53642
2.042
0.0057208
-0.000808
0.1006
0.52511
14.081
-3.2134e+06
-47.8
0.0743
0.9717
129.43
8.5547
-85.527
1.3961
0.00040447
0.036768
0.023339
0.2549
0.13019
0.75376
0.00057125
0.0004074
7.2288e-06
0.09651
0.11685
0.98214
0.0091786
0.080097
0.98652
0.9913
0.0014155
0.0040653
0.9871
0.18214
0.0040775
0.16485
5.372e-06
7.2213e-06
0.57342
12.953
0.9309
12.959
4.2675
12.953
0.0013558
0.018956
0.0072367
-0.016317
0.1378
0.12036
0.00092188
0.65186
0.34814
0.22275
0.11764
0.11989
0.53973
2.0561
0.0056798
-0.00083457
0.10056
0.52436
19.33
-1.0589e+07
-47.8
0.0743
0.9717
129.43
8.5547
-85.527
1.396
0.00040582
0.036886
0.02332
0.2548
0.13004
0.75367
0.00057082
0.00041695
7.2288e-06
0.096455
0.11676
0.98214
0.0091786
0.080097
0.98652
0.9913
0.0014155
0.0040653
0.9871
0.18214
0.0040775
0.16485
5.3259e-06
7.1582e-06
0.57338
12.955
0.93097
12.961
4.2678
12.955
0.0013899
0.018935
0.0073302
0.023708
0.1378
0.12038
0.00092212
0.88872
0.11128
0.43943
0.061123
0.089335
0.41012
1.7839
0.006692
-0.00018643
0.10455
0.52905
0.21634
-7.7547e+10
-47.8
0.0743
0.9717
129.43
8.5547
-85.527
1.3959
0.00040581
0.036884
0.023304
0.25471
0.12999
0.75359
0.00057044
0.00041811
7.2288e-06
0.096465
0.11678
0.98214
0.0091786
0.080097
0.98652
0.9913
0.0014155
0.0040653
0.9871
0.18214
0.0040775
0.16485
5.3145e-06
7.1411e-06
0.57331
12.956
0.93099
12.961
4.2679
12.956
0.0013935
0.018932
0.0073374
0.023375
0.1378
0.12039
0.00092235
0.89909
0.10091
0.45892
0.057631
0.086232
0.39721
1.7653
0.0067686
-0.00013789
0.105
0.52923
0.20855
-3.5902e+11
-47.8
0.0743
0.9717
129.43
8.5547
-85.527
1.396
0.00040521
0.03683
0.023311
0.2547
0.13005
0.75364
0.00057059
0.00041482
7.2288e-06
0.096516
0.11685
0.98214
0.0091786
0.080096
0.98652
0.9913
0.0014155
0.0040653
0.9871
0.18214
0.0040775
0.16485
5.3351e-06
7.1675e-06
0.57327
12.955
0.93097
12.961
4.2678
12.955
0.0013799
0.018942
0.0072945
0.02663
0.1378
0.12038
0.00092263
0.75465
0.24535
0.29261
0.09735
0.11097
0.49907
1.9579
0.0060119
-0.0006205
0.10228
0.52543
0.27557
-1.3185e+05
-47.8
0.0743
0.9717
129.43
8.5547
-85.527
1.3959
0.00040585
0.036888
0.023305
0.25473
0.12999
0.7536
0.00057045
0.00041812
7.2288e-06
0.096445
0.11674
0.98214
0.0091786
0.080096
0.98652
0.9913
0.0014155
0.0040653
0.9871
0.18214
0.0040775
0.16485
5.3146e-06
7.1425e-06
0.57336
12.953
0.93091
12.959
4.2675
12.953
0.0013936
0.018926
0.0073385
0.02311
0.1378
0.12039
0.00092297
0.90753
0.092471
0.47394
0.054493
0.083807
0.38776
1.7493
0.0068263
-0.00010131
0.10514
0.52954
0.20137
-1.3175e+12
-47.8
0.0743
0.9717
129.43
8.5547
-85.527
1.396
0.0004058
0.036882
0.023316
0.25479
0.13004
0.75365
0.00057074
0.00041738
7.2288e-06
0.096428
0.11672
0.98214
0.0091786
0.080095
0.98652
0.9913
0.0014155
0.0040653
0.9871
0.18214
0.0040775
0.16485
5.3266e-06
7.1612e-06
0.57345
12.95
0.9308
12.955
4.267
12.95
0.0013881
0.01893
0.0073188
0.025647
0.1378
0.12039
0.00092334
0.80738
0.19262
0.3384
0.08481
0.10458
0.4722
1.8983
0.0062258
-0.00048345
0.10304
0.5268
0.25715
-5.7806e+06
-47.8
0.0743
0.9717
129.43
8.5547
-85.527
1.3961
0.00040581
0.036883
0.02333
0.2549
0.13009
0.75375
0.00057109
0.0004162
7.2288e-06
0.0964
0.11668
0.98214
0.0091786
0.080095
0.98652
0.9913
0.0014155
0.0040653
0.9871
0.18214
0.0040775
0.16485
5.3379e-06
7.1795e-06
0.57356
12.946
0.9307
12.952
4.2665
12.946
0.0013843
0.018928
0.0073118
0.025692
0.1378
0.12039
0.0009237
0.80603
0.19397
0.33565
0.084932
0.10496
0.47446
1.8998
0.0062135
-0.00049128
0.10276
0.52696
0.25732
-5.0292e+06
-47.8
0.0743
0.9717
129.43
8.5547
-85.527
1.396
0.00040495
0.036808
0.023314
0.25484
0.1301
0.75366
0.00057064
0.00041161
7.2288e-06
0.096378
0.11666
0.98214
0.0091786
0.080095
0.98652
0.9913
0.0014155
0.0040653
0.9871
0.18214
0.0040775
0.16485
5.3433e-06
7.189e-06
0.57363
12.943
0.9306
12.949
4.2661
12.943
0.0013687
0.018929
0.0072697
0.0011725
0.1378
0.12039
0.00092398
0.69456
0.30544
0.24923
0.10979
0.11651
0.52447
2.0152
0.0057958
-0.00075955
0.10144
0.52518
5.7718
-4.4706e+05
-47.8
0.0743
0.9717
129.43
8.5547
-85.527
1.3959
0.00040576
0.036878
0.023304
0.25483
0.13002
0.7536
0.00057042
0.00041719
7.2288e-06
0.096288
0.11654
0.98214
0.0091786
0.080095
0.98652
0.9913
0.0014155
0.0040653
0.9871
0.18214
0.0040775
0.16485
5.3166e-06
7.1564e-06
0.57375
12.941
0.93053
12.947
4.2658
12.941
0.0013873
0.018913
0.0073205
0.02542
0.1378
0.12041
0.00092438
0.81898
0.18102
0.3491
0.0817
0.10299
0.46621
1.8838
0.0062687
-0.00045595
0.10307
0.52729
0.25151
-1.8194e+07
-47.8
0.0743
0.9717
129.43
8.5547
-85.527
1.3959
0.0004059
0.036891
0.023293
0.2548
0.12998
0.75354
0.00057016
0.0004184
7.2288e-06
0.096246
0.11648
0.98214
0.0091786
0.080094
0.98652
0.9913
0.0014155
0.0040653
0.9871
0.18214
0.0040775
0.16485
5.3046e-06
7.1419e-06
0.5738
12.939
0.93048
12.945
4.2655
12.939
0.0013917
0.018905
0.0073329
0.024883
0.13779
0.12041
0.00092471
0.84312
0.15688
0.37655
0.075248
0.098934
0.44927
1.8521
0.0063913
-0.00037776
0.10369
0.52798
0.24143
-2.4644e+08
-47.8
0.0743
0.9717
129.43
8.5547
-85.527
1.396
0.00040549
0.036855
0.023307
0.25486
0.13005
0.75364
0.00057049
0.0004149
7.2288e-06
0.096288
0.11654
0.98214
0.0091786
0.080094
0.98652
0.9913
0.0014155
0.0040653
0.9871
0.18214
0.0040775
0.16485
5.3259e-06
7.17e-06
0.57378
12.938
0.93045
12.944
4.2654
12.939
0.0013802
0.018912
0.0073021
0.026511
0.13779
0.12041
0.00092497
0.76202
0.23798
0.29757
0.095574
0.11016
0.49669
1.9479
0.0060215
-0.00061429
0.1023
0.52628
0.2706
-1.7596e+05
-47.8
0.0743
0.9717
129.43
8.5547
-85.527
1.396
0.00040541
0.036849
0.023318
0.2549
0.13009
0.75372
0.00057076
0.00041377
7.2288e-06
0.096325
0.11659
0.98214
0.0091786
0.080094
0.98652
0.9913
0.0014155
0.0040653
0.9871
0.18214
0.0040775
0.16485
5.3372e-06
7.1838e-06
0.57373
12.939
0.93046
12.944
4.2654
12.939
0.0013764
0.018915
0.0072923
0.026913
0.13779
0.1204
0.00092517
0.73858
0.26142
0.27961
0.10077
0.11254
0.50708
1.9719
0.005934
-0.00067047
0.10199
0.52594
0.27686
-1.0971e+05
-47.8
0.0743
0.9717
129.43
8.5547
-85.527
1.396
0.00040587
0.036889
0.02331
0.25484
0.13003
0.75368
0.00057058
0.00041739
7.2288e-06
0.096321
0.11658
0.98214
0.0091786
0.080094
0.98652
0.9913
0.0014155
0.0040653
0.9871
0.18214
0.0040775
0.16485
5.3209e-06
7.1603e-06
0.57368
12.94
0.9305
12.946
4.2656
12.94
0.0013886
0.018909
0.0073235
0.025582
0.13779
0.12041
0.00092532
0.81046
0.18954
0.34136
0.084045
0.10405
0.47055
1.8947
0.0062209
-0.00048646
0.10298
0.52694
0.25414
-6.8768e+06
-47.8
0.0743
0.9717
129.43
8.5547
-85.527
1.3959
0.00040601
0.0369
0.023291
0.25473
0.12996
0.75357
0.0005701
0.00041973
7.2288e-06
0.096326
0.11658
0.98214
0.0091786
0.080093
0.98652
0.9913
0.0014155
0.0040653
0.9871
0.18214
0.0040775
0.16485
5.3024e-06
7.1333e-06
0.57361
12.942
0.93056
12.948
4.2659
12.942
0.0013964
0.018904
0.0073431
0.024536
0.13779
0.12041
0.00092541
0.8564
0.1436
0.39504
0.071617
0.096118
0.43722
1.835
0.00646
-0.00033392
0.104
0.52783
0.23497
-9.3493e+08
-47.8
0.0743
0.9717
129.43
8.5547
-85.527
1.3959
0.00040602
0.036902
0.023288
0.25471
0.12994
0.75359
0.00057003
0.00041984
7.2288e-06
0.096356
0.11662
0.98214
0.0091786
0.080093
0.98652
0.9913
0.0014155
0.0040653
0.9871
0.18214
0.0040775
0.16485
5.3e-06
7.1277e-06
0.57353
12.943
0.9306
12.949
4.2661
12.943
0.0013985
0.018902
0.007351
0.023359
0.13779
0.12042
0.0009255
0.89896
0.10104
0.45977
0.057748
0.08604
0.39644
1.7664
0.0067374
-0.0001576
0.10491
0.52898
0.20702
-2.7215e+11
-47.8
0.0743
0.9717
129.43
8.5547
-85.527
1.396
0.0004057
0.036873
0.023304
0.25474
0.13001
0.7537
0.00057043
0.00041748
7.2288e-06
0.096423
0.11671
0.98214
0.0091786
0.080093
0.98652
0.9913
0.0014155
0.0040653
0.9871
0.18214
0.0040775
0.16485
5.3219e-06
7.155e-06
0.57345
12.944
0.93062
12.95
4.2662
12.944
0.0013888
0.018914
0.0073208
0.025902
0.13779
0.1204
0.00092561
0.79299
0.20701
0.32654
0.088726
0.1061
0.47863
1.9165
0.0061411
-0.00053754
0.10288
0.52608
0.26163
-1.145e+06
-47.8
0.0743
0.9717
129.43
8.5547
-85.527
1.396
0.00040616
0.036914
0.023303
0.25476
0.12998
0.7537
0.00057043
0.00041998
7.2289e-06
0.096402
0.11668
0.98214
0.0091786
0.080093
0.98652
0.9913
0.0014155
0.0040653
0.9871
0.18214
0.0040775
0.16485
5.3107e-06
7.1401e-06
0.57346
12.944
0.93062
12.95
4.2662
12.944
0.0013983
0.018906
0.0073495
0.023994
0.13779
0.12041
0.00092575
0.87697
0.12303
0.42418
0.065277
0.091634
0.41891
1.8046
0.0065819
-0.0002563
0.10435
0.52819
0.22199
-1.1006e+10
-47.8
0.0743
0.9717
129.43
8.5547
-85.527
1.396
0.00040614
0.036914
0.0233
0.25477
0.12997
0.75369
0.00057033
0.00041933
7.2289e-06
0.096382
0.11665
0.98214
0.0091786
0.080093
0.98652
0.9913
0.0014155
0.0040653
0.9871
0.18214
0.0040775
0.16485
5.3071e-06
7.1362e-06
0.57349
12.943
0.9306
12.949
4.2661
12.943
0.0013985
0.0189
0.0073544
0.022732
0.13779
0.12042
0.0009259
0.91777
0.082235
0.496
0.050581
0.08021
0.37321
1.7291
0.0068792
-6.772e-05
0.10526
0.52959
0.19227
-5.723e+12
-47.8
0.0743
0.9717
129.43
8.5547
-85.527
1.3961
0.00040549
0.036855
0.023315
0.25482
0.13006
0.75378
0.00057068
0.0004149
7.2289e-06
0.096417
0.11671
0.98214
0.0091786
0.080093
0.98652
0.9913
0.0014155
0.0040653
0.9871
0.18214
0.0040775
0.16485
5.3353e-06
7.1748e-06
0.57351
12.941
0.93053
12.947
4.2658
12.941
0.0013804
0.018914
0.0073009
0.026906
0.13779
0.1204
0.00092606
0.73705
0.26295
0.28052
0.1016
0.11231
0.50557
1.9746
0.0059211
-0.00067873
0.10222
0.52548
0.27748
-1.1156e+05
-47.8
0.0743
0.9717
129.43
8.5547
-85.527
1.3961
0.00040639
0.036935
0.023316
0.25488
0.13001
0.75375
0.00057073
0.00041975
7.2289e-06
0.096334
0.11658
0.98214
0.0091786
0.080093
0.98652
0.9913
0.0014155
0.0040653
0.9871
0.18214
0.0040775
0.16485
5.3153e-06
7.1513e-06
0.57363
12.939
0.93047
12.945
4.2655
12.939
0.0013978
0.0189
0.0073515
0.023909
0.13779
0.12042
0.00092625
0.88077
0.11923
0.42843
0.063916
0.090951
0.4167
1.7975
0.0065992
-0.00024529
0.10436
0.52869
0.21929
-1.9176e+10
-47.8
0.0743
0.9717
129.43
8.5547
-85.527
1.396
0.00040625
0.036922
0.023313
0.25487
0.13002
0.75372
0.00057066
0.00041908
7.2289e-06
0.096309
0.11655
0.98214
0.0091786
0.080093
0.98652
0.9913
0.0014155
0.0040653
0.9871
0.18214
0.0040775
0.16485
5.3165e-06
7.1548e-06
0.57369
12.937
0.93041
12.943
4.2652
12.937
0.0013946
0.0189
0.0073405
0.025079
0.13779
0.12042
0.00092639
0.83332
0.16668
0.36654
0.078146
0.10032
0.45499
1.8663
0.0063213
-0.00042229
0.10342
0.52739
0.24458
-6.3671e+07
-47.8
0.0743
0.9717
129.43
8.5547
-85.527
1.396
0.00040568
0.036872
0.023306
0.25484
0.13003
0.75369
0.00057047
0.00041607
7.2289e-06
0.096308
0.11656
0.98214
0.0091786
0.080093
0.98652
0.9913
0.0014155
0.0040653
0.9871
0.18214
0.0040775
0.16485
5.3234e-06
7.165e-06
0.57373
12.936
0.93037
12.942
4.265
12.936
0.0013839
0.018904
0.0073112
0.026531
0.13779
0.12042
0.00092646
0.75928
0.24072
0.29717
0.09661
0.11007
0.49615
1.9512
0.005998
-0.00062931
0.10248
0.52605
0.27091
-1.4615e+05
-47.8
0.0743
0.9717
129.43
8.5547
-85.527
1.396
0.00040623
0.036919
0.023298
0.25483
0.12998
0.75363
0.0005703
0.00041988
7.2289e-06
0.096255
0.11649
0.98214
0.0091786
0.080093
0.98652
0.9913
0.0014155
0.0040653
0.9871
0.18214
0.0040775
0.16485
5.3044e-06
7.141e-06
0.57378
12.935
0.93036
12.941
4.265
12.935
0.0013968
0.018893
0.0073469
0.024591
0.13779
0.12043
0.00092652
0.85434
0.14566
0.39175
0.072171
0.09656
0.43952
1.8377
0.0064334
-0.00035079
0.10382
0.52793
0.23457
-6.8275e+08
