-85.526
1.3962
0.00040802
0.037078
0.023491
0.25531
0.13036
0.75389
0.00057524
0.00041949
7.2297e-06
0.096804
0.11723
0.98217
0.009177
0.080028
0.98652
0.9913
0.0014157
0.0040655
0.98712
0.18226
0.0040776
0.16488
5.4119e-06
7.2552e-06
0.57275
12.995
0.93222
13.001
4.2735
12.995
0.0013957
0.019004
0.0073437
0.024464
0.13781
0.12031
0.00091743
0.86113
0.13887
0.39943
0.070034
0.095562
0.43497
1.8226
0.0065269
-0.00029144
0.10463
0.52951
0.23358
-3.6512e+09
-47.8
0.0743
0.9717
129.43
8.5547
-85.526
1.3963
0.00040765
0.037045
0.023517
0.25542
0.13046
0.75404
0.00057587
0.00041561
7.2297e-06
0.096856
0.11729
0.98217
0.009177
0.080027
0.98652
0.9913
0.0014157
0.0040655
0.98712
0.18226
0.0040776
0.16488
5.4428e-06
7.2965e-06
0.57275
12.993
0.93216
12.999
4.2732
12.993
0.0013817
0.019017
0.0073046
0.02682
0.13781
0.1203
0.00091748
0.74548
0.25452
0.284
0.099053
0.11221
0.50474
1.961
0.0059906
-0.00063418
0.10247
0.52702
0.2757
-1.3018e+05
-47.8
0.0743
0.9717
129.43
8.5547
-85.526
1.3964
0.00040798
0.037075
0.023537
0.25553
0.1305
0.75414
0.00057637
0.00041596
7.2297e-06
0.096861
0.11729
0.98217
0.009177
0.080026
0.98652
0.9913
0.0014157
0.0040655
0.98712
0.18225
0.0040776
0.16488
5.4524e-06
7.3102e-06
0.57277
12.991
0.93211
12.997
4.273
12.991
0.0013828
0.019019
0.0073098
0.026638
0.13781
0.1203
0.00091758
0.7565
0.2435
0.292
0.096528
0.11114
0.50034
1.9488
0.0060318
-0.0006077
0.10259
0.52749
0.27302
-1.9614e+05
-47.8
0.0743
0.9717
129.43
8.5547
-85.526
1.3965
0.0004084
0.037112
0.023546
0.25559
0.13051
0.75419
0.00057662
0.00041782
7.2297e-06
0.096859
0.11727
0.98217
0.009177
0.080025
0.98652
0.9913
0.0014157
0.0040655
0.98712
0.18225
0.0040776
0.16488
5.4514e-06
7.3089e-06
0.57278
12.99
0.93207
12.996
4.2728
12.99
0.0013887
0.019018
0.0073266
0.025901
0.13781
0.1203
0.00091765
0.79665
0.20335
0.32608
0.087169
0.10642
0.48033
1.9044
0.0061959
-0.00050257
0.1032
0.52842
0.26158
-4.225e+06
-47.8
0.0743
0.9717
129.43
8.5547
-85.526
1.3965
0.00040808
0.037084
0.023549
0.25558
0.13054
0.75424
0.00057668
0.00041567
7.2297e-06
0.096908
0.11734
0.98217
0.009177
0.080024
0.98652
0.9913
0.0014157
0.0040655
0.98712
0.18225
0.0040776
0.16488
5.4621e-06
7.3212e-06
0.57271
12.99
0.93208
12.996
4.2729
12.99
0.001382
0.019025
0.007308
0.026822
0.13781
0.12029
0.00091767
0.74575
0.25425
0.28383
0.098917
0.11223
0.50502
1.9595
0.0059927
-0.0006328
0.10249
0.52739
0.27579
-1.3367e+05
-47.8
0.0743
0.9717
129.43
8.5547
-85.526
1.3965
0.00040802
0.037078
0.023537
0.2555
0.1305
0.75422
0.00057639
0.00041642
7.2297e-06
0.096936
0.11738
0.98217
0.009177
0.080023
0.98652
0.9913
0.0014157
0.0040655
0.98712
0.18225
0.0040776
0.16488
5.4545e-06
7.3084e-06
0.57262
12.992
0.93212
12.998
4.273
12.992
0.0013847
0.019025
0.0073136
0.026609
0.13781
0.12029
0.00091764
0.75748
0.24252
0.29353
0.096468
0.11092
0.49908
1.9483
0.0060364
-0.00060477
0.10269
0.5273
0.27316
-1.9664e+05
-47.8
0.0743
0.9717
129.43
8.5547
-85.526
1.3964
0.00040839
0.037112
0.023513
0.25539
0.1304
0.75413
0.00057578
0.00042003
7.2297e-06
0.09692
0.11735
0.98217
0.009177
0.080022
0.98652
0.9913
0.0014157
0.0040655
0.98712
0.18225
0.0040776
0.16488
5.4251e-06
7.2671e-06
0.57256
12.993
0.93217
12.999
4.2733
12.993
0.0013992
0.019014
0.0073557
0.023718
0.13781
0.1203
0.00091761
0.88842
0.11158
0.44033
0.061367
0.089178
0.40912
1.7791
0.0067037
-0.00017904
0.10528
0.53035
0.21662
-1.2715e+11
-47.8
0.0743
0.9717
129.43
8.5547
-85.526
1.3965
0.00040807
0.037084
0.023513
0.25537
0.13041
0.75421
0.00057576
0.00041857
7.2297e-06
0.096967
0.11741
0.98217
0.009177
0.080021
0.98652
0.9913
0.0014157
0.0040655
0.98712
0.18225
0.0040776
0.16488
5.4323e-06
7.2743e-06
0.57248
12.994
0.9322
13
4.2734
12.994
0.0013953
0.019018
0.0073465
0.023394
0.13781
0.1203
0.00091759
0.89936
0.10064
0.45782
0.057451
0.086397
0.39833
1.7615
0.006777
-0.00013251
0.10518
0.53031
0.20966
-5.3814e+11
-47.8
0.0743
0.9717
129.43
8.5547
-85.526
1.3964
0.00040632
0.036929
0.023495
0.25525
0.13048
0.75417
0.00057528
0.00040983
7.2297e-06
0.097046
0.11754
0.98217
0.009177
0.08002
0.98652
0.9913
0.0014157
0.0040655
0.98712
0.18225
0.0040776
0.16488
5.4594e-06
7.3083e-06
0.5724
12.993
0.93218
12.999
4.2733
12.994
0.001363
0.019035
0.0072515
-0.018419
0.13781
0.12028
0.00091759
0.64004
0.35996
0.21733
0.12029
0.12051
0.54187
2.0651
0.0056516
-0.00085282
0.10103
0.52455
23.417
-2.5857e+07
-47.8
0.0743
0.9717
129.43
8.5547
-85.526
1.3965
0.00040801
0.037079
0.023508
0.25535
0.13041
0.75424
0.00057564
0.00041865
7.2297e-06
0.096969
0.11741
0.98217
0.009177
0.08002
0.98652
0.9913
0.0014157
0.0040655
0.98712
0.18225
0.0040776
0.16488
5.4309e-06
7.2725e-06
0.57248
12.992
0.93214
12.998
4.2731
12.992
0.0013953
0.019016
0.0073457
0.023632
0.13781
0.1203
0.00091789
0.89137
0.10863
0.44435
0.060277
0.088545
0.40683
1.7762
0.0067175
-0.00017023
0.10497
0.52995
0.21522
-1.5677e+11
-47.8
0.0743
0.9717
129.43
8.5547
-85.526
1.3964
0.00040828
0.037103
0.023495
0.25534
0.13036
0.75412
0.00057532
0.00042004
7.2297e-06
0.096906
0.11732
0.98217
0.009177
0.080019
0.98652
0.9913
0.0014157
0.0040655
0.98712
0.18225
0.0040776
0.16488
5.4141e-06
7.2529e-06
0.57257
12.989
0.93205
12.995
4.2727
12.989
0.0014008
0.019007
0.007362
0.022845
0.13781
0.12031
0.00091819
0.91542
0.084585
0.49076
0.051536
0.08107
0.37663
1.7281
0.0069033
-5.2565e-05
0.10593
0.53112
0.19506
-8.408e+12
-47.8
0.0743
0.9717
129.43
8.5547
-85.526
1.3966
0.00040809
0.037085
0.023529
0.2555
0.13048
0.75433
0.00057618
0.00041735
7.2297e-06
0.096924
0.11734
0.98217
0.009177
0.080018
0.98652
0.9913
0.0014157
0.0040655
0.98712
0.18225
0.0040776
0.16488
5.4483e-06
7.3011e-06
0.57265
12.985
0.93192
12.991
4.2721
12.985
0.0013885
0.019018
0.0073253
0.025959
0.13781
0.1203
0.00091852
0.79259
0.20741
0.32337
0.08832
0.10676
0.48155
1.9109
0.0061714
-0.00051821
0.10304
0.5278
0.26313
-2.3399e+06
-47.8
0.0743
0.9717
129.43
8.5547
-85.526
1.3966
0.00040726
0.037013
0.02353
0.25553
0.13054
0.75435
0.00057617
0.00041193
7.2297e-06
0.096922
0.11735
0.98217
0.009177
0.080017
0.98652
0.9913
0.0014157
0.0040655
0.98712
0.18225
0.0040776
0.16488
5.4678e-06
7.3295e-06
0.57273
12.982
0.9318
12.988
4.2716
12.982
0.0013699
0.019022
0.0072767
-0.0045322
0.13781
0.1203
0.00091879
0.68129
0.31871
0.24047
0.11225
0.11771
0.52957
2.023
0.0057703
-0.00077602
0.10154
0.5262
8.3031
-8.221e+05
-47.8
0.0743
0.9717
129.43
8.5547
-85.526
1.3965
0.00040764
0.037046
0.023508
0.25546
0.13045
0.75425
0.00057563
0.00041562
7.2297e-06
0.096837
0.11723
0.98217
0.009177
0.080016
0.98652
0.9913
0.0014157
0.0040655
0.98712
0.18224
0.0040776
0.16488
5.4407e-06
7.2965e-06
0.57284
12.979
0.93172
12.985
4.2712
12.979
0.0013826
0.019008
0.0073103
0.026599
0.13781
0.12031
0.00091916
0.75788
0.24212
0.29369
0.096363
0.11083
0.49912
1.9484
0.0060267
-0.00061095
0.10252
0.52724
0.27302
-1.8977e+05
-47.8
0.0743
0.9717
129.43
8.5547
-85.526
1.3963
0.00040788
0.037066
0.023454
0.25525
0.13028
0.75396
0.00057428
0.00042018
7.2297e-06
0.096718
0.11708
0.98217
0.009177
0.080016
0.98651
0.9913
0.0014157
0.0040655
0.98712
0.18224
0.0040776
0.16488
5.3895e-06
7.231e-06
0.57295
12.977
0.93167
12.983
4.271
12.977
0.0013993
0.018985
0.0073559
0.023771
0.13781
0.12033
0.00091946
0.88653
0.11347
0.43715
0.061998
0.089649
0.41121
1.7828
0.0066762
-0.00019648
0.10515
0.5302
0.21719
-8.9826e+10
-47.8
0.0743
0.9717
129.43
8.5547
-85.526
1.3962
0.00040756
0.037036
0.023435
0.25516
0.13025
0.7539
0.00057381
0.00042005
7.2297e-06
0.096687
0.11705
0.98217
0.009177
0.080015
0.98651
0.9913
0.0014157
0.0040655
0.98712
0.18224
0.0040776
0.16488
5.3819e-06
7.2223e-06
0.573
12.975
0.9316
12.981
4.2707
12.975
0.0013971
0.018982
0.007346
0.0248
0.13781
0.12034
0.00091973
0.84642
0.15358
0.38176
0.074468
0.098191
0.44558
1.8445
0.0064279
-0.00035446
0.10426
0.52878
0.24058
-5.4219e+08
-47.8
0.0743
0.9717
129.43
8.5547
-85.526
1.3963
0.00040719
0.037005
0.023445
0.25522
0.1303
0.75403
0.00057404
0.00041767
7.2297e-06
0.096694
0.11706
0.98217
0.009177
0.080014
0.98651
0.9913
0.0014157
0.0040655
0.98712
0.18224
0.0040776
0.16488
5.3979e-06
7.245e-06
0.57304
12.973
0.93153
12.979
4.2703
12.973
0.0013889
0.018984
0.0073254
0.025328
0.1378
0.12033
0.00091999
0.82356
0.17644
0.35381
0.080486
0.10233
0.46337
1.876
0.0063002
-0.00043584
0.10333
0.52799
0.25046
-3.9487e+07
-47.8
0.0743
0.9717
129.43
8.5547
-85.526
1.3962
0.00040574
0.036879
0.023419
0.25512
0.13032
0.75392
0.00057332
0.00040991
7.2297e-06
0.096702
0.11709
0.98217
0.0091771
0.080014
0.98651
0.9913
0.0014157
0.0040655
0.98712
0.18224
0.0040776
0.16488
5.4085e-06
7.2601e-06
0.57307
12.97
0.93145
12.976
4.27
12.97
0.0013633
0.018988
0.0072555
-0.017444
0.1378
0.12033
0.00092019
0.64624
0.35376
0.22076
0.1192
0.11995
0.54008
2.0584
0.0056555
-0.0008503
0.10106
0.5249
21.165
-1.5251e+07
-47.8
0.0743
0.9717
129.43
8.5547
-85.526
1.3964
0.00040738
0.037025
0.023446
0.2553
0.1303
0.75409
0.00057405
0.00041736
7.2298e-06
0.096637
0.11697
0.98217
0.0091771
0.080013
0.98651
0.9913
0.0014157
0.0040655
0.98712
0.18224
0.0040776
0.16488
5.3931e-06
7.2422e-06
0.57316
12.968
0.93139
12.974
4.2697
12.968
0.0013916
0.018971
0.0073415
0.023563
0.1378
0.12035
0.00092062
0.89464
0.10536
0.44712
0.058952
0.088055
0.40588
1.7705
0.0067153
-0.00017161
0.10471
0.53029
0.21335
-2.3883e+11
-47.8
0.0743
0.9717
129.43
8.5547
-85.526
1.3964
0.00040657
0.036952
0.023449
0.25528
0.13036
0.75409
0.00057409
0.0004125
7.2298e-06
0.096683
0.11704
0.98217
0.0091771
0.080012
0.98651
0.9913
0.0014157
0.0040655
0.98712
0.18224
0.0040776
0.16488
5.4156e-06
7.2718e-06
0.57314
12.967
0.93133
12.972
4.2694
12.967
0.0013723
0.018983
0.0072833
0.0016458
0.1378
0.12034
0.00092093
0.69268
0.30732
0.24822
0.11024
0.11663
0.52491
2.0131
0.0057938
-0.00076085
0.10171
0.5261
5.4463
-4.2073e+05
-47.8
0.0743
0.9717
129.43
8.5547
-85.526
1.3964
0.0004071
0.036998
0.02345
0.25529
0.13033
0.75411
0.00057415
0.0004159
7.2298e-06
0.096663
0.11701
0.98217
0.0091771
0.080012
0.98651
0.9913
0.0014157
0.0040655
0.98712
0.18224
0.0040776
0.16488
5.406e-06
7.2592e-06
0.57316
12.966
0.9313
12.971
4.2693
12.966
0.0013835
0.018976
0.0073125
0.026415
0.1378
0.12034
0.00092133
0.76777
0.23223
0.30203
0.094221
0.10961
0.49414
1.939
0.0060527
-0.00059421
0.10257
0.52714
0.26974
-2.9654e+05
-47.8
0.0743
0.9717
129.43
8.5547
-85.526
1.3962
0.00040741
0.037023
0.023418
0.25515
0.13022
0.75393
0.00057337
0.00041999
7.2298e-06
0.096615
0.11694
0.98217
0.0091771
0.080011
0.98651
0.9913
0.0014157
0.0040655
0.98712
0.18224
0.0040776
0.16488
5.3734e-06
7.2154e-06
0.57315
12.966
0.9313
12.971
4.2693
12.966
0.0013969
0.018963
0.0073466
0.024811
0.1378
0.12036
0.00092165
0.84584
0.15416
0.38086
0.074611
0.098294
0.44624
1.846
0.0064149
-0.00036268
0.10409
0.52863
0.24038
-4.4664e+08
-47.8
0.0743
0.9717
129.43
8.5547
-85.526
1.3961
0.00040733
0.037017
0.023396
0.25504
0.13015
0.75383
0.00057279
0.00042092
7.2298e-06
0.096603
0.11693
0.98217
0.0091771
0.080011
0.98651
0.9913
0.0014157
0.0040655
0.98712
0.18224
0.0040776
0.16488
5.3563e-06
7.1916e-06
0.57313
12.966
0.93131
12.972
4.2693
12.966
0.0014012
0.018955
0.0073583
0.023699
0.1378
0.12036
0.00092192
0.88816
0.11184
0.44133
0.061557
0.088971
0.40814
1.7818
0.0066768
-0.00019611
0.10511
0.52966
0.21612
-9.06e+10
-47.8
0.0743
0.9717
129.43
8.5547
-85.526
1.3962
0.00040719
0.037002
0.023405
0.25506
0.13019
0.75391
0.00057302
0.00042024
7.2298e-06
0.09664
0.11698
0.98217
0.0091771
0.08001
0.98651
0.9913
0.0014157
0.0040655
0.98712
0.18224
0.0040776
0.16488
5.3687e-06
7.2071e-06
0.57308
12.965
0.93129
12.971
4.2693
12.965
0.0013968
0.01896
0.0073428
0.025073
0.1378
0.12036
0.00092219
0.83376
0.16624
0.36751
0.078079
0.10028
0.45414
1.8635
0.006349
-0.00040467
0.10381
0.5279
0.24502
-1.0239e+08
-47.8
0.0743
0.9717
129.43
8.5547
-85.526
1.3962
0.00040714
0.036999
0.023408
0.25507
0.1302
0.75396
0.0005731
0.00041967
7.2298e-06
0.096652
0.11699
0.98217
0.0091771
0.08001
0.98651
0.9913
0.0014157
0.0040655
0.98712
0.18224
0.0040776
0.16488
5.3728e-06
7.2122e-06
0.57307
12.964
0.93127
12.97
4.2691
12.965
0.0013953
0.01896
0.0073386
0.025383
0.1378
0.12036
0.00092245
0.81941
0.18059
0.35185
0.081926
0.10257
0.46365
1.8819
0.006276
-0.00045132
0.10351
0.52752
0.25223
-2.2237e+07
-47.8
0.0743
0.9717
129.43
8.5547
-85.526
1.3962
0.00040728
0.037013
0.023398
0.25506
0.13017
0.75393
0.00057286
0.00042038
7.2298e-06
0.096621
0.11695
0.98217
0.0091771
0.080009
0.98651
0.9913
0.0014157
0.0040655
0.98712
0.18224
0.0040776
0.16488
5.3608e-06
7.197e-06
0.5731
12.963
0.93124
12.969
4.269
12.964
0.0014003
0.018951
0.0073578
0.023272
0.1378
0.12037
0.0009227
0.90232
0.097684
0.46515
0.056506
0.085182
0.39316
1.757
0.0067749
-0.00013384
0.10528
0.52999
0.20541
-6.8749e+11
-47.8
0.0743
0.9717
129.43
8.5547
-85.526
1.3962
0.00040683
0.036972
0.023399
0.25504
0.1302
0.75395
0.00057286
0.00041819
7.2298e-06
0.096637
0.11698
0.98217
0.0091771
0.080009
0.98651
0.9913
0.0014157
0.0040655
0.98712
0.18224
0.0040776
0.16488
5.3725e-06
7.213e-06
0.57311
12.962
0.93119
12.968
4.2688
12.962
0.0013908
0.018957
0.007327
0.026013
0.1378
0.12036
0.00092292
0.78786
0.21214
0.3214
0.089896
0.10689
0.48182
1.919
0.0061315
-0.00054371
0.10306
0.52685
0.26281
-1.126e+06
-47.8
0.0743
0.9717
129.43
8.5547
-85.526
1.3962
0.00040717
0.037002
0.023389
0.25504
0.13015
0.7539
0.00057262
0.00042049
7.2298e-06
0.096583
0.1169
0.98217
0.0091771
0.080008
0.98651
0.9913
0.0014157
0.0040655
0.98712
0.18224
0.0040776
0.16488
5.3563e-06
7.1933e-06
0.57318
12.96
0.93114
12.966
4.2685
12.96
0.0013996
0.018946
0.0073542
0.02389
0.1378
0.12037
0.00092314
0.88159
0.11841
0.43029
0.063711
0.090696
0.4153
1.7936
0.0066252
-0.00022884
0.10479
0.52933
0.22043
-3.3175e+10
-47.8
0.0743
0.9717
129.43
8.5547
-85.526
1.3962
0.00040696
0.036983
0.023383
0.25501
0.13015
0.75389
0.00057246
0.00042003
7.2298e-06
0.096563
0.11688
0.98217
0.0091771
0.080008
0.98651
0.9913
0.0014157
0.0040655
0.98712
0.18224
0.0040776
0.16488
5.3561e-06
7.1946e-06
0.57323
12.958
0.93108
12.964
4.2683
12.959
0.0013966
0.018945
0.0073437
0.024817
0.1378
0.12037
0.00092333
0.84516
0.15484
0.3805
0.074855
0.098321
0.44633
1.8484
0.0064031
-0.00037021
0.10396
0.5282
0.24022
-3.5548e+08
-47.8
0.0743
0.9717
129.43
8.5547
-85.526
1.3961
0.00040643
0.036937
0.023368
0.25495
0.13014
0.75384
0.00057207
0.00041791
7.2298e-06
0.096543
0.11686
0.98217
0.0091771
0.080007
0.98651
0.9913
0.0014157
0.0040655
0.98712
0.18224
0.0040776
0.16488
5.3554e-06
7.1951e-06
0.57328
12.957
0.93102
12.963
4.268
12.957
0.0013895
0.018944
0.0073226
0.025977
0.1378
0.12037
0.00092347
0.78997
0.21003
0.32292
0.089324
0.10665
0.4811
1.9171
0.0061346
-0.00054179
0.10299
0.52679
0.26187
-1.3282e+06
-47.8
0.0743
0.9717
129.43
8.5547
-85.526
1.396
0.00040651
0.036944
0.023339
0.25485
0.13005
0.75369
0.00057133
0.00041998
7.2298e-06
0.09646
0.11675
0.98217
0.0091771
0.080007
0.98651
0.9913
0.0014157
0.0040655
0.98712
0.18224
0.0040776
0.16488
5.3281e-06
7.1614e-06
0.57338
12.955
0.93097
12.961
4.2678
12.955
0.0013977
0.018929
0.0073472
0.024034
0.1378
0.12039
0.0009236
0.87621
0.12379
0.42232
0.065483
0.091924
0.42027
1.803
0.0065833
-0.00025556
0.10464
0.52894
0.22351
-1.5744e+10
-47.8
0.0743
0.9717
129.43
8.5547
-85.526
1.396
0.00040625
0.03692
0.02332
0.25479
0.13002
0.75361
0.00057087
0.00041966
7.2298e-06
0.096406
0.11668
0.98217
0.0091771
0.080007
0.98651
0.9913
0.0014157
0.0040655
0.98712
0.18223
0.0040776
0.16488
5.3182e-06
7.1509e-06
0.57348
12.952
0.93089
12.958
4.2674
12.953
0.0013963
0.018923
0.0073429
0.024264
0.1378
0.12039
0.00092372
0.86759
0.13241
0.40982
0.068207
0.09385
0.42813
1.8166
0.0065261
-0.00029193
0.10443
0.52863
0.22902
-5.1763e+09
-47.8
0.0743
0.9717
129.43
8.5547
-85.526
1.3959
0.00040576
0.036877
0.023316
0.25479
0.13004
0.75361
0.00057073
0.00041691
7.2298e-06
0.096377
0.11665
0.98217
0.0091771
0.080006
0.98651
0.9913
0.0014157
0.0040655
0.98712
0.18223
0.0040776
0.16488
5.3252e-06
7.1631e-06
0.57358
12.949
0.9308
12.955
4.267
12.95
0.0013864
0.018925
0.0073143
0.026194
0.1378
0.12039
0.00092384
0.77854
0.22146
0.31259
0.092028
0.10805
0.48733
1.9298
0.0060801
-0.00057671
0.10279
0.52654
0.26438
-5.4816e+05
-47.8
0.0743
0.9717
129.43
8.5547
-85.526
1.396
0.00040612
0.036911
0.023322
0.25488
0.13004
0.75366
0.00057087
0.00041805
7.2298e-06
0.096308
0.11656
0.98217
0.0091771
0.080006
0.98651
0.9913
0.0014157
0.0040655
0.98712
0.18223
0.0040776
0.16488
5.3197e-06
7.1599e-06
0.57372
12.946
0.9307
12.952
4.2666
12.946
0.0013921
0.018914
0.0073368
0.024166
0.1378
0.1204
0.00092396
0.87245
0.12755
0.41427
0.066467
0.093145
0.42612
1.8084
0.006547
-0.00027863
0.10432
0.52918
0.22695
-1.0474e+10
-47.8
0.0743
0.9717
129.43
8.5547
-85.526
1.3961
0.00040503
0.036817
0.02333
0.25493
0.13014
0.75374
0.00057103
0.000411
7.2298e-06
0.096333
0.1166
0.98217
0.0091771
0.080006
0.98651
0.9913
0.0014157
0.0040655
0.98712
0.18223
0.0040776
0.16488
5.3502e-06
7.2027e-06
0.57378
12.944
0.93062
12.949
4.2662
12.944
0.0013677
0.018926
0.0072707
0.011155
0.1378
0.12039
0.00092399
0.70603
0.29397
0.25628
0.10744
0.11546
0.52082
2.0028
0.0058126
-0.00074875
0.10142
0.52576
2.4037
-2.2019e+05
-47.8
0.0743
0.9717
129.43
8.5547
-85.526
1.396
0.00040424
0.036748
0.02331
0.25487
0.13013
0.75366
0.00057051
0.00040731
7.2298e-06
0.096311
0.11658
0.98217
0.0091771
0.080005
0.98651
0.9913
0.0014157
0.0040655
0.98712
0.18223
0.0040776
0.16488
5.3513e-06
7.206e-06
0.57384
12.942
0.93055
12.947
4.2659
12.942
0.0013553
0.018925
0.0072369
-0.016961
0.1378
0.12039
0.00092405
0.64664
0.35336
0.22025
0.11893
0.1198
0.54102
2.0592
0.0056317
-0.00086569
0.10053
0.52473
21.396
-1.5741e+07
-47.8
0.0743
0.9717
129.43
8.5547
-85.526
1.396
0.00040503
0.036816
0.023308
0.25485
0.13007
0.75364
0.00057048
0.00041254
7.2298e-06
0.096261
0.11651
0.98217
0.0091771
0.080005
0.98651
0.9913
0.0014157
0.0040655
0.98712
0.18223
0.0040776
0.16488
5.3316e-06
7.1808e-06
0.57389
12.941
0.93053
12.947
4.2658
12.941
0.0013728
0.018915
0.0072833
0.026895
0.1378
0.1204
0.00092423
0.73998
0.26002
0.27989
0.10032
0.1124
0.50738
1.9699
0.0059225
-0.0006779
0.10182
0.52615
0.27562
-1.1302e+05
-47.8
0.0743
0.9717
129.43
8.5547
-85.526
1.3958
0.00040552
0.036858
0.023274
0.2547
0.12994
0.75344
0.00056966
0.00041785
7.2298e-06
0.096189
0.11641
0.98217
0.0091771
0.080005
0.98651
0.9913
0.0014157
0.0040655
0.98712
0.18223
0.0040776
0.16488
5.2929e-06
7.1295e-06
0.57392
12.941
0.93054
12.947
4.2658
12.941
0.0013905
0.0189
0.0073294
0.024616
0.1378
0.12042
0.00092434
0.8544
0.1456
0.3904
0.072024
0.096759
0.44082
1.8359
0.0064313
-0.00035228
0.10394
0.52843
0.23555
-1.0961e+09
-47.8
0.0743
0.9717
129.43
8.5547
-85.526
1.3957
0.00040509
0.036819
0.023253
0.25458
0.1299
0.75333
0.00056912
0.00041685
7.2298e-06
0.096189
0.11642
0.98217
0.0091771
0.080005
0.98651
0.9913
0.0014157
0.0040655
0.98712
0.18223
0.0040776
0.16488
5.2858e-06
7.1194e-06
0.5739
12.941
0.93054
12.947
4.2658
12.941
0.0013865
0.0189
0.007314
0.025993
0.1378
0.12042
0.0009244
0.78898
0.21102
0.32193
0.089573
0.10669
0.48181
1.9189
0.0061114
-0.00055671
0.10287
0.52653
0.26125
-1.2558e+06
-47.8
0.0743
0.9717
129.43
8.5547
-85.526
1.3958
0.00040543
0.036852
0.023263
0.25467
0.12991
0.75342
0.00056936
0.00041745
7.2298e-06
0.096178
0.1164
0.98217
0.0091771
0.080004
0.98651
0.9913
0.0014157
0.0040655
0.98712
0.18223
0.0040776
0.16488
5.2847e-06
7.1184e-06
0.57391
12.941
0.93053
12.947
4.2658
12.941
0.0013919
0.018893
0.0073377
0.023212
0.13779
0.12042
0.00092449
0.90474
0.095258
0.4675
0.055479
0.084756
0.39226
1.7538
0.0067569
-0.00014539
0.10497
0.52982
0.20364
-9.5941e+11
-47.8
0.0743
0.9717
129.43
8.5547
-85.526
1.396
0.00040454
0.036774
0.023299
0.25482
0.13008
0.75363
0.00057025
0.00040973
7.2298e-06
0.096279
0.11654
0.98217
0.0091771
0.080004
0.98651
0.9913
0.0014157
0.0040655
0.98712
0.18223
0.0040776
0.16488
5.3365e-06
7.1868e-06
0.57387
12.94
0.93049
12.946
4.2656
12.94
0.0013637
0.018916
0.0072594
-0.009089
0.1378
0.1204
0.00092455
0.67672
0.32328
0.23843
0.11349
0.11756
0.53052
2.0311
0.0057143
-0.00081222
0.10111
0.52513
11.405
-1.6278e+06
-47.8
0.0743
0.9717
129.43
8.5547
-85.526
1.3962
0.00040502
0.036817
0.023345
0.25504
0.13019
0.75387
0.0005714
0.0004094
7.2298e-06
0.096327
0.11659
0.98217
0.0091771
0.080004
0.98651
0.9913
0.0014157
0.0040655
0.98712
0.18223
0.0040776
0.16488
5.3639e-06
7.2231e-06
0.57385
12.939
0.93047
12.945
4.2655
12.939
0.0013628
0.018923
0.007261
-0.0038548
0.13779
0.1204
0.00092475
0.6861
0.3139
0.24352
0.11145
0.11695
0.52809
2.0211
0.0057422
-0.00079413
0.10105
0.52567
8.2149
-7.7599e+05
-47.8
0.0743
0.9717
129.43
8.5547
-85.526
1.3962
0.00040558
0.036866
0.02335
0.25505
0.13017
0.75387
0.00057155
0.00041221
7.2298e-06
0.096335
0.11659
0.98217
0.0091771
0.080004
0.98651
0.9913
0.0014157
0.0040655
0.98712
0.18223
0.0040776
0.16488
5.357e-06
7.2125e-06
0.5738
12.94
0.93049
12.946
4.2656
12.94
0.0013719
0.018921
0.0072843
0.013505
0.13779
0.1204
0.00092499
0.7086
0.2914
0.2587
0.10715
0.11506
0.51908
1.9987
0.0058157
-0.00074668
0.10168
0.52616
1.885
-1.9724e+05
-47.8
0.0743
0.9717
129.43
8.5547
-85.526
1.3961
0.00040659
0.036953
0.023338
0.25498
0.13006
0.75379
0.00057129
0.00041918
7.2298e-06
0.096312
0.11655
0.98217
0.0091771
0.080004
0.98651
0.9913
0.0014157
0.0040655
0.98712
0.18223
0.0040776
0.16488
5.3255e-06
7.1682e-06
0.57374
12.942
0.93056
12.948
4.2659
12.942
0.0013961
0.018908
0.0073491
0.024098
0.13779
0.12041
0.00092521
0.87454
0.12546
0.41801
0.065871
0.092526
0.4236
1.8049
0.0065492
-0.00027711
0.10436
0.52927
0.22486
-1.2289e+10
-47.8
0.0743
0.9717
129.43
8.5547
-85.526
1.3961
0.00040617
0.036914
0.023328
0.25486
0.13005
0.75374
0.00057104
0.00041795
7.2298e-06
0.096387
0.11665
0.98217
0.0091771
0.080004
0.98651
0.9913
0.0014157
0.0040655
0.98712
0.18223
0.0040776
0.16488
5.3287e-06
7.1678e-06
0.57358
12.945
0.93065
12.951
4.2663
12.945
0.0013907
0.018917
0.0073282
0.026004
0.13779
0.1204
0.00092531
0.78757
0.21243
0.32175
0.090117
0.10667
0.48146
1.9196
0.0061067
-0.00055957
0.10303
0.52673
0.26137
-1.0011e+06
-47.8
0.0743
0.9717
129.43
8.5547
-85.526
1.3961
0.00040664
0.036958
0.023328
0.25486
0.13002
0.75375
0.00057106
0.00042039
7.2298e-06
0.096421
0.11669
0.98217
0.0091771
0.080004
0.98651
0.9913
0.0014157
0.0040655
0.98712
0.18223
0.0040776
0.16488
5.3182e-06
7.15e-06
0.57345
12.948
0.93074
12.953
4.2667
12.948
0.0014017
0.018911
0.0073628
0.022636
0.13779
0.12041
0.0009254
0.92038
0.079621
0.50237
0.049571
0.079152
0.3689
1.7215
0.0068916
-5.9913e-05
0.10558
0.53016
0.18981
-1.1796e+13
-47.8
0.0743
0.9717
129.43
8.5547
-85.526
1.3962
0.00040689
0.036977
0.023361
0.25494
0.13009
0.75392
0.0005719
0.00042073
7.2298e-06
0.096518
0.11681
0.98217
0.0091771
0.080003
0.98651
0.9913
0.0014157
0.0040655
0.98712
0.18223
0.0040776
0.16488
5.3426e-06
7.1787e-06
0.57331
12.95
0.9308
12.956
4.267
12.95
0.0013997
0.018926
0.0073514
0.024963
0.13779
0.12039
0.00092548
0.83748
0.16252
0.37315
0.077238
0.099313
0.45029
1.8601
0.0063424
-0.00040883
0.10377
0.52756
0.24199
-1.1583e+08
-47.8
0.0743
0.9717
129.43
8.5547
-85.526
1.3963
0.00040726
0.03701
0.023379
0.25501
0.13012
0.75401
0.00057238
0.00042184
7.2298e-06
0.09657
0.11687
0.98217
0.0091771
0.080003
0.98651
0.9913
0.0014157
0.0040655
0.98712
0.18223
0.0040776
0.16488
5.3505e-06
7.1865e-06
0.57321
12.951
0.93086
12.957
4.2673
12.952
0.0014032
0.018929
0.007362
0.024296
0.13779
0.12039
0.00092554
0.86519
0.13481
0.40816
0.069106
0.094054
0.42868
1.8209
0.0065005
-0.00030802
0.10433
0.52836
0.23031
-2.9092e+09
-47.8
0.0743
0.9717
129.43
8.5547
-85.526
1.3963
0.00040739
0.037022
0.023379
0.255
0.13011
0.754
0.00057236
0.0004223
7.2298e-06
0.096594
0.1169
0.98217
0.0091771
0.080003
0.98651
0.9913
0.0014157
0.0040655
0.98712
0.18223
0.0040776
0.16488
5.3474e-06
7.1801e-06
0.57314
12.953
0.93091
12.959
4.2675
12.953
0.0014062
0.018928
0.0073717
0.023403
0.13779
0.12039
0.00092557
0.89686
0.10314
0.458
0.058645
0.086289
0.39707
1.7685
0.006714
-0.00017233
0.10513
0.52931
0.20849
-2.2312e+11
-47.8
0.0743
0.9717
129.43
8.5547
-85.526
1.3963
0.0004074
0.037023
0.02338
0.25499
0.13011
0.75401
0.00057239
0.00042243
7.2298e-06
0.096615
0.11693
0.98217
0.0091771
0.080003
0.98651
0.9913
0.0014157
0.0040655
0.98712
0.18223
0.0040776
0.16488
5.3484e-06
7.1802e-06
0.5731
12.954
0.93094
12.96
4.2676
12.954
0.0014066
0.01893
0.0073721
0.023492
0.13779
0.12039
0.00092557
0.89373
0.10627
0.45302
0.059784
0.087081
0.40012
1.7743
0.0066923
-0.00018609
0.10506
0.52912
0.21141
-1.364e+11
