-85.788
1.3921
0.00036197
0.03303
0.021928
0.2456
0.12831
0.74913
0.00053455
0.00030357
6.9219e-06
0.097489
0.11958
0.98276
0.008982
0.079366
0.98727
0.99166
0.0013552
0.0039961
0.9874
0.18437
0.0040143
0.16599
5.1179e-06
6.7965e-06
0.57044
13.076
0.93474
13.079
4.2851
13.076
0.001022
0.018688
0.0060414
0.018613
0.13777
0.1206
0.00093697
0.93963
0.060369
0.57805
0.040395
0.069787
0.31177
2.0352
0.0073182
0.00019687
0.076355
0.43818
-13.32
-45677
-47.8
0.0743
0.9717
129.43
8.5547
-85.788
1.3921
0.00036081
0.032931
0.021925
0.24549
0.12837
0.74908
0.00053443
0.00029749
6.9219e-06
0.097631
0.11981
0.98276
0.008982
0.079365
0.98727
0.99166
0.0013552
0.0039961
0.9874
0.18437
0.0040143
0.16599
5.1436e-06
6.8239e-06
0.57019
13.079
0.93485
13.083
4.2856
13.08
0.0010038
0.018701
0.0059789
-0.025935
0.13777
0.12059
0.00093664
0.97203
0.027968
0.72762
0.023087
0.044233
0.20506
1.9095
0.0071054
6.1034e-05
0.075176
0.43617
-17.512
-34426
-47.8
0.0743
0.9717
129.43
8.5547
-85.788
1.392
0.0003599
0.032852
0.021914
0.24537
0.12839
0.74904
0.00053411
0.00029406
6.9219e-06
0.097721
0.11997
0.98276
0.008982
0.079365
0.98727
0.99166
0.0013552
0.0039961
0.9874
0.18437
0.0040143
0.16599
5.1559e-06
6.8352e-06
0.57002
13.082
0.93493
13.086
4.286
13.082
0.00099328
0.018704
0.0059427
-0.027616
0.13777
0.12058
0.00093667
0.97426
0.025738
0.73666
0.021568
0.042727
0.19905
1.9013
0.0071048
6.0633e-05
0.074561
0.43501
-17.846
-33632
-47.8
0.0743
0.9717
129.43
8.5547
-85.788
1.3913
0.00035834
0.032714
0.021825
0.24496
0.12823
0.74826
0.00053184
0.00028959
6.9219e-06
0.097679
0.11995
0.98276
0.008982
0.079364
0.98727
0.99166
0.0013552
0.0039961
0.9874
0.18437
0.0040143
0.16599
5.1192e-06
6.786e-06
0.57
13.081
0.93491
13.085
4.2859
13.082
0.00097862
0.018688
0.0058802
-0.0032718
0.13777
0.1206
0.0009371
0.98594
0.01406
0.8152
0.013029
0.029656
0.14212
1.8047
0.0069622
-3.0617e-05
0.074849
0.43458
-19.447
-22954
-47.8
0.0743
0.9717
129.43
8.5547
-85.788
1.3921
0.00036007
0.032868
0.021928
0.24544
0.12842
0.74917
0.00053445
0.00029389
6.9219e-06
0.097755
0.12001
0.98276
0.008982
0.079363
0.98727
0.99166
0.0013552
0.0039961
0.9874
0.18437
0.0040143
0.16599
5.1652e-06
6.8462e-06
0.56997
13.08
0.93487
13.084
4.2857
13.08
0.00099286
0.018703
0.0059422
-0.028697
0.13777
0.12059
0.00093743
0.9756
0.024398
0.74528
0.020669
0.041275
0.19277
1.8909
0.0070904
5.1445e-05
0.074699
0.43537
-18.246
-32578
-47.8
0.0743
0.9717
129.43
8.5547
-85.788
1.3926
0.00036145
0.032989
0.021983
0.24574
0.1285
0.74968
0.00053589
0.00029796
6.9219e-06
0.097738
0.11994
0.98276
0.008982
0.079362
0.98727
0.99166
0.0013552
0.0039961
0.9874
0.18436
0.0040143
0.16599
5.18e-06
6.8684e-06
0.57006
13.076
0.93475
13.08
4.2852
13.077
0.001006
0.018702
0.0059925
-0.016967
0.13777
0.12059
0.00093812
0.96707
0.032926
0.70033
0.026218
0.048836
0.22462
1.9337
0.0071506
9.0016e-05
0.075233
0.43708
-16.452
-36879
-47.8
0.0743
0.9717
129.43
8.5547
-85.788
1.3925
0.00036121
0.032967
0.021961
0.24566
0.12845
0.74961
0.00053532
0.00029805
6.9219e-06
0.097666
0.11985
0.98276
0.008982
0.079361
0.98727
0.99166
0.0013552
0.0039961
0.9874
0.18436
0.0040143
0.16599
5.1661e-06
6.8534e-06
0.57019
13.073
0.93464
13.076
4.2847
13.073
0.0010062
0.018688
0.0059938
-0.0096677
0.13777
0.1206
0.00093898
0.96359
0.03641
0.68292
0.028302
0.051807
0.23697
1.951
0.0071791
0.00010819
0.075254
0.43706
-15.714
-38481
-47.8
0.0743
0.9717
129.43
8.5547
-85.788
1.3918
0.00035897
0.032769
0.021843
0.24511
0.12825
0.74877
0.0005323
0.00029234
6.9219e-06
0.097542
0.11975
0.98276
0.008982
0.07936
0.98727
0.99166
0.0013552
0.0039961
0.9874
0.18436
0.0040143
0.16599
5.1186e-06
6.7942e-06
0.57032
13.069
0.93453
13.073
4.2841
13.069
0.00098763
0.018661
0.0059197
-0.026845
0.13776
0.12063
0.00093994
0.9798
0.020198
0.77386
0.017719
0.036516
0.1719
1.8606
0.0070449
2.2256e-05
0.074828
0.43509
-19.106
-29292
-47.8
0.0743
0.9717
129.43
8.5547
-85.788
1.3914
0.00035771
0.032657
0.021758
0.24473
0.12807
0.74832
0.00053013
0.00029089
6.9219e-06
0.097381
0.11957
0.98276
0.008982
0.079359
0.98727
0.99166
0.0013552
0.0039961
0.9874
0.18436
0.0040143
0.16599
5.074e-06
6.7413e-06
0.57055
13.064
0.93436
13.067
4.2834
13.064
0.00098275
0.018632
0.005898
-0.024593
0.13776
0.12066
0.00094121
0.98129
0.018711
0.78542
0.016625
0.034614
0.16334
1.8518
0.0070258
9.9856e-06
0.074662
0.43415
-19.265
-28222
-47.8
0.0743
0.9717
129.43
8.5547
-85.788
1.3914
0.0003577
0.032654
0.021708
0.24457
0.12792
0.74831
0.0005289
0.00029573
6.9219e-06
0.097169
0.1193
0.98276
0.008982
0.079358
0.98727
0.99166
0.0013552
0.0039961
0.9874
0.18436
0.0040143
0.16599
5.0291e-06
6.6909e-06
0.57089
13.056
0.93413
13.06
4.2823
13.057
0.00099836
0.018599
0.0059561
0.021119
0.13776
0.12069
0.00094285
0.9426
0.057398
0.58649
0.038912
0.069003
0.3056
2.0456
0.0073556
0.00021998
0.074682
0.43394
-13.366
-46126
-47.8
0.0743
0.9717
129.43
8.5547
-85.788
1.3893
0.0003536
0.032289
0.021437
0.24337
0.12738
0.74588
0.00052199
0.00028539
6.9219e-06
0.09686
0.11896
0.98276
0.008982
0.079358
0.98727
0.99166
0.0013552
0.0039961
0.9874
0.18436
0.0040143
0.16599
4.8987e-06
6.5255e-06
0.57119
13.049
0.93392
13.053
4.2814
13.05
0.00096405
0.018539
0.0058062
0.076831
0.13775
0.12075
0.00094435
0.99155
0.0084492
0.87117
0.0082825
0.020525
0.10002
1.7379
0.0068404
-0.00010844
0.074569
0.4313
-17.715
-13683
-47.8
0.0743
0.9717
129.43
8.5547
-85.788
1.3913
0.00035772
0.032655
0.021676
0.2445
0.12783
0.74818
0.0005281
0.00029663
6.9219e-06
0.097
0.11906
0.98276
0.008982
0.079357
0.98727
0.99166
0.0013552
0.0039961
0.9874
0.18436
0.0040143
0.16599
5.0014e-06
6.6627e-06
0.5712
13.047
0.93384
13.05
4.281
13.047
0.0010016
0.018572
0.0059678
0.016571
0.13775
0.12072
0.00094484
0.95047
0.049531
0.62738
0.035453
0.061858
0.27531
2.0164
0.0072853
0.0001751
0.074917
0.43431
-13.504
-43765
-47.8
0.0743
0.9717
129.43
8.5547
-85.788
1.3919
0.00035928
0.032794
0.021758
0.2449
0.12797
0.74888
0.00053021
0.00029986
6.9219e-06
0.097049
0.11908
0.98276
0.008982
0.079356
0.98727
0.99166
0.0013552
0.0039961
0.9874
0.18436
0.0040143
0.16599
5.0348e-06
6.7069e-06
0.5712
13.045
0.93378
13.048
4.2807
13.045
0.0010119
0.018578
0.0060083
0.019053
0.13775
0.12071
0.00094539
0.94574
0.054257
0.60869
0.037801
0.064885
0.28862
2.0235
0.0072879
0.00017717
0.075663
0.43639
-13.336
-44477
-47.8
0.0743
0.9717
129.43
8.5547
-85.788
1.3916
0.00035794
0.032676
0.021719
0.24466
0.12794
0.7486
0.00052917
0.00029545
6.9219e-06
0.097099
0.1192
0.98276
0.008982
0.079355
0.98727
0.99166
0.0013552
0.0039961
0.9874
0.18436
0.0040143
0.16599
5.0334e-06
6.7016e-06
0.57107
13.046
0.93382
13.05
4.2809
13.047
0.0009983
0.018576
0.0059606
0.0075273
0.13775
0.12071
0.00094577
0.95726
0.042738
0.65782
0.031925
0.05644
0.25382
1.9897
0.0072305
0.00014051
0.074694
0.43448
-14.294
-41547
-47.8
0.0743
0.9717
129.43
8.5547
-85.788
1.3899
0.00035354
0.032288
0.021499
0.24358
0.12757
0.74663
0.00052352
0.00028285
6.9219e-06
0.097023
0.11921
0.98276
0.008982
0.079355
0.98727
0.99166
0.0013552
0.0039961
0.9874
0.18436
0.0040143
0.16599
4.9532e-06
6.5924e-06
0.57098
13.048
0.93387
13.051
4.2812
13.048
0.00095687
0.018542
0.005789
0.046558
0.13775
0.12074
0.00094629
0.99045
0.0095532
0.85602
0.0092593
0.022994
0.11172
1.7596
0.0068977
-7.1877e-05
0.073871
0.43101
-18.547
-16854
-47.8
0.0743
0.9717
129.43
8.5547
-85.788
1.3907
0.00035421
0.032349
0.021589
0.24391
0.12779
0.74747
0.00052578
0.00028289
6.9219e-06
0.0972
0.11945
0.98276
0.008982
0.079354
0.98727
0.99166
0.0013552
0.0039961
0.9874
0.18436
0.0040143
0.16599
5.0134e-06
6.6664e-06
0.57076
13.051
0.93397
13.054
4.2816
13.051
0.00095747
0.018566
0.0058014
-0.0068776
0.13775
0.12072
0.00094617
0.98626
0.013742
0.81883
0.012757
0.029113
0.1393
1.8169
0.0069838
-1.6851e-05
0.073378
0.43104
-19.477
-24141
-47.8
0.0743
0.9717
129.43
8.5547
-85.788
1.3915
0.00035611
0.032518
0.021701
0.24444
0.128
0.74841
0.00052864
0.00028661
6.9219e-06
0.097307
0.11954
0.98276
0.008982
0.079353
0.98727
0.99166
0.0013552
0.0039961
0.9874
0.18435
0.0040143
0.16599
5.064e-06
6.7314e-06
0.57068
13.051
0.93396
13.054
4.2816
13.051
0.00096993
0.018583
0.0058549
-0.018804
0.13775
0.12071
0.00094622
0.98304
0.016956
0.79691
0.015289
0.032728
0.15508
1.8417
0.0070158
3.7807e-06
0.073967
0.43307
-19.383
-27047
-47.8
0.0743
0.9717
129.43
8.5547
-85.788
1.392
0.00035762
0.032651
0.021765
0.24479
0.12809
0.74905
0.0005303
0.00029176
6.9219e-06
0.097308
0.1195
0.98276
0.008982
0.079353
0.98727
0.99166
0.0013552
0.0039961
0.9874
0.18435
0.0040143
0.16599
5.0827e-06
6.758e-06
0.57074
13.048
0.93389
13.052
4.2812
13.049
0.00098719
0.018588
0.005926
-0.0067184
0.13775
0.1207
0.00094655
0.96611
0.033886
0.69677
0.026778
0.049649
0.2268
1.9539
0.0071729
0.00010423
0.073909
0.43373
-15.682
-38430
-47.8
0.0743
0.9717
129.43
8.5547
-85.788
1.3906
0.00035494
0.032412
0.021578
0.24397
0.12772
0.74737
0.00052553
0.00028558
6.9219e-06
0.097093
0.11926
0.98276
0.008982
0.079352
0.98727
0.99166
0.0013552
0.0039961
0.9874
0.18435
0.0040143
0.16599
4.9888e-06
6.6388e-06
0.57094
13.044
0.93375
13.047
4.2806
13.044
0.00096609
0.01855
0.0058279
0.031566
0.13775
0.12074
0.00094713
0.98909
0.01091
0.84502
0.010427
0.02479
0.11976
1.7728
0.0069218
-5.6422e-05
0.074411
0.43271
-18.895
-18679
-47.8
0.0743
0.9717
129.43
8.5547
-85.788
1.3915
0.00035639
0.032541
0.021667
0.24438
0.12788
0.7484
0.00052782
0.00029086
6.9219e-06
0.097117
0.11927
0.98276
0.008982
0.079352
0.98727
0.99166
0.0013552
0.0039961
0.9874
0.18435
0.0040143
0.16599
5.0276e-06
6.6924e-06
0.57102
13.042
0.93369
13.046
4.2803
13.042
0.00098402
0.018563
0.00591
-0.0011358
0.13775
0.12073
0.00094717
0.96442
0.035584
0.68815
0.02778
0.051223
0.23284
1.9673
0.0072023
0.00012268
0.073673
0.4325
-15.152
-39548
-47.8
0.0743
0.9717
129.43
8.5547
-85.788
1.3901
0.00035408
0.032335
0.0215
0.24367
0.12754
0.74684
0.00052357
0.0002849
6.9219e-06
0.096904
0.11901
0.98276
0.008982
0.079351
0.98727
0.99166
0.0013552
0.0039961
0.9874
0.18435
0.0040143
0.16599
4.9425e-06
6.5854e-06
0.57125
13.037
0.93354
13.04
4.2796
13.037
0.00096355
0.018526
0.0058149
0.044882
0.13775
0.12076
0.00094752
0.98999
0.010006
0.85311
0.009652
0.023467
0.11377
1.7622
0.0069014
-6.9506e-05
0.074308
0.43198
-18.573
-17229
-47.8
0.0743
0.9717
129.43
8.5547
-85.788
1.3915
0.00035704
0.032598
0.021674
0.24451
0.12787
0.74847
0.00052802
0.00029267
6.9219e-06
0.09699
0.11906
0.98276
0.008982
0.07935
0.98727
0.99166
0.0013552
0.0039961
0.9874
0.18435
0.0040143
0.16599
5.0179e-06
6.6876e-06
0.57131
13.035
0.93346
13.038
4.2793
13.035
0.00098926
0.018556
0.0059284
-0.010478
0.13775
0.12073
0.00094716
0.96789
0.032108
0.70573
0.02569
0.048068
0.22051
1.9453
0.0071679
0.00010092
0.074038
0.43345
-16.021
-37629
-47.8
0.0743
0.9717
129.43
8.5547
-85.788
1.3915
0.00035769
0.032655
0.021685
0.24463
0.12787
0.74848
0.00052831
0.00029394
6.9219e-06
0.096908
0.11891
0.98276
0.008982
0.07935
0.98727
0.99166
0.0013552
0.0039961
0.9874
0.18435
0.0040143
0.16599
5.012e-06
6.6848e-06
0.5715
13.03
0.93331
13.034
4.2786
13.03
0.00099289
0.018552
0.0059397
-0.025144
0.13775
0.12074
0.00094711
0.97551
0.024485
0.75065
0.020767
0.040422
0.18816
1.8936
0.007089
5.0503e-05
0.074767
0.43466
-18.132
-32621
-47.8
0.0743
0.9717
129.43
8.5547
-85.788
1.3917
0.00035871
0.032743
0.021696
0.24477
0.12785
0.74863
0.00052862
0.00029867
6.9219e-06
0.096783
0.11869
0.98276
0.008982
0.079349
0.98727
0.99166
0.0013552
0.0039961
0.9874
0.18435
0.0040143
0.16599
4.9967e-06
6.6714e-06
0.57176
13.024
0.93313
13.028
4.2778
13.024
0.0010077
0.018543
0.0059938
0.0055457
0.13775
0.12075
0.00094742
0.95722
0.04278
0.65555
0.031927
0.056558
0.25596
1.9824
0.0072325
0.00014208
0.075349
0.43611
-14.47
-41107
-47.8
0.0743
0.9717
129.43
8.5547
-85.788
1.3914
0.00035859
0.032731
0.021663
0.24467
0.12776
0.74837
0.0005278
0.00029928
6.9219e-06
0.096677
0.11854
0.98276
0.008982
0.079349
0.98727
0.99166
0.0013552
0.0039961
0.9874
0.18435
0.0040143
0.16599
4.9719e-06
6.6432e-06
0.57194
13.02
0.933
13.024
4.2772
13.02
0.0010093
0.018533
0.0059969
-0.0029846
0.13775
0.12076
0.0009477
0.96164
0.038357
0.67954
0.029522
0.052443
0.23849
1.9632
0.0071886
0.0001141
0.075455
0.43602
-15.233
-39318
-47.8
0.0743
0.9717
129.43
8.5547
-85.788
1.3914
0.0003587
0.03274
0.021649
0.24464
0.12771
0.74836
0.00052747
0.00030101
6.9219e-06
0.096615
0.11845
0.98276
0.008982
0.079348
0.98727
0.99166
0.0013552
0.0039961
0.9874
0.18435
0.0040143
0.16599
4.9577e-06
6.6268e-06
0.57203
13.017
0.93293
13.021
4.2768
13.018
0.0010145
0.018523
0.0060143
0.018691
0.13775
0.12077
0.00094811
0.94672
0.053285
0.61066
0.037285
0.064322
0.28773
2.0195
0.0072913
0.00017955
0.075827
0.4365
-13.377
-44226
-47.8
0.0743
0.9717
129.43
8.5547
-85.788
1.3914
0.00035802
0.032681
0.021636
0.24453
0.12771
0.74834
0.00052711
0.00029886
6.9219e-06
0.096667
0.11855
0.98276
0.008982
0.079348
0.98727
0.99166
0.0013552
0.0039961
0.9874
0.18435
0.0040143
0.16599
4.9623e-06
6.6298e-06
0.57192
13.019
0.93298
13.023
4.2771
13.019
0.0010079
0.018524
0.0059914
0.017836
0.13775
0.12077
0.00094829
0.94901
0.050994
0.61776
0.036099
0.06315
0.28299
2.016
0.0072931
0.00018067
0.075358
0.43559
-13.452
-43929
-47.8
0.0743
0.9717
129.43
8.5547
-85.788
1.3909
0.00035569
0.032476
0.021563
0.24407
0.12764
0.7477
0.0005252
0.00029013
6.9219e-06
0.096764
0.11876
0.98276
0.008982
0.079348
0.98727
0.99166
0.0013552
0.0039961
0.9874
0.18435
0.0040143
0.16599
4.9564e-06
6.6151e-06
0.57167
13.024
0.93312
13.027
4.2777
13.024
0.00098014
0.018522
0.0058847
-0.017671
0.13775
0.12077
0.0009483
0.98286
0.017144
0.79784
0.015443
0.032572
0.15414
1.8405
0.0070155
3.2535e-06
0.074611
0.43333
-19.335
-26891
-47.8
0.0743
0.9717
129.43
8.5547
-85.788
1.3914
0.00035573
0.032482
0.021607
0.24418
0.12775
0.74834
0.0005263
0.00029072
6.9219e-06
0.096893
0.11897
0.98276
0.008982
0.079347
0.98727
0.99166
0.0013552
0.0039961
0.9874
0.18435
0.0040143
0.16599
4.9908e-06
6.6554e-06
0.57146
13.027
0.93323
13.031
4.2782
13.028
0.00098303
0.01853
0.0059055
-0.0044752
0.13775
0.12076
0.00094855
0.96624
0.033762
0.69366
0.026639
0.05016
0.22954
1.9592
0.0072033
0.00012336
0.073592
0.43232
-15.433
-38906
-47.8
0.0743
0.9717
129.43
8.5547
-85.788
1.3898
0.00035185
0.032138
0.021394
0.24314
0.12736
0.74647
0.00052086
0.00028097
6.9219e-06
0.096766
0.1189
0.98276
0.008982
0.079347
0.98727
0.99166
0.0013552
0.0039961
0.9874
0.18435
0.0040143
0.16599
4.9039e-06
6.5396e-06
0.57146
13.028
0.93324
13.031
4.2783
13.028
0.0009508
0.018496
0.0057684
0.011215
0.13774
0.12079
0.00094911
0.98864
0.011358
0.8376
0.010795
0.026031
0.12558
1.7944
0.0069491
-3.9192e-05
0.073073
0.42912
-19.25
-21371
-47.8
0.0743
0.9717
129.43
8.5547
-85.788
1.3891
0.00035075
0.032039
0.021303
0.24277
0.12716
0.74565
0.00051854
0.00027903
6.9219e-06
0.096649
0.11876
0.98276
0.008982
0.079346
0.98727
0.99166
0.0013552
0.0039961
0.9874
0.18435
0.0040143
0.16599
4.8535e-06
6.4752e-06
0.57157
13.025
0.93317
13.028
4.2779
13.026
0.00094434
0.018472
0.0057366
0.084373
0.13774
0.12081
0.00094964
0.99245
0.0075488
0.87458
0.0074816
0.019973
0.097966
1.735
0.0068494
-0.00010256
0.073106
0.42837
-17.563
-13322
-47.8
0.0743
0.9717
129.43
8.5547
-85.788
1.3914
0.00035573
0.032482
0.021595
0.24415
0.12772
0.74829
0.00052601
0.00029126
6.9219e-06
0.096867
0.11893
0.98276
0.008982
0.079346
0.98727
0.99166
0.0013552
0.0039961
0.9874
0.18435
0.0040143
0.16599
4.9818e-06
6.6444e-06
0.57149
13.025
0.93316
13.029
4.2779
13.025
0.00098488
0.018525
0.005912
0.0019654
0.13774
0.12077
0.00094907
0.96322
0.036776
0.67912
0.028428
0.052692
0.23976
1.9732
0.0072288
0.00013956
0.073728
0.43244
-14.866
-40156
-47.8
0.0743
0.9717
129.43
8.5547
-85.788
1.3915
0.00035673
0.03257
0.02164
0.24442
0.1278
0.74846
0.00052715
0.00029207
6.9219e-06
0.096863
0.11887
0.98276
0.008982
0.079346
0.98727
0.99166
0.0013552
0.0039961
0.9874
0.18435
0.0040143
0.16599
4.9973e-06
6.6673e-06
0.57158
13.022
0.93307
13.026
4.2775
13.023
0.00098711
0.018533
0.0059191
-0.024353
0.13774
0.12076
0.00094874
0.97598
0.024023
0.75009
0.020417
0.040522
0.18897
1.8952
0.0071007
5.7962e-05
0.07429
0.43367
-18.058
-32824
-47.8
0.0743
0.9717
129.43
8.5547
-85.788
1.3913
0.00035703
0.032596
0.021624
0.24442
0.12774
0.74825
0.00052676
0.00029348
6.9219e-06
0.096752
0.11869
0.98276
0.008982
0.079345
0.98727
0.99166
0.0013552
0.0039961
0.9874
0.18435
0.0040143
0.16599
4.9772e-06
6.6461e-06
0.57178
13.018
0.93293
13.021
4.2768
13.018
0.00099111
0.018526
0.005931
-0.024909
0.13774
0.12076
0.00094877
0.97654
0.023463
0.75501
0.020046
0.039689
0.18526
1.8885
0.0070886
5.0136e-05
0.074658
0.43419
-18.286
-32128
-47.8
0.0743
0.9717
129.43
8.5547
-85.788
1.3916
0.00035825
0.032701
0.021644
0.24461
0.12773
0.74852
0.00052732
0.0002993
6.9219e-06
0.096628
0.11848
0.98276
0.008982
0.079345
0.98727
0.99166
0.0013552
0.0039961
0.9874
0.18435
0.0040143
0.16599
4.9649e-06
6.6365e-06
0.57204
13.012
0.93276
13.016
4.2761
13.013
0.0010092
0.018516
0.0059972
0.019442
0.13774
0.12078
0.00094914
0.94758
0.052416
0.60901
0.036714
0.064573
0.2897
2.0191
0.0073078
0.0001902
0.07545
0.43605
-13.358
-44293
-47.8
0.0743
0.9717
129.43
8.5547
-85.788
1.3913
0.00035765
0.032649
0.021614
0.24447
0.12768
0.74823
0.00052654
0.00029699
6.9219e-06
0.096584
0.11844
0.98276
0.008982
0.079345
0.98727
0.99166
0.0013552
0.0039961
0.9874
0.18435
0.0040143
0.16599
4.9536e-06
6.6235e-06
0.57211
13.01
0.9327
13.014
4.2758
13.011
0.001002
0.018512
0.0059694
-0.015563
0.13774
0.12078
0.0009492
0.96928
0.030721
0.71533
0.024872
0.046361
0.21344
1.9302
0.0071446
8.5973e-05
0.074925
0.43494
-16.597
-36267
-47.8
0.0743
0.9717
129.43
8.5547
-85.788
1.3913
0.00035761
0.032645
0.021605
0.24444
0.12766
0.74819
0.00052633
0.00029716
6.9219e-06
0.096549
0.11839
0.98276
0.008982
0.079345
0.98727
0.99166
0.0013552
0.0039961
0.9874
0.18435
0.0040143
0.16599
4.9474e-06
6.617e-06
0.57218
13.008
0.93265
13.012
4.2755
13.009
0.0010025
0.018507
0.0059712
-0.014583
0.13774
0.12078
0.00094952
0.96877
0.03123
0.71315
0.025198
0.046733
0.21492
1.9327
0.0071475
8.7814e-05
0.074963
0.43498
-16.491
-36495
-47.8
0.0743
0.9717
129.43
8.5547
-85.788
1.3915
0.00035822
0.032698
0.021622
0.24455
0.12767
0.74842
0.00052676
0.00029988
6.9219e-06
0.096523
0.11834
0.98276
0.008982
0.079344
0.98727
0.99166
0.0013552
0.0039961
0.9874
0.18435
0.0040143
0.16599
4.9466e-06
6.6172e-06
0.57223
13.007
0.9326
13.011
4.2753
13.007
0.0010111
0.018501
0.006004
0.015533
0.13774
0.12079
0.00095009
0.95086
0.049137
0.62745
0.035239
0.061418
0.2759
2.0063
0.0072751
0.00016921
0.075593
0.43622
-13.671
-43153
-47.8
0.0743
0.9717
129.43
8.5547
-85.788
1.3916
0.00035783
0.032665
0.021625
0.24451
0.12769
0.74852
0.00052682
0.00029821
6.9219e-06
0.096588
0.11845
0.98276
0.008982
0.079344
0.98727
0.99166
0.0013552
0.0039961
0.9874
0.18435
0.0040143
0.16599
4.9579e-06
6.629e-06
0.5721
13.009
0.93266
13.013
4.2756
13.009
0.0010063
0.018502
0.0059887
0.0098296
0.13774
0.12079
0.00095045
0.95563
0.04437
0.64896
0.032787
0.057746
0.26051
1.9906
0.0072454
0.00015028
0.075256
0.43569
-14.171
-41776
-47.8
0.0743
0.9717
129.43
8.5547
-85.788
1.3912
0.00035579
0.032487
0.021567
0.24413
0.12764
0.74813
0.00052531
0.00029151
6.9219e-06
0.096675
0.11865
0.98276
0.008982
0.079344
0.98727
0.99166
0.0013552
0.0039961
0.9874
0.18435
0.0040143
0.16599
4.957e-06
6.6218e-06
0.57189
13.013
0.93279
13.017
4.2762
13.014
0.00098547
0.0185
0.0059127
-0.018225
0.13774
0.12079
0.00095075
0.9727
0.027296
0.73249
0.022622
0.043525
0.20137
1.9209
0.0071273
7.502e-05
0.07388
0.43269
-17.043
-35253
-47.8
0.0743
0.9717
129.43
8.5547
-85.788
1.39
0.00035237
0.032184
0.021395
0.24325
0.12734
0.74666
0.00052089
0.00028257
6.9219e-06
0.096612
0.11866
0.98276
0.008982
0.079344
0.98727
0.99166
0.0013552
0.0039961
0.9874
0.18435
0.0040143
0.16599
4.893e-06
6.5341e-06
0.5718
13.015
0.93285
13.018
4.2765
13.015
0.00095604
0.01847
0.0057892
0.018069
0.13774
0.12082
0.00095145
0.98866
0.011337
0.83901
0.01078
0.025791
0.12442
1.789
0.0069462
-4.0978e-05
0.0735
0.4303
-19.118
-20710
-47.8
0.0743
0.9717
129.43
8.5547
-85.788
1.3902
0.00035244
0.03219
0.021413
0.24329
0.12738
0.74693
0.00052133
0.00028287
6.9219e-06
0.096661
0.11874
0.98276
0.008982
0.079344
0.98727
0.99166
0.0013552
0.0039961
0.9874
0.18434
0.0040143
0.16599
4.9057e-06
6.549e-06
0.57172
13.016
0.93289
13.02
4.2767
13.017
0.00095719
0.018472
0.0057955
0.0014197
0.13774
0.12082
0.00095189
0.98711
0.012886
0.82722
0.012061
0.027742
0.13298
1.8092
0.0069732
-2.3715e-05
0.073418
0.43024
-19.364
-23150
-47.8
0.0743
0.9717
129.43
8.5547
-85.788
1.3912
0.00035448
0.032371
0.021516
0.24379
0.12755
0.74807
0.00052398
0.00029022
6.9219e-06
0.096703
0.11876
0.98276
0.008982
0.079343
0.98727
0.99166
0.0013552
0.0039961
0.9874
0.18434
0.0040143
0.16599
4.9426e-06
6.5985e-06
0.57173
13.016
0.93287
13.019
4.2766
13.016
0.00098232
0.01848
0.0059017
0.019902
0.13774
0.12081
0.0009524
0.95374
0.046257
0.63559
0.033612
0.060845
0.26995
2.0176
0.007318
0.00019559
0.073556
0.43153
-13.45
-43797
-47.8
0.0743
0.9717
129.43
8.5547
-85.788
1.3893
0.0003507
0.032035
0.021284
0.24273
0.1271
0.74585
0.00051807
0.00027979
6.9219e-06
0.096505
0.11857
0.98276
0.008982
0.079343
0.98727
0.99166
0.0013552
0.0039961
0.9874
0.18434
0.0040143
0.16599
4.8387e-06
6.4629e-06
0.57185
13.014
0.9328
13.017
4.2763
13.014
0.00094713
0.018436
0.005748
0.08755
0.13773
0.12085
0.00095296
0.99233
0.0076711
0.87517
0.0075885
0.019881
0.09736
1.7346
0.0068566
-9.7886e-05
0.073359
0.42898
-17.492
-13206
-47.8
0.0743
0.9717
129.43
8.5547
-85.788
1.3905
0.00035258
0.032204
0.021437
0.24339
0.12744
0.7473
0.00052195
0.00028369
6.9219e-06
0.096671
0.11877
0.98276
0.008982
0.079343
0.98727
0.99166
0.0013552
0.0039961
0.9874
0.18434
0.0040143
0.16599
4.9215e-06
6.5706e-06
0.57175
13.015
0.93285
13.019
4.2765
13.016
0.00096038
0.018475
0.0058176
-0.023215
0.13774
0.12081
0.00095232
0.97876
0.021242
0.7679
0.018433
0.037632
0.17604
1.8946
0.007082
4.6054e-05
0.072671
0.42925
-18.17
-32418
-47.8
0.0743
0.9717
129.43
8.5547
-85.788
1.3899
0.00035261
0.032204
0.021382
0.24324
0.12729
0.74662
0.00052058
0.00028416
6.9219e-06
0.096524
0.11853
0.98276
0.008982
0.079343
0.98727
0.99166
0.0013552
0.0039961
0.9874
0.18434
0.0040143
0.16599
4.8765e-06
6.5161e-06
0.57195
13.011
0.93272
13.014
4.2759
13.011
0.000961
0.018458
0.0058056
0.023816
0.13774
0.12083
0.00095233
0.98876
0.011239
0.84297
0.010698
0.025145
0.12119
1.7841
0.0069323
-4.9773e-05
0.073949
0.43098
-19.011
-20012
-47.8
0.0743
0.9717
129.43
8.5547
-85.788
1.3914
0.00035684
0.032577
0.021575
0.24425
0.1276
0.74832
0.00052555
0.00029697
6.9219e-06
0.096562
0.11846
0.98276
0.008982
0.079343
0.98727
0.99166
0.0013552
0.0039961
0.9874
0.18434
0.0040143
0.16599
4.9392e-06
6.6034e-06
0.57208
13.008
0.93262
13.011
4.2754
13.008
0.0010027
0.018484
0.0059738
0.024098
0.13774
0.12081
0.000952
0.94235
0.05765
0.58989
0.039177
0.068436
0.3025
2.0429
0.0073478
0.00021513
0.075002
0.43465
-13.298
-45895
-47.8
0.0743
0.9717
129.43
8.5547
-85.788
1.3916
0.00035761
0.032646
0.021627
0.24451
0.12771
0.74859
0.00052687
0.00029676
6.9219e-06
0.096625
0.11851
0.98276
0.008982
0.079343
0.98727
0.99166
0.0013552
0.0039961
0.9874
0.18434
0.0040143
0.16599
4.9661e-06
6.6382e-06
0.57204
13.008
0.93263
13.012
4.2755
13.008
0.0010023
0.0185
0.005976
-0.0010905
0.13774
0.12079
0.00095136
0.96241
0.037589
0.68387
0.029076
0.051799
0.23526
1.9634
0.007187
0.0001131
0.074975
0.43531
-15.227
-39262
-47.8
0.0743
0.9717
129.43
8.5547
-85.788
1.3914
0.0003569
0.032584
0.021614
0.24442
0.12772
0.74836
0.00052651
0.00029314
6.9219e-06
0.096672
0.11859
0.98276
0.008982
0.079343
0.98727
0.99166
0.0013552
0.0039961
0.9874
0.18434
0.0040143
0.16599
4.9722e-06
6.6441e-06
0.57196
13.01
0.93269
13.013
4.2757
13.01
0.00099059
0.018506
0.0059326
-0.022781
0.13774
0.12078
0.00095082
0.9754
0.024603
0.75013
0.020845
0.040519
0.1885
1.8959
0.0070928
5.2997e-05
0.074597
0.43436
-18.023
-32814
-47.8
0.0743
0.9717
129.43
8.5547
-85.788
1.3914
0.00035656
0.032555
0.02161
0.24438
0.12773
0.74831
0.00052639
0.0002917
6.9219e-06
0.096699
0.11864
0.98276
0.008982
0.079343
0.98727
0.99166
0.0013552
0.0039961
0.9874
0.18434
0.0040143
0.16599
4.9763e-06
6.6482e-06
0.57191
13.011
0.93273
13.015
4.2759
13.011
0.00098598
0.018509
0.0059161
-0.023519
0.13774
0.12078
0.00095056
0.97706
0.022942
0.7582
0.019679
0.039165
0.18296
1.8862
0.0070857
4.845e-05
0.074401
0.434
-18.357
-31843
