-85.703
1.3859
0.00037842
0.034425
0.021547
0.24613
0.12641
0.74196
0.00052578
0.00040053
7.0188e-06
0.098178
0.11995
0.9795
0.0091074
0.085841
0.98707
0.99163
0.0013746
0.0040168
0.98582
0.17942
0.0040241
0.16713
4.5921e-06
5.9725e-06
0.56533
13.027
0.93324
13.03
4.2782
13.027
0.0013081
0.019465
0.0068987
0.044854
0.13793
0.11982
0.0008533
0.79374
0.20626
0.33037
0.099604
0.084824
0.4852
2.0547
0.0042238
-0.0018099
0.097185
0.48792
-3.3987
-67504
-47.8
0.0743
0.9717
129.43
8.5547
-85.703
1.386
0.00037815
0.0344
0.021555
0.24614
0.12646
0.74211
0.00052598
0.00039908
7.0188e-06
0.098271
0.12007
0.9795
0.0091074
0.08584
0.98707
0.99163
0.0013746
0.0040168
0.98582
0.17942
0.0040241
0.16713
4.6056e-06
5.9867e-06
0.56519
13.029
0.93331
13.033
4.2785
13.03
0.0013013
0.019477
0.0068795
0.022154
0.13793
0.11981
0.00085303
0.89228
0.10772
0.44616
0.066143
0.071909
0.41579
1.9084
0.0044052
-0.0016848
0.097624
0.48993
-4.1452
-1.4705e+07
-47.8
0.0743
0.9717
129.43
8.5547
-85.703
1.3863
0.00037818
0.034404
0.021584
0.24624
0.12654
0.74245
0.0005267
0.00039772
7.0188e-06
0.098382
0.12021
0.9795
0.0091074
0.085839
0.98707
0.99163
0.0013746
0.0040168
0.98582
0.17942
0.0040241
0.16713
4.6292e-06
6.0138e-06
0.56504
13.032
0.93338
13.035
4.2789
13.032
0.0012976
0.01949
0.0068713
0.020836
0.13793
0.11979
0.00085281
0.89742
0.10258
0.45323
0.06396
0.071106
0.4117
1.8992
0.0044178
-0.0016762
0.097434
0.49
-4.1962
-3.0345e+07
-47.8
0.0743
0.9717
129.43
8.5547
-85.703
1.3864
0.00037766
0.03436
0.021586
0.24623
0.12658
0.74256
0.00052671
0.00039389
7.0188e-06
0.098458
0.12032
0.9795
0.0091074
0.085838
0.98707
0.99163
0.0013746
0.0040168
0.98582
0.17942
0.0040241
0.16713
4.642e-06
6.0279e-06
0.56494
13.033
0.93342
13.036
4.279
13.033
0.0012871
0.0195
0.0068431
-1.8325e-05
0.13793
0.11978
0.00085262
0.94021
0.059792
0.53968
0.044103
0.060653
0.35557
1.7973
0.0045357
-0.0015962
0.097701
0.49142
-5.6275
-1.1092e+11
-47.8
0.0743
0.9717
129.43
8.5547
-85.703
1.3864
0.00037837
0.034421
0.021597
0.24631
0.12657
0.74258
0.00052703
0.00039772
7.0188e-06
0.098422
0.12025
0.9795
0.0091074
0.085837
0.98707
0.99163
0.0013746
0.0040168
0.98582
0.17942
0.0040241
0.16713
4.6371e-06
6.023e-06
0.565
13.031
0.93335
13.034
4.2787
13.031
0.0012979
0.019495
0.0068729
0.019023
0.13793
0.11979
0.0008528
0.90272
0.097282
0.46212
0.061741
0.070063
0.40607
1.8877
0.0044315
-0.0016669
0.097542
0.49038
-4.2574
-7.554e+07
-47.8
0.0743
0.9717
129.43
8.5547
-85.703
1.3863
0.00037868
0.034447
0.021588
0.2463
0.12653
0.74243
0.00052681
0.0003998
7.0188e-06
0.098357
0.12015
0.9795
0.0091074
0.085836
0.98707
0.99163
0.0013746
0.0040168
0.98582
0.17942
0.0040241
0.16713
4.6236e-06
6.0078e-06
0.56509
13.027
0.93325
13.031
4.2783
13.028
0.0013042
0.019488
0.0068894
0.026325
0.13793
0.11979
0.00085301
0.87694
0.12306
0.42296
0.072123
0.074606
0.43031
1.935
0.0043722
-0.0017074
0.097534
0.48982
-4.0124
-1.701e+06
-47.8
0.0743
0.9717
129.43
8.5547
-85.703
1.3863
0.0003786
0.034441
0.02158
0.24627
0.12651
0.74239
0.00052661
0.00039974
7.0188e-06
0.098329
0.12012
0.9795
0.0091074
0.085835
0.98707
0.99163
0.0013746
0.0040168
0.98582
0.17942
0.0040241
0.16713
4.6187e-06
6.0027e-06
0.56514
13.025
0.93319
13.029
4.278
13.026
0.0013047
0.019484
0.0068907
0.029234
0.13793
0.1198
0.00085314
0.86565
0.13435
0.40757
0.07631
0.076359
0.43976
1.9542
0.0043484
-0.0017237
0.097415
0.48945
-3.9172
-4.0856e+05
-47.8
0.0743
0.9717
129.43
8.5547
-85.703
1.3863
0.00037796
0.034385
0.021565
0.2462
0.12651
0.7424
0.00052623
0.00039685
7.0188e-06
0.098341
0.12014
0.9795
0.0091074
0.085834
0.98707
0.99163
0.0013746
0.0040168
0.98582
0.17942
0.0040241
0.16713
4.6206e-06
6.0051e-06
0.56514
13.025
0.93317
13.028
4.2779
13.025
0.0012955
0.019486
0.0068657
0.013562
0.13793
0.1198
0.00085313
0.91782
0.08218
0.49039
0.055107
0.066677
0.38782
1.855
0.0044701
-0.0016406
0.097702
0.49079
-4.4322
-1.069e+09
-47.8
0.0743
0.9717
129.43
8.5547
-85.703
1.3863
0.00037789
0.034379
0.021565
0.2462
0.12651
0.74248
0.00052621
0.00039633
7.0188e-06
0.098321
0.12012
0.9795
0.0091074
0.085833
0.98707
0.99163
0.0013746
0.0040168
0.98582
0.17941
0.0040241
0.16713
4.6213e-06
6.0072e-06
0.56519
13.023
0.9331
13.026
4.2776
13.023
0.0012944
0.019483
0.0068635
0.01184
0.13793
0.1198
0.00085326
0.9219
0.078098
0.49847
0.053205
0.065706
0.38262
1.8451
0.0044816
-0.0016328
0.097725
0.491
-4.4842
-2.3744e+09
-47.8
0.0743
0.9717
129.43
8.5547
-85.703
1.3865
0.00037831
0.034419
0.021581
0.24629
0.12653
0.74269
0.00052661
0.00039803
7.0188e-06
0.098279
0.12006
0.9795
0.0091074
0.085832
0.98707
0.99163
0.0013746
0.0040168
0.98582
0.17941
0.0040241
0.16713
4.6239e-06
6.0131e-06
0.56529
13.02
0.93301
13.023
4.2772
13.02
0.0013021
0.019476
0.006887
0.045844
0.13793
0.11981
0.00085355
0.78759
0.21241
0.32358
0.10114
0.085588
0.4897
2.0628
0.0042157
-0.0018155
0.096722
0.48778
-3.3818
-68630
-47.8
0.0743
0.9717
129.43
8.5547
-85.703
1.3862
0.00037644
0.034255
0.021514
0.24595
0.12644
0.74228
0.00052487
0.00039025
7.0188e-06
0.098274
0.12009
0.9795
0.0091074
0.085831
0.98707
0.99163
0.0013746
0.0040168
0.98582
0.17941
0.0040241
0.16713
4.6095e-06
5.994e-06
0.56528
13.019
0.93299
13.023
4.2771
13.019
0.0012775
0.019479
0.0068148
-0.042509
0.13793
0.1198
0.00085337
0.96051
0.039488
0.60075
0.032573
0.052914
0.31376
1.7281
0.0046032
-0.0015508
0.097635
0.49173
-9.8344
-2.7282e+13
-47.8
0.0743
0.9717
129.43
8.5547
-85.703
1.3862
0.00037808
0.034397
0.02154
0.24615
0.12642
0.74234
0.00052559
0.00039886
7.0188e-06
0.098154
0.11989
0.9795
0.0091074
0.085831
0.98707
0.99163
0.0013746
0.0040168
0.98582
0.17941
0.0040241
0.16713
4.5965e-06
5.9819e-06
0.56548
13.014
0.93282
13.017
4.2763
13.014
0.0013041
0.019461
0.0068903
0.039787
0.13793
0.11982
0.00085399
0.81668
0.18332
0.3515
0.092635
0.082568
0.4733
2.0265
0.0042592
-0.0017853
0.096983
0.48817
-3.5669
-65945
-47.8
0.0743
0.9717
129.43
8.5547
-85.703
1.3861
0.00037846
0.03443
0.021538
0.24617
0.1264
0.74223
0.00052555
0.00040061
7.0188e-06
0.098107
0.11982
0.9795
0.0091074
0.08583
0.98707
0.99163
0.0013746
0.0040168
0.98582
0.17941
0.0040241
0.16713
4.5875e-06
5.9718e-06
0.56554
13.011
0.93274
13.015
4.2759
13.011
0.0013092
0.019455
0.0069043
0.041225
0.13792
0.11983
0.00085426
0.80735
0.19265
0.34318
0.095604
0.083449
0.47776
2.0363
0.0042452
-0.001795
0.097294
0.48846
-3.514
-66177
-47.8
0.0743
0.9717
129.43
8.5547
-85.703
1.3864
0.00037837
0.034423
0.021559
0.24624
0.12647
0.74251
0.00052608
0.00039915
7.0188e-06
0.098204
0.11994
0.9795
0.0091074
0.085829
0.98707
0.99163
0.0013746
0.0040169
0.98582
0.17941
0.0040241
0.16713
4.6072e-06
5.9943e-06
0.56542
13.013
0.9328
13.017
4.2762
13.013
0.0013048
0.019466
0.0068933
0.034814
0.13793
0.11982
0.00085419
0.839
0.161
0.37513
0.085509
0.079987
0.45938
1.9949
0.0042978
-0.0017586
0.097159
0.48884
-3.7292
-75735
-47.8
0.0743
0.9717
129.43
8.5547
-85.703
1.3866
0.00037705
0.034309
0.02156
0.24617
0.12655
0.74275
0.00052603
0.00039102
7.0188e-06
0.098381
0.1202
0.9795
0.0091074
0.085828
0.98707
0.99163
0.0013746
0.0040169
0.98582
0.17941
0.0040241
0.16713
4.6362e-06
6.0258e-06
0.56516
13.018
0.93295
13.021
4.2769
13.018
0.00128
0.019488
0.0068255
-0.021562
0.13793
0.11979
0.0008538
0.95491
0.045095
0.58061
0.035931
0.055503
0.32796
1.7494
0.0045845
-0.0015633
0.097562
0.49185
-8.1701
-4.8192e+12
-47.8
0.0743
0.9717
129.43
8.5547
-85.703
1.3868
0.00037774
0.03437
0.021597
0.24634
0.12662
0.74306
0.00052698
0.00039322
7.0188e-06
0.098438
0.12025
0.9795
0.0091074
0.085828
0.98707
0.99163
0.0013746
0.0040169
0.98582
0.17941
0.0040241
0.16713
4.6528e-06
6.0458e-06
0.5651
13.018
0.93297
13.022
4.277
13.019
0.0012864
0.019492
0.0068456
0.0025626
0.13793
0.11979
0.00085394
0.93685
0.063152
0.52963
0.045802
0.061916
0.36265
1.8071
0.004526
-0.0016027
0.09745
0.49145
-5.2583
-4.7117e+10
-47.8
0.0743
0.9717
129.43
8.5547
-85.703
1.3868
0.00037828
0.034416
0.021602
0.2464
0.12661
0.743
0.00052713
0.00039582
7.0188e-06
0.098401
0.12018
0.9795
0.0091074
0.085827
0.98707
0.99163
0.0013746
0.0040169
0.98582
0.17941
0.0040241
0.16713
4.6461e-06
6.0384e-06
0.56515
13.016
0.93289
13.02
4.2766
13.016
0.0012937
0.019487
0.0068656
0.0095728
0.13793
0.1198
0.00085423
0.92636
0.073644
0.50688
0.051054
0.064696
0.37737
1.833
0.0044955
-0.0016233
0.097701
0.49154
-4.5649
-5.8597e+09
-47.8
0.0743
0.9717
129.43
8.5547
-85.703
1.3868
0.00037876
0.034458
0.021605
0.24644
0.12659
0.74299
0.00052722
0.00039855
7.0188e-06
0.098347
0.1201
0.9795
0.0091074
0.085826
0.98707
0.99163
0.0013746
0.0040169
0.98582
0.17941
0.0040241
0.16713
4.6387e-06
6.0309e-06
0.56524
13.013
0.9328
13.017
4.2762
13.013
0.0013028
0.019479
0.0068907
0.028553
0.13793
0.1198
0.00085459
0.86564
0.13436
0.40647
0.076215
0.076504
0.44081
1.9535
0.0043495
-0.0017229
0.097226
0.48973
-3.9441
-4.047e+05
-47.8
0.0743
0.9717
129.43
8.5547
-85.703
1.3866
0.00037744
0.034343
0.021561
0.24622
0.12653
0.74277
0.00052608
0.00039289
7.0188e-06
0.098344
0.12013
0.9795
0.0091074
0.085825
0.98707
0.99163
0.0013746
0.0040169
0.98582
0.17941
0.0040241
0.16713
4.6311e-06
6.0209e-06
0.56523
13.012
0.93278
13.016
4.2761
13.013
0.0012853
0.019479
0.0068406
-0.013686
0.13792
0.1198
0.00085466
0.95065
0.049348
0.56851
0.038405
0.057026
0.33606
1.7628
0.0045701
-0.001573
0.097802
0.49211
-7.3181
-1.6408e+12
-47.8
0.0743
0.9717
129.43
8.5547
-85.703
1.3867
0.00037817
0.034407
0.021576
0.24631
0.12653
0.74293
0.00052648
0.00039744
7.0188e-06
0.098281
0.12004
0.9795
0.0091074
0.085825
0.98707
0.99163
0.0013746
0.0040169
0.98582
0.17941
0.0040241
0.16713
4.627e-06
6.0184e-06
0.56535
13.009
0.93268
13.013
4.2757
13.01
0.0012998
0.019467
0.0068816
0.030878
0.13792
0.11982
0.00085515
0.85765
0.14235
0.3959
0.079027
0.077693
0.44738
1.9682
0.0043321
-0.0017349
0.09694
0.48908
-3.8713
-1.6825e+05
-47.8
0.0743
0.9717
129.43
8.5547
-85.703
1.3864
0.00037656
0.034265
0.02151
0.24599
0.12643
0.74252
0.00052478
0.00039144
7.0188e-06
0.098236
0.12001
0.9795
0.0091074
0.085824
0.98707
0.99163
0.0013746
0.0040169
0.98582
0.17941
0.0040241
0.16713
4.6075e-06
5.9942e-06
0.56539
13.007
0.93263
13.011
4.2754
13.008
0.0012808
0.019461
0.0068257
-0.019555
0.13792
0.11982
0.0008553
0.95418
0.04582
0.57921
0.036372
0.055662
0.32876
1.7525
0.0045802
-0.0015662
0.09761
0.49165
-7.9771
-3.8218e+12
-47.8
0.0743
0.9717
129.43
8.5547
-85.703
1.3862
0.00037727
0.034324
0.021498
0.24598
0.12635
0.74237
0.00052452
0.00039758
7.0188e-06
0.09809
0.11981
0.9795
0.0091074
0.085824
0.98707
0.99163
0.0013746
0.0040169
0.98582
0.17941
0.0040241
0.16713
4.5826e-06
5.9672e-06
0.56561
13.002
0.93245
13.005
4.2746
13.002
0.0012986
0.019439
0.0068737
0.027397
0.13792
0.11984
0.00085596
0.87311
0.12689
0.41686
0.073508
0.075284
0.43435
1.9451
0.0043607
-0.0017153
0.097041
0.48891
-3.9839
-7.7609e+05
-47.8
0.0743
0.9717
129.43
8.5547
-85.703
1.3858
0.00037664
0.034267
0.02144
0.24573
0.12621
0.74189
0.00052305
0.00039758
7.0188e-06
0.097947
0.11964
0.9795
0.0091074
0.085823
0.98707
0.99163
0.0013746
0.0040169
0.98582
0.1794
0.0040241
0.16713
4.5486e-06
5.9275e-06
0.5658
12.997
0.9323
13.001
4.2739
12.997
0.001297
0.01942
0.0068662
0.018718
0.13792
0.11986
0.00085644
0.90305
0.096954
0.46416
0.061694
0.069756
0.40439
1.8897
0.0044275
-0.0016696
0.097473
0.48961
-4.2637
-6.5414e+07
-47.8
0.0743
0.9717
129.43
8.5547
-85.703
1.3856
0.00037647
0.034252
0.021403
0.24559
0.12611
0.74159
0.00052214
0.00039891
7.0188e-06
0.097811
0.11948
0.9795
0.0091074
0.085822
0.98707
0.99163
0.0013746
0.0040169
0.98582
0.1794
0.0040241
0.16713
4.522e-06
5.8974e-06
0.566
12.992
0.93214
12.995
4.2732
12.992
0.0013022
0.019401
0.0068788
0.034305
0.13792
0.11988
0.00085698
0.84573
0.15427
0.38384
0.083391
0.078949
0.45382
1.9897
0.0043044
-0.001754
0.097044
0.48781
-3.7494
-83321
-47.8
0.0743
0.9717
129.43
8.5547
-85.703
1.3853
0.00037615
0.034223
0.021373
0.24547
0.12603
0.74135
0.00052137
0.00039901
7.0188e-06
0.097723
0.11937
0.9795
0.0091074
0.085822
0.98707
0.99163
0.0013746
0.0040169
0.98582
0.1794
0.0040241
0.16713
4.5038e-06
5.8767e-06
0.56612
12.988
0.93203
12.992
4.2727
12.989
0.001302
0.019389
0.0068765
0.030832
0.13792
0.11989
0.00085733
0.86049
0.13951
0.40224
0.078303
0.076878
0.44258
1.9675
0.0043318
-0.0017352
0.097181
0.48802
-3.8593
-1.8912e+05
-47.8
0.0743
0.9717
129.43
8.5547
-85.703
1.3854
0.00037624
0.034232
0.021373
0.24549
0.12603
0.74139
0.00052138
0.00039925
7.0188e-06
0.097694
0.11933
0.9795
0.0091074
0.085821
0.98707
0.99163
0.0013746
0.0040169
0.98582
0.1794
0.0040241
0.16713
4.502e-06
5.8758e-06
0.56618
12.986
0.93197
12.99
4.2724
12.987
0.0013038
0.019384
0.0068827
0.041209
0.13792
0.1199
0.00085761
0.81391
0.18609
0.34997
0.093678
0.082656
0.4737
2.0338
0.00425
-0.0017917
0.096961
0.48716
-3.5223
-65973
-47.8
0.0743
0.9717
129.43
8.5547
-85.703
1.3856
0.00037635
0.034242
0.021393
0.24557
0.12608
0.74161
0.00052187
0.00039863
7.0188e-06
0.097751
0.1194
0.9795
0.0091074
0.085821
0.98707
0.99163
0.0013746
0.0040169
0.98582
0.1794
0.0040241
0.16713
4.516e-06
5.8926e-06
0.56612
12.987
0.932
12.991
4.2725
12.988
0.0013023
0.01939
0.00688
0.040593
0.13792
0.11989
0.00085762
0.81739
0.18261
0.35296
0.092531
0.082352
0.47215
2.0292
0.0042563
-0.0017873
0.09687
0.48728
-3.5469
-65886
-47.8
0.0743
0.9717
129.43
8.5547
-85.703
1.3858
0.00037594
0.034207
0.02141
0.24561
0.12616
0.74185
0.00052228
0.00039497
7.0188e-06
0.097881
0.11956
0.9795
0.0091074
0.08582
0.98707
0.99163
0.0013746
0.0040169
0.98582
0.1794
0.0040242
0.16713
4.5392e-06
5.9185e-06
0.56594
12.991
0.9321
12.994
4.273
12.991
0.0012899
0.019406
0.0068468
0.0099304
0.13792
0.11988
0.00085736
0.92777
0.072232
0.5119
0.050442
0.064034
0.37362
1.8338
0.0044942
-0.0016243
0.097573
0.49028
-4.5548
-6.0946e+09
-47.8
0.0743
0.9717
129.43
8.5547
-85.703
1.3863
0.00037689
0.034293
0.021474
0.2459
0.1263
0.74242
0.00052389
0.000397
7.0188e-06
0.097991
0.11968
0.9795
0.0091074
0.08582
0.98707
0.99163
0.0013746
0.0040169
0.98582
0.1794
0.0040242
0.16713
4.5708e-06
5.9567e-06
0.56582
12.993
0.93217
12.996
4.2733
12.993
0.0012974
0.019417
0.006871
0.030288
0.13792
0.11987
0.00085731
0.8637
0.1363
0.40393
0.076909
0.076775
0.44238
1.9611
0.0043422
-0.001728
0.096876
0.48857
-3.8962
-2.628e+05
-47.8
0.0743
0.9717
129.43
8.5547
-85.703
1.3865
0.00037595
0.034212
0.021479
0.24587
0.12637
0.74266
0.00052398
0.00039067
7.0188e-06
0.098123
0.11987
0.9795
0.0091074
0.08582
0.98707
0.99163
0.0013746
0.0040169
0.98582
0.1794
0.0040242
0.16713
4.5953e-06
5.9842e-06
0.56564
12.996
0.93228
13
4.2738
12.997
0.0012787
0.019434
0.0068208
-0.004357
0.13792
0.11985
0.00085701
0.94526
0.05474
0.55125
0.041357
0.059221
0.34818
1.7852
0.0045506
-0.0015862
0.097213
0.49088
-6.1778
-2.8977e+11
-47.8
0.0743
0.9717
129.43
8.5547
-85.703
1.3864
0.00037535
0.03416
0.021462
0.24578
0.12636
0.74258
0.00052353
0.00038772
7.0188e-06
0.098137
0.1199
0.9795
0.0091074
0.085819
0.98707
0.99163
0.0013746
0.0040169
0.98582
0.1794
0.0040242
0.16713
4.5943e-06
5.9824e-06
0.56561
12.996
0.93228
13
4.2738
12.997
0.0012703
0.019437
0.0067964
-0.045238
0.13792
0.11985
0.00085698
0.96185
0.038146
0.60302
0.031711
0.052643
0.31262
1.7254
0.0046083
-0.0015473
0.097144
0.49122
-10.074
-3.3272e+13
-47.8
0.0743
0.9717
129.43
8.5547
-85.703
1.3863
0.0003769
0.034294
0.021475
0.24591
0.1263
0.74248
0.00052391
0.00039695
7.0188e-06
0.097988
0.11968
0.9795
0.0091074
0.085819
0.98707
0.99163
0.0013746
0.0040169
0.98582
0.1794
0.0040242
0.16713
4.5718e-06
5.9584e-06
0.56583
12.991
0.93211
12.994
4.273
12.991
0.0012977
0.019415
0.0068722
0.032771
0.13792
0.11987
0.00085766
0.85361
0.14639
0.39124
0.080464
0.078203
0.4501
1.9769
0.0043225
-0.0017415
0.096789
0.48835
-3.8158
-1.1776e+05
-47.8
0.0743
0.9717
129.43
8.5547
-85.703
1.3859
0.00037631
0.034238
0.021419
0.24567
0.12617
0.74198
0.00052251
0.000397
7.0188e-06
0.097866
0.11953
0.9795
0.0091074
0.085818
0.98707
0.99163
0.0013746
0.0040169
0.98582
0.1794
0.0040242
0.16713
4.5397e-06
5.9202e-06
0.56598
12.987
0.93199
12.99
4.2725
12.987
0.0012954
0.019399
0.0068627
0.019396
0.13792
0.11988
0.00085802
0.90221
0.097787
0.46219
0.062011
0.070008
0.40579
1.8919
0.0044262
-0.0016705
0.097358
0.48952
-4.2492
-5.5339e+07
-47.8
0.0743
0.9717
129.43
8.5547
-85.703
1.3856
0.00037576
0.034189
0.021375
0.24549
0.12607
0.74164
0.00052141
0.00039668
7.0188e-06
0.097762
0.11941
0.9795
0.0091074
0.085818
0.98707
0.99163
0.0013746
0.0040169
0.98582
0.1794
0.0040242
0.16713
4.5157e-06
5.8921e-06
0.56612
12.983
0.93188
12.987
4.272
12.984
0.0012942
0.019385
0.0068571
0.018229
0.13792
0.1199
0.00085837
0.90609
0.093914
0.4695
0.060388
0.06912
0.40099
1.8851
0.004434
-0.0016652
0.097363
0.4893
-4.2818
-9.7741e+07
-47.8
0.0743
0.9717
129.43
8.5547
-85.703
1.3855
0.00037586
0.034199
0.021358
0.24543
0.12601
0.74151
0.00052099
0.00039836
7.0188e-06
0.097663
0.11929
0.9795
0.0091074
0.085818
0.98707
0.99163
0.0013746
0.0040169
0.98582
0.1794
0.0040242
0.16713
4.4991e-06
5.8741e-06
0.56627
12.98
0.93176
12.983
4.2714
12.98
0.001301
0.019371
0.0068755
0.041468
0.13792
0.11991
0.0008588
0.81462
0.18538
0.35026
0.0934
0.082626
0.47371
2.0341
0.0042504
-0.0017914
0.096762
0.48694
-3.5217
-65982
-47.8
0.0743
0.9717
129.43
8.5547
-85.703
1.3853
0.00037536
0.034152
0.021328
0.24529
0.12595
0.74129
0.00052023
0.00039784
7.0188e-06
0.097618
0.11924
0.9795
0.0091074
0.085817
0.98707
0.99163
0.0013746
0.0040169
0.98582
0.1794
0.0040242
0.16713
4.4857e-06
5.8578e-06
0.56632
12.978
0.93171
12.982
4.2712
12.978
0.0012971
0.019365
0.0068623
0.025262
0.13791
0.11992
0.00085894
0.88334
0.11666
0.43332
0.069762
0.073324
0.4236
1.9307
0.0043778
-0.0017036
0.097139
0.48821
-4.0466
-2.5229e+06
-47.8
0.0743
0.9717
129.43
8.5547
-85.703
1.3852
0.00037527
0.034144
0.021319
0.24525
0.12592
0.74123
0.00052
0.00039788
7.0188e-06
0.097592
0.11921
0.9795
0.0091074
0.085817
0.98707
0.99163
0.0013746
0.0040169
0.98582
0.1794
0.0040242
0.16713
4.4804e-06
5.8518e-06
0.56636
12.977
0.93167
12.98
4.271
12.977
0.0012972
0.019361
0.0068622
0.025614
0.13791
0.11992
0.00085907
0.88197
0.11803
0.43141
0.070305
0.073536
0.42475
1.9335
0.0043743
-0.001706
0.09712
0.48809
-4.0342
-2.0346e+06
-47.8
0.0743
0.9717
129.43
8.5547
-85.703
1.3853
0.00037567
0.034181
0.021334
0.24534
0.12594
0.74132
0.00052037
0.00039871
7.0188e-06
0.097584
0.11919
0.9795
0.0091074
0.085817
0.98707
0.99163
0.0013746
0.0040169
0.98582
0.1794
0.0040242
0.16713
4.4834e-06
5.8563e-06
0.56639
12.976
0.93164
12.979
4.2709
12.976
0.0013019
0.01936
0.0068766
0.038719
0.13791
0.11992
0.00085919
0.82672
0.17328
0.36311
0.089683
0.081204
0.46601
2.0181
0.0042691
-0.0017784
0.096884
0.48708
-3.603
-66284
-47.8
0.0743
0.9717
129.43
8.5547
-85.703
1.3855
0.00037599
0.03421
0.02136
0.24546
0.12601
0.74154
0.00052104
0.00039871
7.0188e-06
0.097647
0.11926
0.9795
0.0091074
0.085817
0.98707
0.99163
0.0013746
0.0040169
0.98582
0.1794
0.0040242
0.16713
4.4985e-06
5.8742e-06
0.56631
12.977
0.93168
12.981
4.2711
12.978
0.001302
0.019368
0.0068785
0.035676
0.13791
0.11992
0.00085909
0.8397
0.1603
0.37707
0.085433
0.079682
0.45781
1.9989
0.0042925
-0.0017622
0.096975
0.48759
-3.7022
-72732
-47.8
0.0743
0.9717
129.43
8.5547
-85.703
1.3859
0.00037602
0.034213
0.021398
0.2456
0.12612
0.74195
0.00052197
0.0003969
7.0188e-06
0.097789
0.11944
0.9795
0.0091074
0.085816
0.98707
0.99163
0.0013746
0.0040169
0.98582
0.1794
0.0040242
0.16713
4.5289e-06
5.9094e-06
0.56612
12.981
0.93181
12.985
4.2717
12.982
0.0012954
0.019386
0.0068626
0.023167
0.13792
0.1199
0.00085876
0.8893
0.1107
0.44098
0.067311
0.072472
0.41924
1.9184
0.0043933
-0.0016929
0.097067
0.48883
-4.1185
-6.3281e+06
-47.8
0.0743
0.9717
129.43
8.5547
-85.703
1.3861
0.00037538
0.03416
0.021418
0.24565
0.12623
0.74227
0.00052245
0.00039099
7.0188e-06
0.097942
0.11964
0.9795
0.0091074
0.085816
0.98707
0.99163
0.0013746
0.0040169
0.98582
0.1794
0.0040242
0.16713
4.5589e-06
5.9437e-06
0.56592
12.986
0.93194
12.989
4.2723
12.986
0.0012791
0.019406
0.00682
-0.0068545
0.13792
0.11988
0.00085833
0.94716
0.052838
0.55785
0.04035
0.05835
0.34345
1.7797
0.0045533
-0.0015843
0.097261
0.49068
-6.4389
-4.3847e+11
-47.8
0.0743
0.9717
129.43
8.5547
-85.703
1.3864
0.00037603
0.034219
0.021454
0.24582
0.1263
0.74253
0.00052335
0.00039234
7.0188e-06
0.097989
0.11968
0.9795
0.0091074
0.085816
0.98707
0.99163
0.0013746
0.0040169
0.98582
0.1794
0.0040242
0.16713
4.5743e-06
5.9625e-06
0.56587
12.986
0.93197
12.99
4.2724
12.987
0.0012836
0.019412
0.0068345
2.1276e-05
0.13792
0.11987
0.00085826
0.94019
0.059811
0.53909
0.044104
0.060702
0.35611
1.7997
0.0045322
-0.0015985
0.097362
0.4909
-5.5463
-8.7051e+10
-47.8
0.0743
0.9717
129.43
8.5547
-85.702
1.3866
0.0003772
0.034323
0.021496
0.24604
0.12635
0.7428
0.00052442
0.00039679
7.0188e-06
0.097982
0.11965
0.9795
0.0091074
0.085816
0.98707
0.99163
0.0013746
0.0040169
0.98582
0.1794
0.0040242
0.16713
4.5829e-06
5.9747e-06
0.56591
12.985
0.93193
12.989
4.2722
12.986
0.0012989
0.019411
0.0068793
0.039745
0.13792
0.11987
0.00085839
0.81794
0.18206
0.35194
0.092139
0.08251
0.47341
2.0262
0.0042595
-0.001785
0.096594
0.48794
-3.5796
-65950
-47.8
0.0743
0.9717
129.43
8.5547
-85.702
1.3864
0.00037549
0.034172
0.021447
0.24577
0.12631
0.74253
0.00052316
0.00038884
7.0188e-06
0.098035
0.11975
0.9795
0.0091074
0.085816
0.98707
0.99163
0.0013746
0.0040169
0.98582
0.1794
0.0040242
0.16713
4.5805e-06
5.9691e-06
0.5658
12.987
0.932
12.991
4.2725
12.988
0.0012737
0.019421
0.0068067
-0.047331
0.13792
0.11986
0.00085802
0.96184
0.03816
0.60415
0.031738
0.052467
0.31165
1.7242
0.0046061
-0.0015488
0.097322
0.49149
-10.149
-3.4785e+13
-47.8
0.0743
0.9717
129.43
8.5547
-85.702
1.3865
0.00037641
0.034251
0.021467
0.24588
0.12631
0.74266
0.00052369
0.00039463
7.0188e-06
0.097984
0.11967
0.9795
0.0091074
0.085816
0.98707
0.99163
0.0013746
0.0040169
0.98582
0.1794
0.0040242
0.16713
4.577e-06
5.9665e-06
0.56589
12.986
0.93194
12.989
4.2723
12.986
0.0012899
0.019411
0.0068525
0.01797
0.13792
0.11987
0.00085834
0.905
0.094996
0.46468
0.060698
0.069733
0.40489
1.8873
0.0044323
-0.0016662
0.096905
0.48952
-4.2912
-7.2951e+07
-47.8
0.0743
0.9717
129.43
8.5547
-85.702
1.3861
0.00037556
0.034176
0.021414
0.24566
0.12621
0.7422
0.00052235
0.00039179
7.0188e-06
0.097896
0.11957
0.9795
0.0091074
0.085816
0.98707
0.99163
0.0013746
0.0040169
0.98582
0.1794
0.0040242
0.16713
4.5521e-06
5.9366e-06
0.56599
12.983
0.93186
12.986
4.2719
12.983
0.0012817
0.019402
0.0068271
-0.0093695
0.13792
0.11988
0.00085853
0.94844
0.051562
0.56253
0.039667
0.05774
0.34007
1.7742
0.0045567
-0.001582
0.097462
0.49099
-6.7091
-6.6801e+11
-47.8
0.0743
0.9717
129.43
8.5547
-85.702
1.3859
0.00037659
0.034266
0.021414
0.24571
0.12614
0.74204
0.00052237
0.00039825
7.0189e-06
0.097748
0.11937
0.9795
0.0091074
0.085816
0.98707
0.99163
0.0013746
0.0040169
0.98582
0.1794
0.0040242
0.16713
4.5293e-06
5.9121e-06
0.56621
12.978
0.93169
12.981
4.2711
12.978
0.0013024
0.019381
0.0068847
0.044599
0.13791
0.1199
0.00085909
0.79267
0.20733
0.3293
0.099923
0.084866
0.48591
2.0592
0.0042174
-0.0018143
0.096725
0.48723
-3.4097
-68219
-47.8
0.0743
0.9717
129.43
8.5547
-85.702
1.3857
0.00037629
0.034237
0.021382
0.24557
0.12606
0.74174
0.00052158
0.00039872
7.0189e-06
0.097693
0.1193
0.9795
0.0091074
0.085815
0.98707
0.99163
0.0013746
0.0040169
0.98582
0.1794
0.0040242
0.16713
4.5107e-06
5.889e-06
0.56626
12.976
0.93166
12.98
4.271
12.977
0.0013021
0.019374
0.0068807
0.029996
0.13791
0.11991
0.00085921
0.86099
0.13901
0.40262
0.078116
0.07681
0.44245
1.9657
0.0043317
-0.0017352
0.09713
0.48833
-3.8779
-1.9486e+05
-47.8
0.0743
0.9717
129.43
8.5547
-85.702
1.3856
0.00037574
0.034187
0.021368
0.24548
0.12605
0.7417
0.00052122
0.00039697
7.0189e-06
0.097722
0.11935
0.9795
0.0091074
0.085815
0.98707
0.99163
0.0013746
0.0040169
0.98582
0.1794
0.0040242
0.16713
4.5113e-06
5.8885e-06
0.56621
12.978
0.9317
12.981
4.2712
12.978
0.0012952
0.019377
0.0068606
0.018509
0.13791
0.11991
0.00085913
0.90313
0.096869
0.46454
0.061685
0.06966
0.40412
1.8915
0.0044234
-0.0016724
0.097274
0.48914
-4.2608
-5.3828e+07
-47.8
0.0743
0.9717
129.43
8.5547
-85.702
1.3857
0.00037559
0.034174
0.021371
0.24548
0.12607
0.74178
0.00052129
0.00039609
7.0189e-06
0.097753
0.1194
0.9795
0.0091074
0.085815
0.98707
0.99163
0.0013746
0.0040169
0.98582
0.1794
0.0040242
0.16713
4.517e-06
5.8949e-06
0.56616
12.979
0.93173
12.982
4.2713
12.979
0.0012926
0.01938
0.0068538
0.016945
0.13791
0.1199
0.00085908
0.90839
0.091611
0.47334
0.059388
0.068623
0.39865
1.8812
0.0044363
-0.0016636
0.097193
0.48916
-4.3134
-1.2356e+08
