-85.705
1.3857
0.00037721
0.034316
0.021509
0.24585
0.12635
0.74177
0.00052481
0.00039813
7.0155e-06
0.098077
0.11984
0.97969
0.0090957
0.085413
0.98707
0.99164
0.001374
0.0040161
0.98592
0.17998
0.0040234
0.16741
4.5784e-06
5.961e-06
0.56559
13.035
0.93348
13.038
4.2793
13.035
0.0012983
0.019432
0.0068674
0.02828
0.13792
0.11985
0.00085584
0.87503
0.12497
0.42146
0.073058
0.074522
0.43096
1.943
0.0043487
-0.0017236
0.097166
0.48857
-4.187
-8.73e+05
-47.8
0.0743
0.9717
129.43
8.5547
-85.705
1.3857
0.0003767
0.034272
0.021494
0.24578
0.12634
0.74173
0.00052442
0.00039562
7.0155e-06
0.09808
0.11985
0.97969
0.0090957
0.085412
0.98707
0.99164
0.001374
0.0040161
0.98592
0.17998
0.0040234
0.16741
4.5773e-06
5.9596e-06
0.56559
13.034
0.93345
13.037
4.2792
13.034
0.001291
0.019433
0.0068472
0.012677
0.13792
0.11985
0.0008558
0.92137
0.078626
0.49941
0.053617
0.06537
0.3816
1.85
0.0044605
-0.0016473
0.097562
0.48995
-4.685
-1.5454e+09
-47.8
0.0743
0.9717
129.43
8.5547
-85.705
1.3857
0.00037724
0.034321
0.021503
0.24585
0.12633
0.74179
0.00052467
0.00039834
7.0155e-06
0.098037
0.11978
0.97969
0.0090957
0.085411
0.98707
0.99164
0.001374
0.0040161
0.98592
0.17998
0.0040234
0.16741
4.5732e-06
5.9562e-06
0.56567
13.031
0.93336
13.034
4.2788
13.031
0.0013006
0.019427
0.0068743
0.037738
0.13792
0.11986
0.000856
0.83734
0.16266
0.3747
0.086365
0.079747
0.45919
2.0016
0.0042756
-0.001774
0.096921
0.48771
-3.88
-69995
-47.8
0.0743
0.9717
129.43
8.5547
-85.705
1.3857
0.00037677
0.034278
0.021484
0.24576
0.12631
0.74171
0.00052418
0.00039701
7.0155e-06
0.098025
0.11977
0.97969
0.0090957
0.08541
0.98707
0.99164
0.001374
0.0040161
0.98592
0.17997
0.0040234
0.16741
4.5684e-06
5.9503e-06
0.56569
13.03
0.93333
13.033
4.2786
13.03
0.0012949
0.019426
0.0068579
0.021497
0.13792
0.11986
0.00085601
0.89674
0.10326
0.45427
0.064478
0.070717
0.41054
1.9039
0.0043958
-0.0016913
0.097281
0.48904
-4.4012
-1.9225e+07
-47.8
0.0743
0.9717
129.43
8.5547
-85.705
1.3856
0.00037626
0.034234
0.021463
0.24566
0.12627
0.7416
0.00052363
0.00039491
7.0155e-06
0.097997
0.11974
0.97969
0.0090957
0.085409
0.98707
0.99164
0.001374
0.0040161
0.98592
0.17997
0.0040234
0.16741
4.5618e-06
5.9429e-06
0.56573
13.028
0.93327
13.031
4.2783
13.028
0.0012891
0.019423
0.0068415
0.010487
0.13792
0.11986
0.00085607
0.92578
0.074224
0.5088
0.051534
0.064207
0.37546
1.84
0.0044703
-0.0016406
0.097508
0.48987
-4.7472
-3.3916e+09
-47.8
0.0743
0.9717
129.43
8.5547
-85.705
1.3855
0.00037704
0.034303
0.021471
0.24574
0.12625
0.74158
0.00052384
0.00039881
7.0155e-06
0.097912
0.11961
0.97969
0.0090957
0.085408
0.98707
0.99164
0.001374
0.0040161
0.98592
0.17997
0.0040234
0.16741
4.5512e-06
5.9325e-06
0.56587
13.024
0.93313
13.027
4.2777
13.024
0.0013027
0.019413
0.00688
0.044413
0.13792
0.11987
0.00085641
0.80386
0.19614
0.34096
0.096997
0.08335
0.47869
2.0463
0.0042185
-0.0018136
0.096855
0.48708
-3.6566
-66413
-47.8
0.0743
0.9717
129.43
8.5547
-85.705
1.3855
0.00037709
0.034307
0.021463
0.24572
0.12623
0.74149
0.00052367
0.00039941
7.0155e-06
0.097892
0.11958
0.97969
0.0090957
0.085407
0.98707
0.99164
0.001374
0.0040161
0.98592
0.17997
0.0040234
0.16741
4.545e-06
5.925e-06
0.5659
13.022
0.93309
13.025
4.2775
13.022
0.0013041
0.019411
0.0068833
0.040398
0.13792
0.11987
0.00085645
0.82088
0.17912
0.35819
0.091847
0.081468
0.46849
2.0239
0.0042444
-0.0017956
0.097028
0.48744
-3.7779
-65512
-47.8
0.0743
0.9717
129.43
8.5547
-85.705
1.3855
0.00037691
0.034289
0.021466
0.24572
0.12625
0.74154
0.00052373
0.00039849
7.0155e-06
0.097951
0.11966
0.97969
0.0090957
0.085406
0.98707
0.99164
0.001374
0.0040161
0.98592
0.17997
0.0040234
0.16741
4.5523e-06
5.9324e-06
0.56581
13.023
0.93312
13.027
4.2777
13.024
0.001299
0.01942
0.0068691
0.021385
0.13792
0.11986
0.00085626
0.89348
0.10652
0.45028
0.06593
0.071106
0.41268
1.9093
0.0043843
-0.0016992
0.097437
0.4891
-4.3884
-1.1549e+07
-47.8
0.0743
0.9717
129.43
8.5547
-85.705
1.3858
0.00037739
0.034332
0.021501
0.24588
0.12633
0.74184
0.00052463
0.00039888
7.0155e-06
0.098033
0.11975
0.97969
0.0090957
0.085405
0.98707
0.99164
0.001374
0.0040161
0.98592
0.17997
0.0040234
0.16741
4.5717e-06
5.9551e-06
0.5657
13.025
0.93316
13.028
4.2779
13.025
0.0013011
0.01943
0.0068768
0.025262
0.13792
0.11985
0.00085613
0.87951
0.12049
0.42873
0.071459
0.073592
0.42622
1.9342
0.0043531
-0.0017205
0.097305
0.48894
-4.2641
-1.5253e+06
-47.8
0.0743
0.9717
129.43
8.5547
-85.705
1.3861
0.00037774
0.034365
0.021544
0.24606
0.12644
0.74225
0.00052569
0.00039812
7.0155e-06
0.098147
0.11988
0.97969
0.0090957
0.085404
0.98707
0.99164
0.001374
0.0040161
0.98592
0.17997
0.0040234
0.16741
4.5995e-06
5.9879e-06
0.56556
13.027
0.93323
13.03
4.2782
13.027
0.0012994
0.019444
0.0068752
0.022909
0.13792
0.11984
0.00085592
0.88639
0.11361
0.43801
0.068711
0.072536
0.42075
1.9212
0.0043685
-0.0017099
0.097251
0.48936
-4.3399
-4.0275e+06
-47.8
0.0743
0.9717
129.43
8.5547
-85.705
1.3864
0.00037724
0.034324
0.021563
0.24612
0.12653
0.74254
0.00052614
0.0003932
7.0155e-06
0.098274
0.12005
0.97969
0.0090957
0.085403
0.98707
0.99164
0.001374
0.0040161
0.98592
0.17997
0.0040234
0.16741
4.6259e-06
6.0182e-06
0.5654
13.029
0.93331
13.033
4.2785
13.03
0.0012856
0.019462
0.0068395
-0.0064268
0.13792
0.11982
0.0008556
0.94381
0.056192
0.55032
0.042308
0.059063
0.34831
1.7875
0.004522
-0.0016055
0.097534
0.49126
-6.4157
-1.8869e+11
-47.8
0.0743
0.9717
129.43
8.5547
-85.705
1.3866
0.00037781
0.034374
0.021591
0.24626
0.12658
0.74274
0.00052685
0.00039478
7.0155e-06
0.09831
0.12008
0.97969
0.0090957
0.085402
0.98707
0.99164
0.001374
0.0040161
0.98592
0.17997
0.0040234
0.16741
4.6372e-06
6.032e-06
0.56536
13.029
0.9333
13.033
4.2785
13.03
0.0012904
0.019467
0.0068547
0.0040757
0.13792
0.11982
0.00085558
0.93216
0.067845
0.52127
0.048372
0.062641
0.36772
1.8202
0.0044858
-0.0016299
0.097508
0.49115
-5.1609
-1.3191e+10
-47.8
0.0743
0.9717
129.43
8.5547
-85.705
1.3866
0.00037841
0.034426
0.021603
0.24634
0.12659
0.74276
0.00052719
0.00039749
7.0155e-06
0.098292
0.12003
0.97969
0.0090957
0.085402
0.98707
0.99164
0.001374
0.0040161
0.98592
0.17997
0.0040234
0.16741
4.6356e-06
6.0308e-06
0.56539
13.028
0.93325
13.031
4.2783
13.028
0.0012981
0.019465
0.0068766
0.015139
0.13792
0.11982
0.00085568
0.90668
0.093317
0.47054
0.060268
0.068719
0.40047
1.8794
0.0044157
-0.0016776
0.097423
0.49054
-4.5837
-1.0521e+08
-47.8
0.0743
0.9717
129.43
8.5547
-85.705
1.3865
0.00037809
0.034398
0.021591
0.24629
0.12657
0.74266
0.00052685
0.00039536
7.0155e-06
0.098284
0.12002
0.97969
0.0090957
0.085401
0.98707
0.99164
0.001374
0.0040161
0.98592
0.17997
0.0040234
0.16741
4.6323e-06
6.0268e-06
0.56541
13.026
0.93321
13.03
4.2781
13.027
0.0012925
0.019467
0.0068609
-0.0046479
0.13792
0.11982
0.00085569
0.94046
0.059536
0.54278
0.044143
0.059953
0.35313
1.7947
0.0045094
-0.001614
0.097838
0.49186
-6.0868
-9.7202e+10
-47.8
0.0743
0.9717
129.43
8.5547
-85.705
1.3867
0.00037916
0.034494
0.021628
0.2465
0.12661
0.74291
0.0005278
0.0003994
7.0155e-06
0.098267
0.11998
0.97969
0.0090957
0.0854
0.98707
0.99164
0.001374
0.0040161
0.98592
0.17997
0.0040234
0.16741
4.6391e-06
6.037e-06
0.56546
13.024
0.93314
13.028
4.2778
13.024
0.0013069
0.019463
0.0069039
0.035681
0.13792
0.11982
0.00085593
0.82704
0.17296
0.36411
0.089888
0.080748
0.46525
2.0096
0.0042529
-0.0017896
0.097134
0.48909
-3.9155
-66412
-47.8
0.0743
0.9717
129.43
8.5547
-85.705
1.3868
0.00037824
0.034413
0.021619
0.24642
0.12665
0.74298
0.00052754
0.00039426
7.0156e-06
0.098353
0.1201
0.97969
0.0090958
0.085399
0.98707
0.99164
0.001374
0.0040161
0.98592
0.17996
0.0040234
0.16741
4.6522e-06
6.0511e-06
0.56534
13.026
0.9332
13.03
4.2781
13.026
0.00129
0.019475
0.0068567
-0.0096271
0.13792
0.11981
0.00085569
0.94476
0.055242
0.553
0.041816
0.058677
0.34651
1.7815
0.0045219
-0.0016055
0.097728
0.49213
-6.6881
-2.6511e+11
-47.8
0.0743
0.9717
129.43
8.5547
-85.705
1.387
0.00037826
0.034416
0.021639
0.24649
0.1267
0.74325
0.00052804
0.00039355
7.0156e-06
0.098414
0.12018
0.97969
0.0090958
0.085399
0.98707
0.99164
0.001374
0.0040161
0.98592
0.17996
0.0040234
0.16741
4.6682e-06
6.0702e-06
0.56527
13.027
0.93323
13.03
4.2782
13.027
0.0012881
0.019481
0.0068532
-0.0058363
0.13792
0.1198
0.00085566
0.94161
0.058393
0.5432
0.043484
0.059901
0.35341
1.7923
0.0045112
-0.0016127
0.097463
0.49187
-6.1978
-1.0885e+11
-47.8
0.0743
0.9717
129.43
8.5547
-85.705
1.387
0.00037805
0.034398
0.021633
0.24646
0.1267
0.74326
0.00052788
0.00039262
7.0156e-06
0.098414
0.12018
0.97969
0.0090958
0.085398
0.98707
0.99164
0.001374
0.0040161
0.98592
0.17996
0.0040234
0.16741
4.6679e-06
6.0699e-06
0.56528
13.026
0.9332
13.03
4.278
13.026
0.0012855
0.01948
0.0068458
-0.013201
0.13792
0.1198
0.00085576
0.94795
0.052049
0.56025
0.040028
0.057768
0.34195
1.7726
0.0045305
-0.0015997
0.09745
0.49202
-7.1456
-5.1954e+11
-47.8
0.0743
0.9717
129.43
8.5547
-85.705
1.3868
0.00037801
0.034393
0.021609
0.24638
0.12663
0.74305
0.0005273
0.00039402
7.0156e-06
0.098334
0.12008
0.97969
0.0090958
0.085397
0.98707
0.99164
0.001374
0.0040161
0.98592
0.17996
0.0040234
0.16741
4.6498e-06
6.0492e-06
0.56539
13.023
0.9331
13.026
4.2776
13.023
0.0012891
0.019469
0.0068545
-0.0059026
0.13792
0.11981
0.00085607
0.94147
0.058526
0.54374
0.043586
0.059797
0.35288
1.7929
0.0045076
-0.0016151
0.09752
0.49175
-6.1844
-1.0258e+11
-47.8
0.0743
0.9717
129.43
8.5547
-85.705
1.3865
0.00037812
0.034401
0.021576
0.24627
0.12653
0.74273
0.0005265
0.00039725
7.0156e-06
0.0982
0.1199
0.97969
0.0090958
0.085397
0.98707
0.99164
0.001374
0.0040161
0.98592
0.17996
0.0040234
0.16741
4.6208e-06
6.0161e-06
0.56558
13.018
0.93295
13.021
4.2769
13.018
0.0012977
0.019451
0.0068761
0.011662
0.13792
0.11983
0.00085653
0.91294
0.087064
0.48249
0.057571
0.067197
0.39274
1.8663
0.0044237
-0.0016721
0.097419
0.49066
-4.6943
-2.7507e+08
-47.8
0.0743
0.9717
129.43
8.5547
-85.705
1.3862
0.00037749
0.034344
0.021524
0.24605
0.12641
0.74232
0.00052518
0.00039642
7.0156e-06
0.098073
0.11975
0.97969
0.0090958
0.085396
0.98707
0.99164
0.001374
0.0040161
0.98592
0.17996
0.0040234
0.16741
4.5915e-06
5.9822e-06
0.56575
13.013
0.93281
13.017
4.2762
13.014
0.0012952
0.019435
0.0068666
0.0030838
0.13792
0.11985
0.00085691
0.93097
0.069031
0.52099
0.049091
0.062523
0.3674
1.8228
0.0044708
-0.0016401
0.097701
0.49111
-5.1277
-9.4969e+09
-47.8
0.0743
0.9717
129.43
8.5547
-85.705
1.3861
0.00037787
0.034379
0.021514
0.24604
0.12635
0.74224
0.00052494
0.00039949
7.0156e-06
0.097953
0.11959
0.97969
0.0090958
0.085395
0.98707
0.99164
0.001374
0.0040161
0.98592
0.17996
0.0040234
0.16741
4.5741e-06
5.9641e-06
0.56595
13.008
0.93265
13.012
4.2755
13.009
0.0013065
0.019417
0.0068988
0.03928
0.13792
0.11987
0.00085744
0.80799
0.19201
0.34619
0.096102
0.082516
0.47519
2.0375
0.0042126
-0.0018176
0.097001
0.48803
-3.8059
-66263
-47.8
0.0743
0.9717
129.43
8.5547
-85.705
1.3859
0.00037686
0.034288
0.021473
0.24583
0.12628
0.74204
0.00052388
0.00039683
7.0156e-06
0.097924
0.11958
0.97969
0.0090958
0.085395
0.98707
0.99164
0.001374
0.0040161
0.98592
0.17996
0.0040234
0.16741
4.5621e-06
5.9494e-06
0.56598
13.007
0.93262
13.011
4.2754
13.008
0.0012959
0.019412
0.0068665
0.011
0.13792
0.11987
0.00085752
0.91471
0.085286
0.48719
0.056848
0.066563
0.3894
1.8649
0.0044218
-0.0016735
0.097368
0.48996
-4.7128
-3.1796e+08
-47.8
0.0743
0.9717
129.43
8.5547
-85.705
1.3858
0.00037595
0.034208
0.021438
0.24566
0.12623
0.74186
0.00052297
0.00039314
7.0156e-06
0.097892
0.11956
0.97969
0.0090958
0.085394
0.98707
0.99164
0.001374
0.0040161
0.98592
0.17996
0.0040234
0.16741
4.5528e-06
5.9383e-06
0.56603
13.006
0.93257
13.009
4.2751
13.006
0.0012854
0.019409
0.0068361
-0.012348
0.13792
0.11987
0.00085764
0.94725
0.052747
0.56211
0.040521
0.057407
0.33997
1.7785
0.004515
-0.0016102
0.09748
0.49075
-6.9222
-3.3987e+11
-47.8
0.0743
0.9717
129.43
8.5547
-85.705
1.3858
0.00037725
0.034324
0.02146
0.24583
0.12622
0.7419
0.00052356
0.00039932
7.0156e-06
0.097788
0.11939
0.97969
0.0090958
0.085394
0.98707
0.99164
0.001374
0.0040161
0.98592
0.17996
0.0040234
0.16741
4.5425e-06
5.9291e-06
0.5662
13.001
0.93242
13.004
4.2745
13.001
0.001306
0.019394
0.0068955
0.037927
0.13792
0.11989
0.00085815
0.81385
0.18615
0.35232
0.094383
0.0818
0.4715
2.0312
0.0042179
-0.0018139
0.096994
0.48781
-3.8486
-65888
-47.8
0.0743
0.9717
129.43
8.5547
-85.705
1.3859
0.00037754
0.034349
0.021469
0.24589
0.12623
0.74194
0.00052379
0.00040012
7.0156e-06
0.097785
0.11938
0.97969
0.0090958
0.085393
0.98707
0.99164
0.001374
0.0040161
0.98592
0.17996
0.0040234
0.16741
4.5441e-06
5.9315e-06
0.56621
13
0.93239
13.003
4.2743
13
0.0013085
0.019394
0.0069031
0.042224
0.13792
0.11989
0.00085827
0.79161
0.20839
0.33163
0.10114
0.083993
0.48324
2.0576
0.0041848
-0.001837
0.097085
0.48779
-3.7153
-68323
-47.8
0.0743
0.9717
129.43
8.5547
-85.705
1.3861
0.00037698
0.034299
0.02148
0.24588
0.1263
0.74218
0.00052406
0.0003969
7.0156e-06
0.09792
0.11956
0.97969
0.0090958
0.085393
0.98707
0.99164
0.001374
0.0040161
0.98592
0.17996
0.0040234
0.16741
4.5662e-06
5.9556e-06
0.56602
13.004
0.93251
13.007
4.2749
13.004
0.0012964
0.019409
0.0068692
0.011219
0.13792
0.11987
0.00085794
0.91325
0.086748
0.48424
0.057519
0.066884
0.39136
1.8676
0.0044156
-0.0016777
0.097345
0.49007
-4.7125
-2.4293e+08
-47.8
0.0743
0.9717
129.43
8.5547
-85.705
1.3863
0.00037615
0.034229
0.021492
0.24588
0.12639
0.74247
0.00052431
0.00039087
7.0156e-06
0.098069
0.11977
0.97969
0.0090958
0.085392
0.98707
0.99164
0.001374
0.0040161
0.98592
0.17996
0.0040234
0.16741
4.5934e-06
5.9859e-06
0.56581
13.008
0.93264
13.011
4.2755
13.008
0.0012795
0.019428
0.0068235
-0.025623
0.13792
0.11985
0.00085759
0.95506
0.044943
0.58305
0.036006
0.05478
0.32616
1.7516
0.0045405
-0.001593
0.097231
0.49115
-8.488
-2.6951e+12
-47.8
0.0743
0.9717
129.43
8.5547
-85.705
1.3865
0.00037683
0.034288
0.021518
0.24601
0.12643
0.74264
0.00052499
0.00039351
7.0156e-06
0.098092
0.11979
0.97969
0.0090958
0.085392
0.98707
0.99164
0.001374
0.0040161
0.98592
0.17996
0.0040234
0.16741
4.601e-06
5.9953e-06
0.56579
13.008
0.93263
13.011
4.2755
13.008
0.0012871
0.01943
0.0068461
-0.0032942
0.13792
0.11985
0.00085768
0.93884
0.061156
0.53771
0.045031
0.060428
0.35683
1.8035
0.0044875
-0.0016288
0.097266
0.4909
-5.807
-4.1092e+10
-47.8
0.0743
0.9717
129.43
8.5547
-85.705
1.3863
0.00037744
0.03434
0.021517
0.24604
0.12639
0.74249
0.00052498
0.00039709
7.0156e-06
0.098033
0.11969
0.97969
0.0090958
0.085391
0.98707
0.99164
0.001374
0.0040161
0.98592
0.17996
0.0040234
0.16741
4.588e-06
5.9802e-06
0.56586
13.005
0.93256
13.009
4.2751
13.006
0.0012971
0.019423
0.0068729
0.0093011
0.13792
0.11986
0.00085791
0.91763
0.08237
0.49254
0.055523
0.065877
0.38606
1.8565
0.0044263
-0.0016704
0.097435
0.49054
-4.7765
-5.603e+08
-47.8
0.0743
0.9717
129.43
8.5547
-85.705
1.3862
0.00037764
0.034358
0.021507
0.24602
0.12635
0.74235
0.00052476
0.00039866
7.0156e-06
0.097978
0.11962
0.97969
0.0090958
0.085391
0.98707
0.99164
0.001374
0.0040161
0.98592
0.17996
0.0040234
0.16741
4.5763e-06
5.9666e-06
0.56593
13.003
0.93249
13.007
4.2748
13.003
0.001303
0.019416
0.0068885
0.019876
0.13792
0.11987
0.00085811
0.88571
0.11429
0.43864
0.069233
0.072165
0.41996
1.9216
0.0043479
-0.001724
0.097267
0.48958
-4.4374
-2.8595e+06
-47.8
0.0743
0.9717
129.43
8.5547
-85.705
1.386
0.00037689
0.034291
0.021478
0.24588
0.12631
0.74215
0.000524
0.00039578
7.0156e-06
0.097966
0.11962
0.97969
0.0090958
0.085391
0.98707
0.99164
0.001374
0.0040161
0.98592
0.17996
0.0040234
0.16741
4.5687e-06
5.9569e-06
0.56594
13.003
0.93247
13.006
4.2747
13.003
0.0012932
0.019417
0.0068602
-0.0032273
0.13792
0.11987
0.0008581
0.9378
0.062195
0.53788
0.045661
0.060344
0.35612
1.8049
0.0044811
-0.0016332
0.097661
0.49107
-5.7567
-3.5884e+10
-47.8
0.0743
0.9717
129.43
8.5547
-85.705
1.3861
0.00037771
0.034363
0.021497
0.246
0.12631
0.74222
0.00052449
0.00039936
7.0156e-06
0.097931
0.11955
0.97969
0.0090958
0.08539
0.98707
0.99164
0.001374
0.0040161
0.98592
0.17996
0.0040234
0.16741
4.5665e-06
5.9555e-06
0.566
13.001
0.93241
13.004
4.2744
13.001
0.0013053
0.019412
0.0068944
0.02007
0.13792
0.11987
0.0008583
0.88383
0.11617
0.43657
0.070039
0.072373
0.42102
1.9242
0.0043427
-0.0017276
0.097397
0.48966
-4.4256
-2.2728e+06
-47.8
0.0743
0.9717
129.43
8.5547
-85.705
1.3863
0.00037803
0.034393
0.02152
0.2461
0.12636
0.74243
0.00052507
0.0003996
7.0156e-06
0.097967
0.11959
0.97969
0.0090958
0.08539
0.98707
0.99164
0.001374
0.0040161
0.98592
0.17996
0.0040234
0.16741
4.5784e-06
5.9701e-06
0.56596
13.001
0.93242
13.005
4.2745
13.001
0.001307
0.019416
0.0069012
0.026142
0.13792
0.11987
0.00085829
0.86089
0.13911
0.405
0.078697
0.075953
0.44035
1.9619
0.0042965
-0.0017594
0.097283
0.48931
-4.2314
-1.6467e+05
-47.8
0.0743
0.9717
129.43
8.5547
-85.705
1.3865
0.00037716
0.034317
0.021527
0.24608
0.12644
0.74269
0.00052521
0.00039408
7.0156e-06
0.098095
0.11977
0.97969
0.0090958
0.08539
0.98707
0.99164
0.001374
0.0040161
0.98592
0.17996
0.0040234
0.16741
4.6029e-06
5.9979e-06
0.56579
13.005
0.93253
13.008
4.275
13.005
0.0012893
0.019432
0.0068532
-0.008178
0.13792
0.11985
0.00085795
0.94276
0.05724
0.54856
0.042982
0.059047
0.34941
1.7901
0.0044974
-0.0016221
0.097475
0.49143
-6.3644
-1.1205e+11
-47.8
0.0743
0.9717
129.43
8.5547
-85.705
1.3867
0.0003769
0.034296
0.021541
0.24612
0.1265
0.7429
0.00052556
0.00039156
7.0156e-06
0.098176
0.11988
0.97969
0.0090958
0.085389
0.98707
0.99164
0.001374
0.0040161
0.98592
0.17996
0.0040234
0.16741
4.6201e-06
6.0178e-06
0.56568
13.007
0.93259
13.01
4.2753
13.007
0.0012822
0.019442
0.006835
-0.024753
0.13792
0.11984
0.00085777
0.9542
0.045805
0.57985
0.036521
0.055156
0.32847
1.7529
0.0045358
-0.0015961
0.0973
0.4917
-8.3832
-2.1705e+12
-47.8
0.0743
0.9717
129.43
8.5547
-85.705
1.3867
0.00037759
0.034355
0.021557
0.24622
0.12651
0.74294
0.00052597
0.00039494
7.0156e-06
0.098157
0.11984
0.97969
0.0090958
0.085389
0.98707
0.99164
0.001374
0.0040161
0.98592
0.17996
0.0040234
0.16741
4.6187e-06
6.0167e-06
0.56572
13.005
0.93256
13.009
4.2751
13.006
0.0012918
0.019439
0.006862
0.00049853
0.13792
0.11984
0.00085791
0.9335
0.066496
0.525
0.047802
0.061956
0.36525
1.8164
0.00447
-0.0016406
0.097375
0.49131
-5.3616
-1.3206e+10
-47.8
0.0743
0.9717
129.43
8.5547
-85.705
1.3866
0.00037772
0.034366
0.021542
0.24618
0.12646
0.74274
0.00052563
0.0003964
7.0156e-06
0.098102
0.11976
0.97969
0.0090958
0.085389
0.98707
0.99164
0.001374
0.0040161
0.98592
0.17995
0.0040234
0.16741
4.6049e-06
6.0004e-06
0.56579
13.004
0.9325
13.007
4.2748
13.004
0.0012955
0.019433
0.0068713
0.0028072
0.13792
0.11985
0.00085806
0.93017
0.069834
0.51858
0.049517
0.062719
0.36918
1.8243
0.00446
-0.0016474
0.097572
0.49136
-5.1197
-7.0228e+09
-47.8
0.0743
0.9717
129.43
8.5547
-85.705
1.3865
0.00037791
0.034382
0.021534
0.24616
0.12642
0.74262
0.00052543
0.00039823
7.0156e-06
0.098051
0.11969
0.97969
0.0090958
0.085388
0.98707
0.99164
0.001374
0.0040161
0.98592
0.17995
0.0040234
0.16741
4.5942e-06
5.9883e-06
0.56586
13.002
0.93244
13.005
4.2746
13.002
0.0013005
0.019426
0.0068842
0.0099677
0.13792
0.11986
0.00085821
0.91467
0.085328
0.48726
0.056915
0.066474
0.38935
1.8614
0.0044173
-0.0016765
0.097566
0.49091
-4.767
-3.4875e+08
-47.8
0.0743
0.9717
129.43
8.5547
-85.705
1.3865
0.00037779
0.034372
0.021533
0.24615
0.12642
0.74269
0.00052539
0.00039779
7.0156e-06
0.098044
0.11969
0.97969
0.0090958
0.085388
0.98707
0.99164
0.001374
0.0040161
0.98592
0.17995
0.0040234
0.16741
4.5953e-06
5.9901e-06
0.56588
13.001
0.93242
13.005
4.2745
13.001
0.0013002
0.019424
0.0068835
0.014878
0.13792
0.11986
0.00085827
0.90143
0.098572
0.46286
0.062718
0.06936
0.40507
1.8907
0.0043837
-0.0016995
0.097286
0.49027
-4.6115
-3.2236e+07
-47.8
0.0743
0.9717
129.43
8.5547
-85.705
1.3864
0.00037637
0.034249
0.021498
0.24595
0.1264
0.74261
0.00052446
0.00039115
7.0156e-06
0.098069
0.11975
0.97969
0.0090958
0.085388
0.98707
0.99164
0.001374
0.0040161
0.98592
0.17995
0.0040234
0.16741
4.5961e-06
5.9904e-06
0.56585
13.002
0.93244
13.005
4.2746
13.002
0.0012807
0.019428
0.0068283
-0.033315
0.13792
0.11986
0.00085812
0.95726
0.042745
0.59045
0.03471
0.053807
0.32103
1.7419
0.0045453
-0.0015898
0.097335
0.49159
-9.1944
-5.3439e+12
-47.8
0.0743
0.9717
129.43
8.5547
-85.705
1.3864
0.00037677
0.034283
0.021497
0.24597
0.12637
0.74259
0.00052447
0.00039406
7.0156e-06
0.097996
0.11965
0.97969
0.0090958
0.085388
0.98707
0.99164
0.001374
0.0040161
0.98592
0.17995
0.0040234
0.16741
4.5865e-06
5.9809e-06
0.56597
12.999
0.93236
13.003
4.2742
12.999
0.0012891
0.019416
0.0068519
-0.0029902
0.13792
0.11987
0.00085842
0.938
0.062004
0.53632
0.045509
0.060557
0.35761
1.805
0.0044818
-0.0016327
0.09738
0.49109
-5.7788
-3.4857e+10
-47.8
0.0743
0.9717
129.43
8.5547
-85.705
1.3864
0.00037726
0.034326
0.021492
0.24597
0.12632
0.74251
0.00052434
0.0003976
7.0156e-06
0.097888
0.1195
0.97969
0.0090958
0.085388
0.98707
0.99164
0.001374
0.0040161
0.98592
0.17995
0.0040234
0.16741
4.5704e-06
5.9639e-06
0.56614
12.995
0.93224
12.999
4.2736
12.995
0.0013015
0.019402
0.0068865
0.031854
0.13792
0.11988
0.00085882
0.8412
0.1588
0.38037
0.085465
0.078695
0.45547
1.9939
0.0042587
-0.0017855
0.096798
0.4884
-4.0759
-70823
-47.8
0.0743
0.9717
129.43
8.5547
-85.705
1.3859
0.00037525
0.034149
0.021409
0.24556
0.12619
0.74196
0.00052222
0.00039019
7.0156e-06
0.097835
0.11948
0.97969
0.0090958
0.085388
0.98707
0.99164
0.001374
0.0040161
0.98592
0.17995
0.0040234
0.16741
4.5459e-06
5.9331e-06
0.56618
12.994
0.9322
12.997
4.2735
12.994
0.0012776
0.019398
0.0068149
-0.05752
0.13792
0.11988
0.00085875
0.96235
0.03765
0.60983
0.031583
0.051322
0.30727
1.7225
0.0045608
-0.0015794
0.097374
0.49122
-10.875
-2.6575e+13
-47.8
0.0743
0.9717
129.43
8.5547
-85.705
1.3858
0.00037667
0.034273
0.021424
0.2457
0.12615
0.74193
0.00052265
0.00039848
7.0156e-06
0.097696
0.11927
0.97969
0.0090958
0.085387
0.98707
0.99164
0.001374
0.0040161
0.98592
0.17995
0.0040234
0.16741
4.5277e-06
5.9144e-06
0.56639
12.989
0.93205
12.992
4.2728
12.989
0.0013037
0.019377
0.006889
0.039439
0.13791
0.11991
0.00085944
0.80808
0.19192
0.34683
0.096242
0.082283
0.47465
2.0395
0.0042025
-0.0018246
0.096805
0.48752
-3.8338
-66438
-47.8
0.0743
0.9717
129.43
8.5547
-85.705
1.3856
0.00037657
0.034262
0.021397
0.24559
0.12607
0.74161
0.00052197
0.00039953
7.0156e-06
0.097637
0.1192
0.97969
0.0090958
0.085387
0.98707
0.99164
0.001374
0.0040161
0.98592
0.17995
0.0040234
0.16741
4.5087e-06
5.8909e-06
0.56645
12.987
0.932
12.991
4.2725
12.988
0.0013055
0.019368
0.0068908
0.028212
0.13791
0.11992
0.00085964
0.85759
0.14241
0.40173
0.079977
0.076271
0.44202
1.97
0.0042861
-0.0017667
0.097219
0.48845
-4.1873
-1.2077e+05
-47.8
0.0743
0.9717
129.43
8.5547
-85.705
1.3855
0.00037616
0.034224
0.021388
0.24552
0.12607
0.74158
0.00052175
0.00039826
7.0156e-06
0.097676
0.11926
0.97969
0.0090958
0.085387
0.98707
0.99164
0.001374
0.0040161
0.98592
0.17995
0.0040234
0.16741
4.5111e-06
5.8924e-06
0.56638
12.989
0.93204
12.992
4.2727
12.989
0.0012993
0.019372
0.0068726
0.014558
0.13791
0.11991
0.00085961
0.90536
0.094643
0.47178
0.061151
0.068254
0.39882
1.8855
0.0043886
-0.0016962
0.097417
0.4895
-4.6286
-5.5776e+07
-47.8
0.0743
0.9717
129.43
8.5547
-85.705
1.3858
0.0003763
0.034238
0.021412
0.24562
0.12614
0.74185
0.00052235
0.00039772
7.0156e-06
0.097748
0.11935
0.97969
0.0090958
0.085387
0.98707
0.99164
0.001374
0.0040161
0.98592
0.17995
0.0040234
0.16741
4.5276e-06
5.9116e-06
0.56629
12.991
0.9321
12.994
4.273
12.991
0.0012989
0.019379
0.006873
0.019893
0.13791
0.1199
0.00085956
0.88984
0.11016
0.4452
0.067604
0.071369
0.41583
1.9168
0.0043526
-0.0017209
0.097104
0.48896
-4.466
-4.3654e+06
-47.8
0.0743
0.9717
129.43
8.5547
-85.705
1.3859
0.00037573
0.034189
0.021415
0.2456
0.12618
0.74197
0.00052239
0.00039376
7.0156e-06
0.097831
0.11946
0.97969
0.0090958
0.085387
0.98707
0.99164
0.001374
0.0040161
0.98592
0.17995
0.0040234
0.16741
4.542e-06
5.9276e-06
0.56617
12.993
0.93218
12.997
4.2734
12.994
0.0012869
0.019389
0.0068405
-0.0051604
0.13791
0.11989
0.00085937
0.94138
0.058617
0.54617
0.043752
0.059321
0.35076
1.797
0.0044897
-0.0016274
0.097399
0.49059
-6.1216
-7.111e+10
-47.8
0.0743
0.9717
129.43
8.5547
-85.705
1.386
0.00037641
0.034248
0.02144
0.24573
0.12622
0.74213
0.00052305
0.00039668
7.0156e-06
0.097844
0.11946
0.97969
0.0090958
0.085387
0.98707
0.99164
0.001374
0.0040161
0.98592
0.17995
0.0040234
0.16741
4.5483e-06
5.9356e-06
0.56616
12.993
0.93219
12.997
4.2734
12.994
0.0012951
0.01939
0.0068645
0.013148
0.13791
0.11989
0.00085943
0.91045
0.089549
0.47907
0.058804
0.067439
0.39468
1.8748
0.0044033
-0.0016861
0.097208
0.48976
-4.6861
-1.2963e+08
