-85.706
1.3877
0.00038108
0.034668
0.021869
0.24736
0.12722
0.74411
0.00053389
0.00039387
7.015e-06
0.099053
0.12095
0.97974
0.009093
0.085282
0.98707
0.99164
0.0013739
0.004016
0.98594
0.18011
0.0040233
0.16746
4.7929e-06
6.2069e-06
0.56427
13.071
0.93461
13.075
4.2845
13.072
0.0012905
0.019607
0.0068662
-0.044855
0.13794
0.11968
0.00084878
0.95748
0.042521
0.58898
0.034507
0.054167
0.32235
1.732
0.0045685
-0.001574
0.09804
0.49414
-10.216
-1.2462e+13
-47.8
0.0743
0.9717
129.43
8.5547
-85.706
1.3879
0.0003824
0.034784
0.0219
0.24755
0.12723
0.74429
0.0005347
0.00040033
7.015e-06
0.09899
0.12084
0.97974
0.009093
0.085281
0.98707
0.99164
0.0013739
0.004016
0.98594
0.18011
0.0040233
0.16746
4.7895e-06
6.2055e-06
0.56439
13.068
0.9345
13.071
4.284
13.068
0.0013111
0.019595
0.0069249
0.023834
0.13794
0.11969
0.00084921
0.86224
0.13776
0.40342
0.077786
0.076448
0.44235
1.951
0.0043206
-0.0017427
0.097613
0.49165
-4.552
-3.2839e+05
-47.8
0.0743
0.9717
129.43
8.5547
-85.706
1.3877
0.00038061
0.034627
0.021843
0.24725
0.12717
0.74403
0.00053322
0.00039298
7.015e-06
0.099006
0.1209
0.97974
0.009093
0.08528
0.98707
0.99164
0.0013739
0.004016
0.98594
0.18011
0.0040233
0.16746
4.7818e-06
6.1946e-06
0.56435
13.068
0.93449
13.071
4.284
13.068
0.0012877
0.019598
0.0068577
-0.052309
0.13794
0.11968
0.00084913
0.95927
0.040731
0.59475
0.033417
0.053434
0.3184
1.726
0.0045743
-0.0015701
0.097926
0.49392
-10.737
-2.0354e+13
-47.8
0.0743
0.9717
129.43
8.5547
-85.706
1.3876
0.00038019
0.034589
0.021815
0.24713
0.12711
0.7439
0.0005325
0.00039284
7.015e-06
0.09894
0.12082
0.97974
0.009093
0.085279
0.98707
0.99164
0.0013739
0.004016
0.98594
0.1801
0.0040233
0.16746
4.767e-06
6.1779e-06
0.56445
13.064
0.93439
13.068
4.2835
13.065
0.0012869
0.019587
0.0068542
-0.039884
0.13794
0.1197
0.00084956
0.95687
0.043132
0.58659
0.034868
0.054471
0.32407
1.7367
0.0045648
-0.0015765
0.097809
0.49352
-9.8647
-8.9224e+12
-47.8
0.0743
0.9717
129.43
8.5547
-85.706
1.3874
0.00038076
0.034636
0.021792
0.24708
0.127
0.74371
0.00053197
0.00039865
7.015e-06
0.098774
0.1206
0.97974
0.009093
0.085278
0.98707
0.99164
0.0013739
0.004016
0.98594
0.1801
0.0040233
0.16746
4.7363e-06
6.1443e-06
0.5647
13.058
0.93419
13.062
4.2826
13.058
0.0013037
0.01956
0.0068988
0.014757
0.13793
0.11972
0.0008504
0.89631
0.10369
0.45197
0.064637
0.070878
0.41251
1.8958
0.0043899
-0.0016951
0.097524
0.49147
-4.8502
-2.4972e+07
-47.8
0.0743
0.9717
129.43
8.5547
-85.706
1.3868
0.00037904
0.034484
0.021692
0.24664
0.12681
0.74299
0.00052941
0.00039404
7.015e-06
0.098611
0.12042
0.97974
0.009093
0.085277
0.98707
0.99164
0.0013739
0.004016
0.98594
0.1801
0.0040233
0.16746
4.6906e-06
6.0901e-06
0.5649
13.052
0.93401
13.056
4.2818
13.052
0.0012892
0.019539
0.0068539
-0.031617
0.13793
0.11974
0.00085098
0.95452
0.045485
0.58203
0.036308
0.05501
0.32665
1.7467
0.0045528
-0.0015847
0.097989
0.49285
-9.1607
-4.3622e+12
-47.8
0.0743
0.9717
129.43
8.5547
-85.706
1.3865
0.00037975
0.034545
0.021661
0.24657
0.12667
0.74266
0.00052867
0.00040079
7.015e-06
0.09838
0.12011
0.97974
0.009093
0.085276
0.98707
0.99164
0.0013739
0.004016
0.98594
0.1801
0.0040233
0.16746
4.6493e-06
6.045e-06
0.56525
13.043
0.93374
13.047
4.2805
13.044
0.0013105
0.019504
0.0069114
0.032994
0.13793
0.11978
0.00085205
0.8326
0.1674
0.37072
0.088195
0.079977
0.46111
2.0007
0.0042596
-0.001785
0.097425
0.48943
-4.2555
-69039
-47.8
0.0743
0.9717
129.43
8.5547
-85.706
1.3862
0.00037937
0.03451
0.021613
0.24638
0.12655
0.74229
0.00052745
0.0004016
7.015e-06
0.098238
0.11994
0.97974
0.009093
0.085276
0.98707
0.99164
0.0013739
0.004016
0.98594
0.1801
0.0040233
0.16746
4.618e-06
6.0093e-06
0.56545
13.038
0.93357
13.041
4.2797
13.038
0.0013123
0.019483
0.0069138
0.033227
0.13793
0.1198
0.00085276
0.83264
0.16736
0.37148
0.088274
0.079871
0.46037
2.0009
0.0042588
-0.0017856
0.097571
0.48929
-4.2443
-69115
-47.8
0.0743
0.9717
129.43
8.5547
-85.706
1.3861
0.00037861
0.034443
0.021586
0.24624
0.12651
0.74227
0.00052676
0.00039971
7.015e-06
0.098215
0.11993
0.97974
0.009093
0.085275
0.98707
0.99164
0.0013739
0.004016
0.98594
0.1801
0.0040233
0.16746
4.6121e-06
6.0025e-06
0.56549
13.036
0.93351
13.039
4.2795
13.036
0.0013061
0.019475
0.0068952
0.027766
0.13793
0.11981
0.00085316
0.85724
0.14276
0.39917
0.079783
0.076826
0.44422
1.9678
0.0043017
-0.0017559
0.09732
0.48915
-4.4271
-1.4797e+05
-47.8
0.0743
0.9717
129.43
8.5547
-85.706
1.386
0.00037698
0.0343
0.021539
0.24598
0.12647
0.74213
0.00052554
0.00039308
7.015e-06
0.098234
0.11999
0.97974
0.009093
0.085274
0.98707
0.99164
0.0013739
0.004016
0.98594
0.1801
0.0040233
0.16746
4.6086e-06
5.9973e-06
0.56546
13.036
0.9335
13.039
4.2794
13.036
0.001285
0.019475
0.006835
-0.019393
0.13793
0.11981
0.00085334
0.95016
0.04984
0.56965
0.038841
0.056555
0.33496
1.7669
0.0045338
-0.0015976
0.097673
0.49133
-7.909
-9.7046e+11
-47.8
0.0743
0.9717
129.43
8.5547
-85.706
1.386
0.00037779
0.03437
0.021544
0.24604
0.12643
0.74214
0.0005257
0.0003984
7.015e-06
0.098137
0.11985
0.97974
0.009093
0.085273
0.98707
0.99164
0.0013739
0.004016
0.98594
0.1801
0.0040233
0.16746
4.5954e-06
5.9839e-06
0.56562
13.031
0.93336
13.034
4.2788
13.031
0.0013011
0.019458
0.0068796
0.024386
0.13793
0.11982
0.00085402
0.87223
0.12777
0.41814
0.074256
0.074699
0.4329
1.9462
0.0043302
-0.0017362
0.09714
0.48892
-4.5412
-5.69e+05
-47.8
0.0743
0.9717
129.43
8.5547
-85.706
1.3857
0.00037749
0.034341
0.021505
0.2459
0.12633
0.7418
0.00052473
0.00039899
7.015e-06
0.098026
0.11971
0.97974
0.009093
0.085272
0.98707
0.99164
0.0013739
0.004016
0.98594
0.1801
0.0040233
0.16746
4.5707e-06
5.9555e-06
0.56577
13.026
0.93322
13.03
4.2781
13.027
0.0013011
0.019443
0.0068776
0.015882
0.13792
0.11984
0.00085454
0.89872
0.10128
0.45914
0.063833
0.069956
0.40707
1.8972
0.0043887
-0.0016962
0.097576
0.48974
-4.805
-2.7532e+07
-47.8
0.0743
0.9717
129.43
8.5547
-85.706
1.3856
0.00037763
0.034355
0.021492
0.24587
0.12628
0.74169
0.0005244
0.0004002
7.015e-06
0.097931
0.11958
0.97974
0.009093
0.085271
0.98707
0.99164
0.0013739
0.004016
0.98594
0.1801
0.0040233
0.16746
4.5565e-06
5.9406e-06
0.56592
13.022
0.93307
13.025
4.2775
13.022
0.0013072
0.019429
0.0068952
0.043576
0.13792
0.11985
0.00085511
0.79339
0.20661
0.33238
0.10039
0.084073
0.48316
2.0568
0.0041943
-0.0018304
0.09706
0.48749
-3.9215
-68028
-47.8
0.0743
0.9717
129.43
8.5547
-85.706
1.3855
0.00037736
0.034329
0.021473
0.24579
0.12624
0.74155
0.00052392
0.00039991
7.015e-06
0.097908
0.11956
0.97974
0.009093
0.085271
0.98707
0.99164
0.0013739
0.004016
0.98594
0.1801
0.0040233
0.16746
4.5479e-06
5.93e-06
0.56595
13.02
0.93303
13.024
4.2772
13.021
0.0013049
0.019425
0.0068867
0.023784
0.13792
0.11986
0.00085532
0.87393
0.12607
0.42214
0.073754
0.074212
0.4299
1.9429
0.0043332
-0.0017343
0.097456
0.48893
-4.5428
-7.4685e+05
-47.8
0.0743
0.9717
129.43
8.5547
-85.706
1.3857
0.0003775
0.034343
0.021488
0.24585
0.12628
0.74172
0.00052429
0.00039981
7.015e-06
0.097941
0.11959
0.97974
0.009093
0.08527
0.98707
0.99164
0.0013739
0.004016
0.98594
0.18009
0.0040233
0.16746
4.5568e-06
5.9408e-06
0.56591
13.02
0.93302
13.023
4.2772
13.02
0.0013056
0.019428
0.0068902
0.032914
0.13792
0.11985
0.00085546
0.84015
0.15985
0.37953
0.085739
0.078988
0.45574
1.9958
0.0042691
-0.0017784
0.097174
0.48816
-4.251
-72434
-47.8
0.0743
0.9717
129.43
8.5547
-85.706
1.3858
0.0003773
0.034325
0.0215
0.24589
0.12633
0.74189
0.00052459
0.00039795
7.015e-06
0.098024
0.1197
0.97974
0.009093
0.085269
0.98707
0.99164
0.0013739
0.004016
0.98594
0.18009
0.0040233
0.16746
4.5724e-06
5.9584e-06
0.5658
13.022
0.93307
13.025
4.2774
13.022
0.0012983
0.019438
0.0068707
0.011808
0.13792
0.11984
0.00085537
0.90997
0.090029
0.47842
0.058947
0.067701
0.39493
1.8743
0.0044174
-0.0016766
0.097572
0.49002
-4.9278
-1.7259e+08
-47.8
0.0743
0.9717
129.43
8.5547
-85.706
1.3861
0.00037777
0.034368
0.021537
0.24607
0.12642
0.7422
0.00052553
0.00039797
7.015e-06
0.098101
0.11978
0.97974
0.009093
0.085268
0.98707
0.99164
0.0013739
0.004016
0.98594
0.18009
0.0040233
0.16746
4.5931e-06
5.9833e-06
0.56571
13.023
0.9331
13.026
4.2776
13.023
0.0012989
0.019448
0.0068748
0.010402
0.13792
0.11984
0.00085535
0.91287
0.087129
0.48341
0.057628
0.067127
0.39184
1.8664
0.0044267
-0.0016702
0.097656
0.49052
-4.9698
-3.1664e+08
-47.8
0.0743
0.9717
129.43
8.5547
-85.706
1.3866
0.00037866
0.03445
0.0216
0.24635
0.12655
0.74276
0.00052709
0.00039893
7.015e-06
0.098195
0.11988
0.97974
0.009093
0.085268
0.98707
0.99164
0.0013739
0.004016
0.98594
0.18009
0.0040233
0.16746
4.6244e-06
6.0218e-06
0.56562
13.024
0.93313
13.027
4.2777
13.024
0.0013049
0.019458
0.0068963
0.034091
0.13792
0.11983
0.00085537
0.83251
0.16749
0.36967
0.088081
0.080142
0.46211
2.0035
0.0042605
-0.0017843
0.09705
0.48885
-4.2116
-68140
-47.8
0.0743
0.9717
129.43
8.5547
-85.706
1.3868
0.00037743
0.034344
0.021603
0.2463
0.12664
0.74301
0.00052713
0.00039088
7.015e-06
0.098358
0.12011
0.97974
0.009093
0.085267
0.98707
0.99164
0.0013739
0.004016
0.98594
0.18009
0.0040233
0.16746
4.654e-06
6.0548e-06
0.5654
13.028
0.93326
13.031
4.2783
13.028
0.0012803
0.01948
0.0068289
-0.034625
0.13792
0.1198
0.00085496
0.95673
0.043271
0.58704
0.034951
0.054418
0.32359
1.7423
0.0045622
-0.0015784
0.097455
0.49205
-9.4395
-6.4114e+12
-47.8
0.0743
0.9717
129.43
8.5547
-85.706
1.387
0.00037755
0.034355
0.021626
0.24639
0.1267
0.74328
0.00052768
0.00039059
7.015e-06
0.098415
0.12018
0.97974
0.009093
0.085266
0.98707
0.99164
0.0013739
0.004016
0.98594
0.18009
0.0040233
0.16746
4.6698e-06
6.0738e-06
0.56534
13.029
0.93328
13.032
4.2784
13.029
0.0012797
0.019485
0.0068292
-0.022333
0.13792
0.1198
0.000855
0.9522
0.047795
0.57135
0.037584
0.056417
0.33465
1.7598
0.0045469
-0.0015886
0.097229
0.49181
-8.241
-1.5601e+12
-47.8
0.0743
0.9717
129.43
8.5547
-85.706
1.3868
0.00037768
0.034365
0.021608
0.24634
0.12664
0.74307
0.00052725
0.00039235
7.015e-06
0.098339
0.12008
0.97974
0.009093
0.085266
0.98707
0.99164
0.0013739
0.004016
0.98594
0.18009
0.0040233
0.16746
4.6529e-06
6.0545e-06
0.56544
13.025
0.93318
13.029
4.278
13.026
0.0012844
0.019475
0.0068411
-0.015701
0.13792
0.11981
0.00085532
0.94773
0.052271
0.55967
0.040144
0.057863
0.34232
1.7741
0.0045311
-0.0015993
0.097422
0.49179
-7.4194
-4.9717e+11
-47.8
0.0743
0.9717
129.43
8.5547
-85.706
1.3865
0.00037818
0.034406
0.021577
0.24627
0.12652
0.74266
0.00052652
0.00039722
7.015e-06
0.098174
0.11985
0.97974
0.009093
0.085265
0.98707
0.99164
0.0013739
0.004016
0.98594
0.18009
0.0040233
0.16746
4.6183e-06
6.0149e-06
0.56567
13.02
0.933
13.023
4.2771
13.02
0.0012978
0.019455
0.0068759
0.007099
0.13792
0.11983
0.00085588
0.91921
0.080791
0.49477
0.054685
0.065783
0.38476
1.851
0.0044449
-0.0016577
0.097628
0.49106
-5.0541
-1.0262e+09
-47.8
0.0743
0.9717
129.43
8.5547
-85.706
1.3863
0.00037865
0.034447
0.021559
0.24624
0.12644
0.74242
0.00052609
0.00040059
7.015e-06
0.098033
0.11966
0.97974
0.009093
0.085265
0.98707
0.99164
0.0013739
0.004016
0.98594
0.18009
0.0040233
0.16746
4.5932e-06
5.9873e-06
0.56588
13.014
0.93283
13.018
4.2763
13.014
0.0013099
0.019436
0.0069088
0.033581
0.13792
0.11985
0.00085643
0.83048
0.16952
0.36882
0.088925
0.080183
0.46207
2.0052
0.0042561
-0.0017874
0.09735
0.489
-4.1949
-67540
-47.8
0.0743
0.9717
129.43
8.5547
-85.706
1.3863
0.00037824
0.034412
0.021549
0.24618
0.12643
0.74246
0.00052582
0.00039927
7.015e-06
0.098031
0.11967
0.97974
0.009093
0.085264
0.98707
0.99164
0.0013739
0.004016
0.98594
0.18009
0.0040233
0.16746
4.5934e-06
5.9878e-06
0.56589
13.013
0.9328
13.017
4.2762
13.013
0.0013061
0.019434
0.0068983
0.031767
0.13792
0.11985
0.00085657
0.83886
0.16114
0.37746
0.086095
0.079239
0.45721
1.9953
0.0042694
-0.0017782
0.09713
0.48876
-4.2512
-71739
-47.8
0.0743
0.9717
129.43
8.5547
-85.706
1.3863
0.00037642
0.034252
0.021511
0.24593
0.12643
0.7424
0.0005248
0.00039084
7.015e-06
0.098119
0.11982
0.97974
0.009093
0.085264
0.98707
0.99164
0.0013739
0.004016
0.98594
0.18009
0.0040233
0.16746
4.601e-06
5.9945e-06
0.56575
13.016
0.93288
13.019
4.2766
13.016
0.0012794
0.019446
0.0068222
-0.043915
0.13792
0.11984
0.00085631
0.95936
0.040639
0.59768
0.033385
0.053016
0.31592
1.7339
0.0045666
-0.0015754
0.097425
0.49147
-10.06
-1.2339e+13
-47.8
0.0743
0.9717
129.43
8.5547
-85.706
1.3864
0.00037733
0.03433
0.021534
0.24606
0.12644
0.74255
0.00052541
0.00039586
7.015e-06
0.098092
0.11977
0.97974
0.009093
0.085263
0.98707
0.99164
0.0013739
0.004016
0.98594
0.18009
0.0040233
0.16746
4.6009e-06
5.9955e-06
0.5658
13.014
0.93283
13.017
4.2763
13.014
0.0012934
0.019439
0.0068621
0.0072425
0.13792
0.11984
0.00085666
0.91942
0.080579
0.49461
0.054568
0.065783
0.38504
1.8538
0.0044422
-0.0016595
0.097271
0.49029
-5.0371
-8.1202e+08
-47.8
0.0743
0.9717
129.43
8.5547
-85.706
1.3862
0.00037764
0.034357
0.021522
0.24604
0.12639
0.74236
0.00052514
0.00039828
7.015e-06
0.098021
0.11967
0.97974
0.009093
0.085263
0.98707
0.99164
0.0013739
0.004016
0.98594
0.18009
0.0040233
0.16746
4.5854e-06
5.9776e-06
0.5659
13.011
0.93274
13.015
4.2759
13.011
0.0013004
0.019429
0.0068804
0.015032
0.13792
0.11985
0.000857
0.89818
0.10182
0.4573
0.063998
0.070179
0.40852
1.8985
0.0043882
-0.0016964
0.09733
0.4898
-4.7832
-2.1668e+07
-47.8
0.0743
0.9717
129.43
8.5547
-85.706
1.386
0.00037733
0.034329
0.021496
0.24593
0.12633
0.74213
0.00052447
0.00039787
7.015e-06
0.097967
0.1196
0.97974
0.009093
0.085262
0.98707
0.99164
0.0013739
0.004016
0.98594
0.18009
0.0040233
0.16746
4.571e-06
5.9605e-06
0.56597
13.009
0.93267
13.012
4.2756
13.009
0.0012986
0.019422
0.0068742
0.0082362
0.13792
0.11986
0.00085722
0.91624
0.083757
0.49035
0.056125
0.066258
0.38726
1.86
0.004433
-0.0016658
0.097578
0.49032
-4.9919
-4.9465e+08
-47.8
0.0743
0.9717
129.43
8.5547
-85.706
1.386
0.00037769
0.034361
0.021498
0.24597
0.12631
0.74212
0.00052454
0.00039955
7.015e-06
0.097923
0.11954
0.97974
0.009093
0.085262
0.98707
0.99164
0.0013739
0.004016
0.98594
0.18009
0.0040233
0.16746
4.5651e-06
5.9547e-06
0.56604
13.007
0.9326
13.01
4.2753
13.007
0.0013054
0.019416
0.0068931
0.022721
0.13792
0.11987
0.00085748
0.87301
0.12699
0.42043
0.074063
0.074408
0.4311
1.9439
0.0043326
-0.0017346
0.097329
0.48915
-4.5244
-6.1102e+05
-47.8
0.0743
0.9717
129.43
8.5547
-85.706
1.3861
0.00037771
0.034363
0.021507
0.246
0.12634
0.74224
0.00052476
0.0003991
7.015e-06
0.097945
0.11956
0.97974
0.009093
0.085261
0.98707
0.99164
0.0013739
0.004016
0.98594
0.18009
0.0040233
0.16746
4.5719e-06
5.9631e-06
0.56602
13.006
0.93259
13.01
4.2753
13.007
0.0013042
0.019418
0.0068905
0.020952
0.13792
0.11987
0.00085753
0.87899
0.12101
0.42843
0.071747
0.073512
0.42631
1.9337
0.0043459
-0.0017254
0.097304
0.48931
-4.5795
-1.3073e+06
-47.8
0.0743
0.9717
129.43
8.5547
-85.706
1.3863
0.00037718
0.034317
0.021514
0.24601
0.12639
0.74243
0.0005249
0.00039549
7.015e-06
0.098024
0.11967
0.97974
0.009093
0.085261
0.98707
0.99164
0.0013739
0.004016
0.98594
0.18009
0.0040233
0.16746
4.5888e-06
5.9827e-06
0.56592
13.008
0.93265
13.012
4.2755
13.009
0.0012925
0.019428
0.0068593
-0.001551
0.13792
0.11986
0.00085738
0.93398
0.066024
0.52704
0.04752
0.061855
0.36359
1.8159
0.0044853
-0.0016303
0.097554
0.49095
-5.5968
-1.7346e+10
-47.8
0.0743
0.9717
129.43
8.5547
-85.706
1.3866
0.00037748
0.034345
0.021545
0.24614
0.12647
0.74277
0.0005257
0.00039581
7.015e-06
0.098082
0.11974
0.97974
0.009093
0.08526
0.98707
0.99164
0.0013739
0.004016
0.98594
0.18009
0.0040233
0.16746
4.6078e-06
6.0062e-06
0.56587
13.009
0.93267
13.013
4.2756
13.009
0.0012937
0.019434
0.0068651
0.009024
0.13792
0.11985
0.00085735
0.9146
0.085402
0.48449
0.056734
0.067036
0.39174
1.8648
0.0044327
-0.001666
0.097143
0.49022
-4.9691
-3.294e+08
-47.8
0.0743
0.9717
129.43
8.5547
-85.706
1.3865
0.00037658
0.034268
0.021528
0.24605
0.12647
0.74272
0.00052522
0.00039002
7.015e-06
0.098116
0.1198
0.97974
0.009093
0.08526
0.98707
0.99164
0.0013739
0.004016
0.98594
0.18009
0.0040233
0.16746
4.6126e-06
6.0114e-06
0.56583
13.009
0.93268
13.013
4.2757
13.01
0.0012778
0.019442
0.0068207
-0.065849
0.13792
0.11984
0.00085721
0.96314
0.036861
0.6103
0.031007
0.051444
0.30725
1.7173
0.0045856
-0.0015625
0.097396
0.49188
-11.444
-4.5309e+13
-47.8
0.0743
0.9717
129.43
8.5547
-85.706
1.3869
0.00037846
0.034435
0.02159
0.24639
0.12655
0.74312
0.00052682
0.00039782
7.015e-06
0.098073
0.1197
0.97974
0.009093
0.08526
0.98707
0.99164
0.0013739
0.004016
0.98594
0.18009
0.0040233
0.16746
4.6222e-06
6.0266e-06
0.56594
13.006
0.93258
13.01
4.2752
13.006
0.0013033
0.019432
0.0068966
0.042508
0.13792
0.11985
0.00085778
0.78991
0.21009
0.32766
0.10107
0.084708
0.48656
2.0584
0.0041975
-0.0018281
0.09671
0.4882
-3.8987
-68620
-47.8
0.0743
0.9717
129.43
8.5547
-85.706
1.3868
0.00037728
0.03433
0.021559
0.24621
0.12653
0.74298
0.00052602
0.00039245
7.015e-06
0.098129
0.11979
0.97974
0.009093
0.085259
0.98707
0.99164
0.0013739
0.004016
0.98594
0.18009
0.0040233
0.16746
4.6234e-06
6.0258e-06
0.56584
13.008
0.93264
13.012
4.2755
13.008
0.0012851
0.019438
0.0068436
-0.017017
0.13792
0.11985
0.00085766
0.94852
0.051483
0.56243
0.039697
0.057547
0.34033
1.7715
0.0045375
-0.0015949
0.097451
0.49176
-7.4823
-6.1324e+11
-47.8
0.0743
0.9717
129.43
8.5547
-85.706
1.3868
0.00037681
0.03429
0.021551
0.24615
0.12653
0.743
0.00052579
0.00039054
7.015e-06
0.098157
0.11984
0.97974
0.009093
0.085259
0.98707
0.99164
0.0013739
0.004016
0.98594
0.18008
0.0040233
0.16746
4.6263e-06
6.0285e-06
0.56579
13.009
0.93265
13.012
4.2755
13.009
0.0012794
0.019439
0.0068272
-0.028468
0.13792
0.11984
0.00085777
0.95515
0.044851
0.58146
0.035866
0.055165
0.32751
1.7499
0.0045608
-0.0015792
0.097245
0.49163
-8.7889
-3.4791e+12
-47.8
0.0743
0.9717
129.43
8.5547
-85.706
1.3868
0.00037737
0.034336
0.021553
0.24618
0.1265
0.74299
0.00052587
0.00039452
7.015e-06
0.098096
0.11975
0.97974
0.009093
0.085259
0.98707
0.99164
0.0013739
0.004016
0.98594
0.18008
0.0040233
0.16746
4.6167e-06
6.0183e-06
0.56589
13.006
0.93258
13.01
4.2752
13.006
0.0012904
0.019428
0.0068575
0.0060859
0.13792
0.11986
0.00085822
0.92332
0.076676
0.50087
0.052622
0.065149
0.38136
1.8442
0.0044622
-0.0016459
0.097145
0.49059
-5.0664
-1.8186e+09
-47.8
0.0743
0.9717
129.43
8.5547
-85.706
1.3864
0.00037658
0.034267
0.021503
0.24596
0.1264
0.74261
0.0005246
0.00039268
7.015e-06
0.098007
0.11966
0.97974
0.009093
0.085259
0.98707
0.99164
0.0013739
0.004016
0.98594
0.18008
0.0040233
0.16746
4.5926e-06
5.9896e-06
0.566
13.003
0.93248
13.007
4.2748
13.003
0.0012847
0.019416
0.0068388
-0.011924
0.13792
0.11987
0.00085859
0.94551
0.054486
0.55464
0.041363
0.058536
0.34547
1.7831
0.0045287
-0.0016009
0.097375
0.49113
-6.9018
-2.5833e+11
-47.8
0.0743
0.9717
129.43
8.5547
-85.706
1.3862
0.00037671
0.034275
0.021471
0.24584
0.12629
0.74231
0.00052382
0.00039636
7.015e-06
0.097862
0.11947
0.97974
0.009093
0.085258
0.98707
0.99164
0.0013739
0.004016
0.98594
0.18008
0.0040233
0.16746
4.5637e-06
5.9568e-06
0.5662
12.998
0.93233
13.002
4.2741
12.998
0.0012945
0.019395
0.0068638
0.013769
0.13792
0.11989
0.00085919
0.9054
0.094604
0.46828
0.060795
0.069024
0.4019
1.8861
0.0044141
-0.0016787
0.097097
0.48951
-4.8208
-6.5874e+07
-47.8
0.0743
0.9717
129.43
8.5547
-85.706
1.3858
0.00037602
0.034213
0.021415
0.24561
0.12616
0.74185
0.0005224
0.00039534
7.015e-06
0.097721
0.11931
0.97974
0.009093
0.085258
0.98707
0.99164
0.0013739
0.004016
0.98594
0.18008
0.0040233
0.16746
4.5322e-06
5.9204e-06
0.5664
12.993
0.93219
12.997
4.2734
12.994
0.0012914
0.019376
0.0068525
0.0045449
0.13791
0.11991
0.00085968
0.92796
0.072037
0.51382
0.05049
0.063552
0.37214
1.8339
0.0044742
-0.0016378
0.097459
0.49013
-5.1237
-4.7298e+09
-47.8
0.0743
0.9717
129.43
8.5547
-85.706
1.3857
0.00037654
0.03426
0.021409
0.24563
0.12611
0.74177
0.00052226
0.00039868
7.015e-06
0.097592
0.11913
0.97974
0.009093
0.085258
0.98707
0.99164
0.0013739
0.004016
0.98594
0.18008
0.0040233
0.16746
4.5153e-06
5.9032e-06
0.5666
12.988
0.93203
12.992
4.2727
12.989
0.0013037
0.019357
0.0068873
0.042253
0.13791
0.11993
0.00086031
0.80141
0.19859
0.33901
0.097783
0.083541
0.47966
2.0489
0.0042154
-0.0018157
0.096822
0.48719
-3.9061
-67118
-47.8
0.0743
0.9717
129.43
8.5547
-85.706
1.3858
0.00037615
0.034227
0.021401
0.24558
0.12611
0.74183
0.00052206
0.00039739
7.015e-06
0.097591
0.11914
0.97974
0.009093
0.085258
0.98707
0.99164
0.0013739
0.004016
0.98594
0.18008
0.0040233
0.16746
4.5165e-06
5.9051e-06
0.56662
12.988
0.93201
12.991
4.2726
12.988
0.0013
0.019355
0.0068767
0.040656
0.13791
0.11993
0.00086049
0.81124
0.18876
0.34777
0.094703
0.082632
0.47489
2.0381
0.0042307
-0.001805
0.096613
0.48699
-3.9628
-66229
-47.8
0.0743
0.9717
129.43
8.5547
-85.706
1.3857
0.00037429
0.034064
0.02136
0.24532
0.12609
0.74173
0.00052096
0.00038865
7.015e-06
0.097679
0.1193
0.97974
0.009093
0.085258
0.98707
0.99164
0.0013739
0.004016
0.98594
0.18008
0.0040233
0.16746
4.5226e-06
5.9096e-06
0.56647
12.991
0.93211
12.994
4.273
12.991
0.0012724
0.019366
0.0067971
-0.044375
0.13791
0.11992
0.00086022
0.96057
0.039427
0.60207
0.032594
0.052572
0.31276
1.7329
0.004582
-0.0015651
0.097158
0.49039
-10.159
-1.6545e+13
-47.8
0.0743
0.9717
129.43
8.5547
-85.706
1.386
0.00037568
0.034186
0.021405
0.24554
0.12614
0.74205
0.00052213
0.00039539
7.015e-06
0.097663
0.11925
0.97974
0.009093
0.085258
0.98707
0.99164
0.0013739
0.004016
0.98594
0.18008
0.0040233
0.16746
4.5292e-06
5.9195e-06
0.56652
12.99
0.93207
12.993
4.2729
12.99
0.0012932
0.019357
0.0068571
0.030361
0.13791
0.11993
0.00086067
0.85812
0.14188
0.398
0.079122
0.077181
0.4457
1.9742
0.0043132
-0.0017479
0.096455
0.48742
-4.3086
-1.2325e+05
-47.8
0.0743
0.9717
129.43
8.5547
-85.706
1.3857
0.00037478
0.034106
0.021369
0.24537
0.12609
0.7418
0.00052121
0.00039201
7.015e-06
0.097651
0.11925
0.97974
0.009093
0.085257
0.98707
0.99164
0.0013739
0.004016
0.98594
0.18008
0.0040233
0.16746
4.5195e-06
5.9068e-06
0.56652
12.989
0.93206
12.993
4.2728
12.99
0.0012815
0.019355
0.0068229
-0.0012316
0.13791
0.11993
0.0008608
0.93787
0.06213
0.53528
0.045422
0.061
0.3583
1.8103
0.0045077
-0.0016152
0.097143
0.48972
-5.7875
-3.5863e+10
-47.8
0.0743
0.9717
129.43
8.5547
-85.706
1.3856
0.00037476
0.034102
0.021347
0.24528
0.12602
0.7416
0.00052067
0.00039385
7.015e-06
0.097571
0.11915
0.97974
0.009093
0.085257
0.98707
0.99164
0.0013739
0.004016
0.98594
0.18008
0.0040233
0.16746
4.5024e-06
5.887e-06
0.56663
12.987
0.93198
12.99
4.2725
12.987
0.0012861
0.019342
0.0068343
0.011703
0.13791
0.11994
0.00086117
0.91707
0.082929
0.48978
0.055558
0.066539
0.38812
1.8647
0.0044475
-0.001656
0.096963
0.48878
-4.9121
-4.5874e+08
-47.8
0.0743
0.9717
129.43
8.5547
-85.706
1.3853
0.00037474
0.034098
0.021315
0.24516
0.12593
0.74129
0.00051988
0.00039591
7.015e-06
0.097447
0.119
0.97974
0.009093
0.085257
0.98707
0.99164
0.0013739
0.004016
0.98594
0.18008
0.0040233
0.16746
4.4772e-06
5.8581e-06
0.5668
12.983
0.93186
12.986
4.2719
12.983
0.0012917
0.019325
0.0068474
0.019598
0.13791
0.11996
0.00086162
0.89622
0.10378
0.45359
0.064681
0.070809
0.41092
1.9088
0.0043946
-0.0016921
0.096948
0.48807
-4.6574
-1.3271e+07
-47.8
0.0743
0.9717
129.43
8.5547
-85.706
1.3851
0.00037467
0.034093
0.021292
0.24508
0.12586
0.7411
0.0005193
0.00039685
7.015e-06
0.097335
0.11886
0.97974
0.009093
0.085257
0.98707
0.99164
0.0013739
0.004016
0.98594
0.18008
0.0040233
0.16746
4.4586e-06
5.8379e-06
0.56697
12.979
0.93173
12.982
4.2713
12.979
0.0012965
0.01931
0.0068604
0.043877
0.13791
0.11997
0.00086207
0.80714
0.19286
0.34371
0.095899
0.083119
0.47727
2.0476
0.0042251
-0.001809
0.096412
0.48589
-3.8812
-66705
-47.8
0.0743
0.9717
129.43
8.5547
-85.706
1.3848
0.00037372
0.034008
0.021245
0.24486
0.12577
0.74077
0.00051811
0.00039425
7.015e-06
0.097276
0.1188
0.97974
0.009093
0.085257
0.98707
0.99164
0.0013739
0.004016
0.98594
0.18008
0.0040233
0.16746
4.4411e-06
5.8166e-06
0.56704
12.977
0.93169
12.981
4.2711
12.978
0.0012867
0.019303
0.0068305
0.011647
0.13791
0.11998
0.00086219
0.91799
0.082007
0.49352
0.055213
0.066066
0.3852
1.8639
0.0044486
-0.0016554
0.097121
0.4883
-4.9064
-5.3763e+08
-47.8
0.0743
0.9717
129.43
8.5547
-85.706
1.3849
0.00037423
0.034054
0.021252
0.24491
0.12576
0.74079
0.00051828
0.00039689
7.015e-06
0.097206
0.11871
0.97974
0.009093
0.085257
0.98707
0.99164
0.0013739
0.004016
0.98594
0.18008
0.0040233
0.16746
4.4345e-06
5.8107e-06
0.56716
12.975
0.9316
12.978
4.2707
12.975
0.0012967
0.019293
0.006859
0.046501
0.13791
0.11999
0.00086251
0.79611
0.20389
0.33355
0.099207
0.084202
0.48304
2.0624
0.0042079
-0.001821
0.096387
0.48549
-3.7972
-68219
