-85.786
1.3917
0.00035679
0.032579
0.021762
0.24468
0.12813
0.74862
0.00053019
0.00028694
6.9242e-06
0.097409
0.11975
0.98268
0.0089897
0.079612
0.98726
0.99165
0.0013556
0.0039966
0.98736
0.18407
0.0040151
0.16585
5.0995e-06
6.7707e-06
0.57039
13.062
0.93431
13.065
4.2832
13.062
0.00097168
0.018573
0.0058672
-0.014519
0.13775
0.12072
0.00094762
0.98061
0.01939
0.77984
0.017107
0.035606
0.16745
1.8678
0.0070951
5.4475e-05
0.073367
0.43223
-19.203
-29742
-47.8
0.0743
0.9717
129.43
8.5547
-85.786
1.3905
0.00035521
0.032437
0.02162
0.24412
0.12783
0.74731
0.0005266
0.00028403
6.9242e-06
0.097212
0.11948
0.98268
0.0089897
0.079611
0.98726
0.99165
0.0013556
0.0039966
0.98736
0.18406
0.0040151
0.16585
5.0185e-06
6.669e-06
0.5706
13.057
0.93416
13.06
4.2825
13.057
0.00096149
0.01854
0.0058133
0.070522
0.13775
0.12075
0.00094812
0.99069
0.0093139
0.85872
0.0090506
0.022558
0.10967
1.7545
0.0069311
-5.0287e-05
0.073852
0.43147
-18.254
-15975
-47.8
0.0743
0.9717
129.43
8.5547
-85.786
1.392
0.00035859
0.032737
0.021817
0.24504
0.12819
0.74903
0.00053163
0.00029263
6.9242e-06
0.09734
0.11958
0.98268
0.0089897
0.07961
0.98726
0.99165
0.0013556
0.0039966
0.98736
0.18406
0.0040151
0.16585
5.1049e-06
6.7836e-06
0.57059
13.055
0.9341
13.059
4.2822
13.055
0.00098993
0.018577
0.0059358
-0.0096352
0.13775
0.12071
0.00094774
0.97106
0.028943
0.7253
0.023727
0.044788
0.20619
1.9243
0.0071752
0.00010568
0.0741
0.43438
-17.227
-35597
-47.8
0.0743
0.9717
129.43
8.5547
-85.786
1.3922
0.00035971
0.032836
0.021857
0.24529
0.12825
0.74924
0.00053266
0.00029475
6.9242e-06
0.097319
0.11949
0.98268
0.0089897
0.079609
0.98726
0.99165
0.0013556
0.0039966
0.98736
0.18406
0.0040151
0.16585
5.1137e-06
6.798e-06
0.57069
13.051
0.93399
13.055
4.2817
13.052
0.00099647
0.018581
0.0059582
-0.015766
0.13775
0.12071
0.00094778
0.97658
0.023418
0.75833
0.020042
0.039158
0.18247
1.8824
0.0071163
6.804e-05
0.074813
0.43577
-18.781
-31421
-47.8
0.0743
0.9717
129.43
8.5547
-85.786
1.3925
0.00036083
0.032934
0.021895
0.24552
0.1283
0.7496
0.00053365
0.0002987
6.9242e-06
0.097288
0.11941
0.98268
0.0089897
0.079608
0.98726
0.99165
0.0013556
0.0039966
0.98736
0.18406
0.0040151
0.16585
5.1196e-06
6.8086e-06
0.57079
13.048
0.93388
13.052
4.2812
13.048
0.001009
0.01858
0.0060061
0.0012007
0.13775
0.12071
0.00094811
0.9626
0.037396
0.68457
0.028986
0.05165
0.23479
1.9533
0.0072234
0.00013645
0.075468
0.43754
-15.941
-38508
-47.8
0.0743
0.9717
129.43
8.5547
-85.786
1.3925
0.00036033
0.032889
0.021872
0.24539
0.12826
0.74958
0.00053307
0.00029793
6.9242e-06
0.097272
0.11941
0.98268
0.0089897
0.079607
0.98726
0.99165
0.0013556
0.0039966
0.98736
0.18406
0.0040151
0.16585
5.1118e-06
6.7985e-06
0.5708
13.047
0.93385
13.051
4.281
13.047
0.0010067
0.018573
0.0059979
0.00173
0.13775
0.12072
0.00094853
0.96272
0.037282
0.68524
0.028915
0.051565
0.23428
1.9549
0.0072247
0.00013723
0.075307
0.43707
-15.894
-38607
-47.8
0.0743
0.9717
129.43
8.5547
-85.786
1.3918
0.00035746
0.032637
0.021744
0.24471
0.12804
0.74881
0.00052977
0.00029167
6.9242e-06
0.097221
0.11945
0.98268
0.0089897
0.079607
0.98726
0.99165
0.0013556
0.0039966
0.98736
0.18406
0.0040151
0.16585
5.069e-06
6.7406e-06
0.57077
13.048
0.93387
13.051
4.2812
13.048
0.00098689
0.018552
0.0059233
-0.0054415
0.13775
0.12074
0.00094909
0.96939
0.030608
0.71703
0.024791
0.046256
0.21192
1.9375
0.0071942
0.00011762
0.073884
0.43346
-16.704
-36772
-47.8
0.0743
0.9717
129.43
8.5547
-85.786
1.3893
0.00035139
0.032098
0.021395
0.24306
0.12739
0.74592
0.00052086
0.00027773
6.9242e-06
0.096953
0.11925
0.98268
0.0089897
0.079606
0.98726
0.99165
0.0013556
0.0039966
0.98736
0.18406
0.0040151
0.16585
4.9177e-06
6.5427e-06
0.57089
13.046
0.93382
13.049
4.2809
13.047
0.00094068
0.018486
0.0057261
0.10355
0.13774
0.1208
0.0009501
0.9928
0.0072037
0.87815
0.0071659
0.019406
0.095277
1.7334
0.0068877
-7.7959e-05
0.072536
0.42725
-17.356
-12784
-47.8
0.0743
0.9717
129.43
8.5547
-85.786
1.3893
0.00035085
0.03205
0.021386
0.24298
0.12739
0.74593
0.00052061
0.00027612
6.9242e-06
0.096985
0.11932
0.98268
0.0089897
0.079605
0.98726
0.99165
0.0013556
0.0039966
0.98736
0.18406
0.0040151
0.16585
4.9225e-06
6.5475e-06
0.57083
13.047
0.93384
13.05
4.281
13.047
0.00093558
0.018488
0.0057088
0.082972
0.13774
0.1208
0.00095001
0.99236
0.007639
0.87151
0.0075627
0.02049
0.10044
1.7461
0.0069102
-6.3705e-05
0.07207
0.42646
-17.953
-14653
-47.8
0.0743
0.9717
129.43
8.5547
-85.786
1.391
0.00035461
0.032385
0.021618
0.24406
0.12785
0.74789
0.00052651
0.00028358
6.9242e-06
0.097192
0.11949
0.98268
0.0089897
0.079604
0.98726
0.99165
0.0013556
0.0039966
0.98736
0.18406
0.0040151
0.16585
5.0296e-06
6.6868e-06
0.57072
13.047
0.93385
13.05
4.281
13.047
0.00096036
0.018535
0.0058182
-0.0032874
0.13774
0.12075
0.00094915
0.98506
0.014939
0.80976
0.013706
0.030638
0.1459
1.8331
0.0070483
2.4352e-05
0.072988
0.43047
-19.615
-25861
-47.8
0.0743
0.9717
129.43
8.5547
-85.786
1.3921
0.00035812
0.032695
0.021783
0.24493
0.12812
0.74916
0.00053076
0.00029207
6.9242e-06
0.097248
0.11944
0.98268
0.0089897
0.079603
0.98726
0.99165
0.0013556
0.0039966
0.98736
0.18406
0.0040151
0.16585
5.0878e-06
6.7666e-06
0.5708
13.043
0.93374
13.047
4.2805
13.044
0.00098813
0.01856
0.0059288
-0.01522
0.13775
0.12073
0.00094862
0.97485
0.025148
0.74443
0.021192
0.041519
0.19286
1.902
0.0071461
8.7072e-05
0.073975
0.43415
-18.128
-33436
-47.8
0.0743
0.9717
129.43
8.5547
-85.786
1.3922
0.00035922
0.032791
0.021802
0.24512
0.12812
0.74924
0.00053128
0.00029582
6.9242e-06
0.097148
0.11925
0.98268
0.0089897
0.079603
0.98726
0.99165
0.0013556
0.0039966
0.98736
0.18405
0.0040151
0.16585
5.0787e-06
6.7608e-06
0.57103
13.038
0.93356
13.042
4.2797
13.038
0.00099976
0.018559
0.0059716
-0.0046877
0.13775
0.12073
0.00094849
0.96674
0.033256
0.70214
0.026452
0.048663
0.22275
1.9405
0.0072054
0.00012491
0.074801
0.43594
-16.503
-37286
-47.8
0.0743
0.9717
129.43
8.5547
-85.786
1.3915
0.00035825
0.032704
0.021714
0.24479
0.12794
0.74846
0.00052906
0.00029397
6.9242e-06
0.096974
0.11901
0.98268
0.0089897
0.079602
0.98726
0.99165
0.0013556
0.0039966
0.98736
0.18405
0.0040151
0.16585
5.0278e-06
6.7002e-06
0.57129
13.032
0.93339
13.036
4.2789
13.033
0.00099314
0.018541
0.0059396
-0.013883
0.13775
0.12075
0.00094857
0.9798
0.020198
0.77836
0.017737
0.035815
0.16809
1.8613
0.0070846
4.754e-05
0.074833
0.43485
-19.284
-29126
-47.8
0.0743
0.9717
129.43
8.5547
-85.786
1.3918
0.00035938
0.032803
0.021737
0.24497
0.12793
0.7488
0.00052967
0.00029942
6.9242e-06
0.096862
0.11883
0.98268
0.0089897
0.079601
0.98726
0.99165
0.0013556
0.0039966
0.98736
0.18405
0.0040151
0.16585
5.0191e-06
6.6952e-06
0.57153
13.027
0.93322
13.03
4.2782
13.027
0.0010104
0.018534
0.0060057
0.014989
0.13774
0.12076
0.0009489
0.95437
0.045626
0.64467
0.033496
0.058548
0.26329
1.9908
0.007288
0.00017738
0.075555
0.43681
-14.524
-41823
-47.8
0.0743
0.9717
129.43
8.5547
-85.786
1.3917
0.00035933
0.032798
0.021718
0.24492
0.12788
0.74868
0.0005292
0.00029972
6.9242e-06
0.096796
0.11873
0.98268
0.0089897
0.0796
0.98726
0.99165
0.0013556
0.0039966
0.98736
0.18405
0.0040151
0.16585
5.0046e-06
6.6789e-06
0.57165
13.024
0.93312
13.027
4.2777
13.024
0.0010112
0.018527
0.0060072
0.0025156
0.13774
0.12076
0.00094917
0.96155
0.038449
0.68234
0.029638
0.052049
0.23598
1.9606
0.0072186
0.00013314
0.075609
0.43676
-15.692
-39028
-47.8
0.0743
0.9717
129.43
8.5547
-85.786
1.3918
0.00035931
0.032796
0.021715
0.24489
0.12787
0.74881
0.00052913
0.00030085
6.9242e-06
0.096782
0.11872
0.98268
0.0089897
0.0796
0.98726
0.99165
0.0013556
0.0039966
0.98736
0.18405
0.0040151
0.16585
5.0018e-06
6.6756e-06
0.57166
13.023
0.93309
13.026
4.2776
13.023
0.0010145
0.01852
0.0060182
0.02657
0.13774
0.12077
0.00094959
0.94161
0.058389
0.58837
0.039592
0.068339
0.3037
2.0343
0.0073609
0.00022392
0.075845
0.43704
-13.632
-45417
-47.8
0.0743
0.9717
129.43
8.5547
-85.786
1.3915
0.0003572
0.032612
0.021662
0.24453
0.12784
0.74843
0.00052771
0.000293
6.9242e-06
0.09688
0.11893
0.98268
0.0089897
0.079599
0.98726
0.99165
0.0013556
0.0039966
0.98736
0.18405
0.0040151
0.16585
5.0059e-06
6.6751e-06
0.57144
13.026
0.93321
13.03
4.2781
13.027
0.00099034
0.018521
0.0059312
-0.015585
0.13774
0.12077
0.0009497
0.97494
0.025056
0.74779
0.021149
0.040964
0.19009
1.9025
0.007131
7.7298e-05
0.074137
0.43368
-18.125
-33369
-47.8
0.0743
0.9717
129.43
8.5547
-85.786
1.3907
0.0003545
0.032374
0.021544
0.2439
0.12765
0.74749
0.00052466
0.00028559
6.9242e-06
0.096873
0.11901
0.98268
0.0089897
0.079598
0.98726
0.99165
0.0013556
0.0039966
0.98736
0.18405
0.0040151
0.16585
4.9701e-06
6.6243e-06
0.57133
13.028
0.93326
13.032
4.2784
13.029
0.00096624
0.018504
0.0058365
-0.0038541
0.13774
0.12078
0.00095024
0.98467
0.015332
0.8081
0.014021
0.030908
0.14697
1.8347
0.0070407
1.9457e-05
0.073358
0.43087
-19.589
-26032
-47.8
0.0743
0.9717
129.43
8.5547
-85.786
1.39
0.00035329
0.032265
0.021456
0.24352
0.12747
0.74668
0.00052243
0.00028283
6.9242e-06
0.096805
0.11894
0.98268
0.0089897
0.079598
0.98726
0.99165
0.0013556
0.0039966
0.98736
0.18405
0.0040151
0.16585
4.9262e-06
6.5661e-06
0.57134
13.027
0.93323
13.03
4.2782
13.027
0.0009572
0.018482
0.0057936
0.066308
0.13774
0.12081
0.00095105
0.99078
0.0092208
0.85896
0.0089671
0.022525
0.10955
1.7585
0.0069222
-5.6025e-05
0.073485
0.43006
-18.365
-16485
-47.8
0.0743
0.9717
129.43
8.5547
-85.786
1.3918
0.00035732
0.032624
0.021699
0.24464
0.12793
0.74883
0.00052864
0.00029237
6.9242e-06
0.097035
0.11915
0.98268
0.0089897
0.079597
0.98726
0.99165
0.0013556
0.0039966
0.98736
0.18405
0.0040151
0.16585
5.037e-06
6.709e-06
0.57117
13.028
0.93326
13.032
4.2783
13.028
0.00098918
0.018526
0.005932
-0.008716
0.13774
0.12077
0.00095103
0.97063
0.02937
0.72492
0.024019
0.04488
0.20619
1.9285
0.0071604
9.6176e-05
0.074048
0.43389
-17.09
-35936
-47.8
0.0743
0.9717
129.43
8.5547
-85.786
1.3924
0.00035884
0.032758
0.02178
0.24503
0.12808
0.74952
0.00053072
0.00029596
6.9242e-06
0.097111
0.11921
0.98268
0.0089897
0.079597
0.98726
0.99165
0.0013556
0.0039966
0.98736
0.18405
0.0040151
0.16585
5.071e-06
6.7525e-06
0.5711
13.028
0.93325
13.032
4.2783
13.028
0.0010011
0.018535
0.0059794
0.011614
0.13774
0.12076
0.00095138
0.95812
0.041882
0.6621
0.031483
0.055706
0.25071
1.9794
0.0072559
0.00015689
0.074916
0.43615
-14.963
-40787
-47.8
0.0743
0.9717
129.43
8.5547
-85.786
1.3916
0.0003561
0.032517
0.021661
0.24441
0.1279
0.74853
0.00052764
0.00028805
6.9242e-06
0.097097
0.11928
0.98268
0.0089897
0.079596
0.98726
0.99165
0.0013556
0.0039966
0.98736
0.18405
0.0040151
0.16585
5.0351e-06
6.7022e-06
0.57101
13.029
0.93329
13.033
4.2785
13.03
0.00097512
0.018522
0.005878
-0.014038
0.13774
0.12077
0.0009517
0.9804
0.019603
0.78094
0.017276
0.03542
0.16637
1.8679
0.0070694
3.8246e-05
0.07362
0.43246
-19.215
-29732
-47.8
0.0743
0.9717
129.43
8.5547
-85.786
1.3901
0.00035242
0.03219
0.021455
0.24341
0.12751
0.74684
0.00052237
0.00027957
6.9242e-06
0.096959
0.11919
0.98268
0.0089897
0.079596
0.98726
0.99165
0.0013556
0.0039966
0.98736
0.18405
0.0040151
0.16585
4.948e-06
6.5868e-06
0.57103
13.029
0.93329
13.032
4.2785
13.029
0.00094717
0.018483
0.0057582
0.07264
0.13774
0.12081
0.0009524
0.99142
0.0085797
0.86244
0.0084057
0.021955
0.1072
1.7534
0.0069139
-6.1061e-05
0.072823
0.42892
-18.268
-15808
-47.8
0.0743
0.9717
129.43
8.5547
-85.786
1.3906
0.00035248
0.032197
0.021497
0.24354
0.12763
0.74735
0.00052342
0.00027938
6.9242e-06
0.097056
0.11935
0.98268
0.0089897
0.079595
0.98726
0.99165
0.0013556
0.0039966
0.98736
0.18405
0.0040151
0.16585
4.9813e-06
6.628e-06
0.57091
13.031
0.93335
13.034
4.2788
13.031
0.0009468
0.018497
0.0057644
0.0079625
0.13774
0.12079
0.0009522
0.98737
0.012625
0.82582
0.011839
0.027987
0.13436
1.8153
0.0070005
-5.8323e-06
0.072259
0.42852
-19.615
-23754
-47.8
0.0743
0.9717
129.43
8.5547
-85.786
1.3904
0.00035247
0.032196
0.02148
0.2435
0.12758
0.74716
0.000523
0.00027925
6.9242e-06
0.097021
0.11928
0.98268
0.0089897
0.079595
0.98726
0.99165
0.0013556
0.0039966
0.98736
0.18405
0.0040151
0.16585
4.9681e-06
6.6116e-06
0.57096
13.029
0.9333
13.033
4.2786
13.03
0.00094631
0.018492
0.0057588
0.043773
0.13774
0.1208
0.00095217
0.99014
0.0098604
0.84866
0.0095238
0.024211
0.11761
1.7755
0.0069481
-3.928e-05
0.072561
0.42882
-18.984
-18851
-47.8
0.0743
0.9717
129.43
8.5547
-85.786
1.3911
0.00035438
0.032364
0.021579
0.244
0.12776
0.74795
0.00052554
0.0002835
6.9242e-06
0.097065
0.11928
0.98268
0.0089897
0.079594
0.98726
0.99165
0.0013556
0.0039966
0.98736
0.18405
0.0040151
0.16585
5.0073e-06
6.665e-06
0.571
13.028
0.93324
13.031
4.2783
13.028
0.00096018
0.018511
0.0058173
0.004889
0.13774
0.12078
0.00095166
0.98618
0.013816
0.81701
0.012814
0.029419
0.14076
1.8194
0.0070115
1.1691e-06
0.073093
0.4308
-19.616
-24360
-47.8
0.0743
0.9717
129.43
8.5547
-85.786
1.3918
0.00035667
0.032568
0.021685
0.24457
0.12794
0.74879
0.00052826
0.00028924
6.9242e-06
0.097069
0.1192
0.98268
0.0089897
0.079594
0.98726
0.99165
0.0013556
0.0039966
0.98736
0.18405
0.0040151
0.16585
5.0425e-06
6.7153e-06
0.57113
13.024
0.93314
13.028
4.2778
13.025
0.00097896
0.018527
0.0058942
-0.015295
0.13774
0.12076
0.0009512
0.97953
0.020467
0.77219
0.017898
0.036853
0.17306
1.8724
0.0070833
4.7114e-05
0.073718
0.43315
-19.087
-30352
-47.8
0.0743
0.9717
129.43
8.5547
-85.786
1.3919
0.00035771
0.032658
0.021705
0.24475
0.12794
0.74893
0.00052879
0.00029296
6.9242e-06
0.096965
0.11901
0.98268
0.0089897
0.079593
0.98726
0.99165
0.0013556
0.0039966
0.98736
0.18405
0.0040151
0.16585
5.0344e-06
6.711e-06
0.57137
13.019
0.93297
13.023
4.277
13.019
0.00099068
0.018524
0.0059365
-0.015409
0.13774
0.12077
0.00095103
0.97491
0.025089
0.74501
0.021156
0.041399
0.19243
1.9003
0.0071234
7.2732e-05
0.074143
0.43438
-18.186
-33304
-47.8
0.0743
0.9717
129.43
8.5547
-85.786
1.3915
0.00035745
0.032633
0.021647
0.24457
0.12779
0.74846
0.00052736
0.00029368
6.9242e-06
0.096781
0.11875
0.98268
0.0089897
0.079593
0.98726
0.99165
0.0013556
0.0039966
0.98736
0.18404
0.0040151
0.16585
4.9918e-06
6.6626e-06
0.57168
13.013
0.93278
13.016
4.2761
13.013
0.00099237
0.018507
0.0059377
-0.016247
0.13774
0.12078
0.00095112
0.97804
0.021964
0.76542
0.018998
0.037969
0.17761
1.8775
0.0070909
5.1797e-05
0.074524
0.43435
-18.926
-30893
-47.8
0.0743
0.9717
129.43
8.5547
-85.786
1.3916
0.00035821
0.032699
0.021643
0.24464
0.12773
0.7486
0.00052727
0.0002987
6.9242e-06
0.096617
0.1185
0.98268
0.0089897
0.079592
0.98726
0.99165
0.0013556
0.0039966
0.98736
0.18404
0.0040151
0.16585
4.9681e-06
6.6395e-06
0.57199
13.006
0.93258
13.01
4.2752
13.007
0.0010079
0.018492
0.0059954
0.020397
0.13774
0.1208
0.00095148
0.95087
0.049125
0.62617
0.0352
0.061752
0.27688
2.0069
0.0073102
0.00019159
0.075374
0.43618
-14.038
-43228
-47.8
0.0743
0.9717
129.43
8.5547
-85.786
1.3911
0.00035715
0.032604
0.021572
0.24433
0.12759
0.74801
0.00052549
0.00029596
6.9242e-06
0.096499
0.11837
0.98268
0.0089897
0.079592
0.98726
0.99165
0.0013556
0.0039966
0.98736
0.18404
0.0040151
0.16585
4.9337e-06
6.5982e-06
0.57216
13.003
0.93247
13.006
4.2747
13.003
0.00099895
0.018478
0.0059568
-0.016479
0.13774
0.12081
0.00095165
0.97513
0.024866
0.75046
0.02104
0.040488
0.18801
1.8973
0.0071124
6.5426e-05
0.074728
0.43433
-18.292
-32874
-47.8
0.0743
0.9717
129.43
8.5547
-85.786
1.3913
0.00035779
0.032659
0.02158
0.24441
0.12758
0.74825
0.00052572
0.0002999
6.9242e-06
0.096412
0.11823
0.98268
0.0089897
0.079592
0.98726
0.99165
0.0013556
0.0039966
0.98736
0.18404
0.0040151
0.16585
4.9242e-06
6.5901e-06
0.57233
12.999
0.93235
13.002
4.2742
12.999
0.0010111
0.018467
0.0060026
0.025109
0.13774
0.12083
0.0009522
0.94523
0.054774
0.60178
0.037898
0.065958
0.29437
2.0268
0.0073431
0.00021254
0.075585
0.43606
-13.651
-44814
-47.8
0.0743
0.9717
129.43
8.5547
-85.786
1.3912
0.00035702
0.032592
0.021552
0.24425
0.12754
0.74804
0.00052497
0.00029698
6.9242e-06
0.09641
0.11825
0.98268
0.0089897
0.079591
0.98726
0.99165
0.0013556
0.0039966
0.98736
0.18404
0.0040151
0.16585
4.9182e-06
6.5816e-06
0.57232
12.998
0.93234
13.002
4.2741
12.999
0.0010021
0.018463
0.00597
-0.0075816
0.13774
0.12083
0.00095247
0.96839
0.031608
0.71495
0.025478
0.046493
0.21308
1.9356
0.0071668
0.00010016
0.074942
0.43475
-16.751
-36631
-47.8
0.0743
0.9717
129.43
8.5547
-85.786
1.3912
0.00035666
0.032561
0.021534
0.24416
0.1275
0.74805
0.00052452
0.00029749
6.9242e-06
0.096397
0.11826
0.98268
0.0089897
0.079591
0.98726
0.99165
0.0013556
0.0039966
0.98736
0.18404
0.0040151
0.16585
4.9105e-06
6.5711e-06
0.57231
12.998
0.93233
13.002
4.2741
12.999
0.0010037
0.018454
0.0059757
0.026063
0.13774
0.12084
0.00095309
0.94563
0.054371
0.60126
0.037625
0.066192
0.29492
2.0316
0.0073578
0.00022178
0.075059
0.43476
-13.629
-45118
-47.8
0.0743
0.9717
129.43
8.5547
-85.786
1.3902
0.0003539
0.032317
0.021412
0.24352
0.12731
0.7469
0.00052137
0.00028788
6.9242e-06
0.0964
0.11833
0.98268
0.0089897
0.079591
0.98726
0.99165
0.0013556
0.0039966
0.98736
0.18404
0.0040151
0.16585
4.8744e-06
6.5194e-06
0.57218
13
0.9324
13.004
4.2744
13.001
0.00097291
0.018438
0.0058532
0.016247
0.13773
0.12085
0.00095351
0.98701
0.012991
0.82859
0.012153
0.027514
0.13174
1.8049
0.006988
-1.4366e-05
0.074075
0.43133
-19.408
-22540
-47.8
0.0743
0.9717
129.43
8.5547
-85.786
1.3912
0.00035554
0.032465
0.02154
0.24407
0.12758
0.74813
0.00052462
0.00029162
6.9242e-06
0.096579
0.11856
0.98268
0.0089897
0.07959
0.98726
0.99165
0.0013556
0.0039966
0.98736
0.18404
0.0040151
0.16585
4.9429e-06
6.6055e-06
0.57198
13.003
0.93248
13.007
4.2748
13.003
0.00098602
0.018461
0.0059167
-0.0021648
0.13773
0.12083
0.0009538
0.96791
0.032086
0.70625
0.025675
0.048049
0.22002
1.9481
0.0072066
0.00012556
0.073807
0.43282
-16.241
-37830
-47.8
0.0743
0.9717
129.43
8.5547
-85.786
1.3908
0.00035482
0.032401
0.021501
0.24389
0.12752
0.74766
0.00052362
0.00028826
6.9242e-06
0.096584
0.11857
0.98268
0.0089897
0.07959
0.98726
0.99165
0.0013556
0.0039966
0.98736
0.18404
0.0040151
0.16585
4.9293e-06
6.5858e-06
0.57192
13.003
0.93248
13.007
4.2748
13.003
0.00097491
0.018452
0.0058677
0.0045972
0.13773
0.12084
0.00095441
0.98534
0.014656
0.81444
0.013496
0.029843
0.14222
1.8213
0.0070247
9.1967e-06
0.074026
0.43217
-19.55
-24587
-47.8
0.0743
0.9717
129.43
8.5547
-85.786
1.3918
0.00035657
0.032556
0.021608
0.24437
0.12772
0.74873
0.00052634
0.0002932
6.9242e-06
0.096681
0.11867
0.98268
0.0089897
0.07959
0.98726
0.99165
0.0013556
0.0039966
0.98736
0.18404
0.0040151
0.16585
4.9775e-06
6.6481e-06
0.57184
13.003
0.93249
13.007
4.2748
13.004
0.00099157
0.018465
0.0059402
-0.0018602
0.13773
0.12083
0.00095501
0.96715
0.03285
0.7042
0.026183
0.048372
0.22124
1.9465
0.007199
0.00012085
0.074217
0.43409
-16.287
-37732
-47.8
0.0743
0.9717
129.43
8.5547
-85.786
1.3915
0.00035535
0.032448
0.02155
0.24406
0.12762
0.7484
0.00052485
0.0002909
6.9242e-06
0.096641
0.11867
0.98268
0.0089897
0.07959
0.98726
0.99165
0.0013556
0.0039966
0.98736
0.18404
0.0040151
0.16585
4.9561e-06
6.6197e-06
0.57185
13.003
0.93248
13.007
4.2748
13.003
0.00098447
0.01845
0.0059136
0.0014494
0.13773
0.12084
0.00095585
0.96678
0.033219
0.70228
0.026392
0.048803
0.22252
1.9547
0.00721
0.00012774
0.073712
0.43267
-15.983
-38378
-47.8
0.0743
0.9717
129.43
8.5547
-85.786
1.3893
0.0003504
0.032009
0.021264
0.24271
0.12707
0.74593
0.00051755
0.00027889
6.9242e-06
0.096399
0.11847
0.98268
0.0089897
0.079589
0.98726
0.99165
0.0013556
0.0039966
0.98736
0.18404
0.0040151
0.16585
4.8321e-06
6.4578e-06
0.57199
13.001
0.93241
13.004
4.2745
13.001
0.00094455
0.018392
0.0057424
0.088516
0.13773
0.1209
0.00095701
0.99215
0.0078544
0.87156
0.0077534
0.020481
0.10021
1.745
0.0069015
-6.9188e-05
0.072653
0.42752
-17.807
-14545
-47.8
0.0743
0.9717
129.43
8.5547
-85.786
1.3898
0.00035055
0.032023
0.021308
0.24286
0.12719
0.74645
0.00051866
0.00027886
6.9242e-06
0.096463
0.11858
0.98268
0.0089897
0.079589
0.98726
0.99165
0.0013556
0.0039966
0.98736
0.18404
0.0040151
0.16585
4.8645e-06
6.4999e-06
0.57194
13.001
0.93243
13.005
4.2746
13.002
0.00094466
0.018404
0.0057507
0.013286
0.13773
0.12088
0.0009571
0.98808
0.011919
0.83242
0.011254
0.026914
0.12942
1.811
0.007006
-2.6904e-06
0.072095
0.42722
-19.5
-23174
-47.8
0.0743
0.9717
129.43
8.5547
-85.786
1.3902
0.00035206
0.032157
0.021369
0.24321
0.12729
0.74692
0.00052023
0.00028232
6.9242e-06
0.096447
0.1185
0.98268
0.0089897
0.079589
0.98726
0.99165
0.0013556
0.0039966
0.98736
0.18404
0.0040151
0.16585
4.8809e-06
6.5245e-06
0.57205
12.998
0.93233
13.002
4.2741
12.999
0.00095588
0.018406
0.0057937
0.022666
0.13773
0.12088
0.00095735
0.9882
0.011804
0.83548
0.011166
0.026394
0.12696
1.7998
0.0069928
-1.1094e-05
0.072981
0.42937
-19.346
-21878
-47.8
0.0743
0.9717
129.43
8.5547
-85.786
1.3915
0.00035581
0.032489
0.021546
0.24414
0.12759
0.74845
0.00052478
0.00029255
6.9242e-06
0.096487
0.11844
0.98268
0.0089897
0.079589
0.98726
0.99165
0.0013556
0.0039966
0.98736
0.18404
0.0040151
0.16585
4.9418e-06
6.6092e-06
0.57217
12.994
0.93221
12.998
4.2735
12.995
0.00098952
0.018429
0.0059318
-0.0012208
0.13773
0.12086
0.00095743
0.96768
0.032315
0.70902
0.025872
0.047595
0.21751
1.946
0.0071895
0.00011481
0.07407
0.43351
-16.319
-37577
-47.8
0.0743
0.9717
129.43
8.5547
-85.786
1.3916
0.00035687
0.032581
0.021567
0.24432
0.12759
0.74858
0.00052535
0.00029637
6.9242e-06
0.096401
0.11828
0.98268
0.0089897
0.079589
0.98726
0.99165
0.0013556
0.0039966
0.98736
0.18404
0.0040151
0.16585
4.9352e-06
6.6054e-06
0.57236
12.99
0.93207
12.994
4.2729
12.99
0.0010014
0.018423
0.0059745
0.019876
0.13773
0.12087
0.00095779
0.95417
0.045829
0.64299
0.03356
0.058994
0.26446
1.999
0.0072908
0.00017919
0.074924
0.43521
-14.269
-42415
-47.8
0.0743
0.9717
129.43
8.5547
-85.786
1.3908
0.00035505
0.03242
0.021467
0.24385
0.12741
0.74762
0.00052278
0.00029066
6.9242e-06
0.096311
0.11819
0.98268
0.0089897
0.079589
0.98726
0.99165
0.0013556
0.0039966
0.98736
0.18404
0.0040151
0.16585
4.8944e-06
6.553e-06
0.57244
12.988
0.93202
12.992
4.2727
12.989
0.00098244
0.018406
0.0058955
-0.0032277
0.13773
0.12089
0.00095805
0.98306
0.016937
0.80208
0.015288
0.031902
0.15073
1.8407
0.0070463
2.3098e-05
0.074395
0.43289
-19.473
-26698
-47.8
0.0743
0.9717
129.43
8.5547
-85.786
1.3915
0.0003561
0.032513
0.02153
0.24413
0.12752
0.74839
0.00052438
0.00029473
6.9242e-06
0.09634
0.11823
0.98268
0.0089897
0.079589
0.98726
0.99165
0.0013556
0.0039966
0.98736
0.18404
0.0040151
0.16585
4.9203e-06
6.5878e-06
0.57244
12.988
0.93201
12.992
4.2726
12.988
0.0009963
0.01841
0.0059555
0.012983
0.13773
0.12088
0.00095844
0.95968
0.040325
0.66883
0.030589
0.054527
0.24605
1.9803
0.0072594
0.00015915
0.074555
0.43434
-14.92
-40719
-47.8
0.0743
0.9717
129.43
8.5547
-85.786
1.3909
0.00035431
0.032355
0.021444
0.24368
0.12737
0.74777
0.00052219
0.00029064
6.9242e-06
0.096297
0.11824
0.98268
0.0089897
0.079589
0.98726
0.99165
0.0013556
0.0039966
0.98736
0.18404
0.0040151
0.16585
4.8897e-06
6.5465e-06
0.57243
12.989
0.93203
12.992
4.2727
12.989
0.0009833
0.018395
0.0059054
0.00040053
0.13772
0.1209
0.00095889
0.96837
0.031629
0.71282
0.025433
0.047026
0.21473
1.9494
0.0071988
0.00012052
0.073618
0.43187
-16.211
-37740
-47.8
0.0743
0.9717
129.43
8.5547
-85.786
1.3889
0.00035014
0.031984
0.021188
0.24249
0.12687
0.74542
0.00051566
0.00028026
6.9242e-06
0.096083
0.11804
0.98268
0.0089897
0.079589
0.98726
0.99165
0.0013556
0.0039966
0.98736
0.18404
0.0040151
0.16585
4.7736e-06
6.3937e-06
0.57253
12.987
0.93199
12.991
4.2725
12.988
0.00094868
0.018342
0.0057533
0.12962
0.13772
0.12095
0.00095976
0.99308
0.0069174
0.88562
0.0068946
0.018199
0.089291
1.7232
0.00686
-9.5499e-05
0.073144
0.42793
-16.577
-11182
-47.8
0.0743
0.9717
129.43
8.5547
-85.786
1.3909
0.00035357
0.032291
0.021443
0.2436
0.12741
0.74779
0.00052212
0.00028746
6.9242e-06
0.096402
0.11841
0.98268
0.0089897
0.079589
0.98726
0.99165
0.0013556
0.0039966
0.98736
0.18404
0.0040151
0.16585
4.9058e-06
6.5627e-06
0.57223
12.992
0.93215
12.996
4.2733
12.993
0.00097328
0.0184
0.0058701
-0.0071889
0.13772
0.12089
0.00095897
0.97341
0.026592
0.73689
0.022138
0.042904
0.19807
1.9264
0.0071678
0.00010087
0.072899
0.43061
-17.172
-35586
-47.8
0.0743
0.9717
129.43
8.5547
-85.786
1.3911
0.00035409
0.032338
0.021485
0.24379
0.12751
0.74802
0.00052318
0.0002867
6.9242e-06
0.096485
0.11849
0.98268
0.0089897
0.079588
0.98726
0.99165
0.0013556
0.0039966
0.98736
0.18404
0.0040151
0.16585
4.9301e-06
6.5923e-06
0.57212
12.994
0.9322
12.998
4.2735
12.994
0.00097061
0.01841
0.0058589
-0.0082998
0.13772
0.12088
0.0009587
0.98235
0.017649
0.79183
0.015807
0.03361
0.15875
1.8551
0.0070783
4.3685e-05
0.073382
0.43147
-19.343
-28343
