-85.791
1.3925
0.00036212
0.033047
0.022039
0.24589
0.12861
0.74963
0.00053731
0.00029847
6.918e-06
0.09775
0.11994
0.98292
0.0089735
0.078991
0.98728
0.99166
0.0013544
0.0039952
0.98748
0.18478
0.0040136
0.16611
5.2023e-06
6.9009e-06
0.57016
13.093
0.93527
13.097
4.2876
13.093
0.0010072
0.018711
0.0059943
-0.029174
0.13777
0.12058
0.00093697
0.97019
0.029806
0.71661
0.024271
0.046085
0.21304
1.9164
0.0071448
8.6265e-05
0.07531
0.43715
-17.37
-35209
-47.8
0.0743
0.9717
129.43
8.5547
-85.791
1.3924
0.00036179
0.033018
0.022017
0.24579
0.12857
0.74953
0.00053676
0.00029798
6.918e-06
0.09773
0.11992
0.98292
0.0089735
0.07899
0.98728
0.99166
0.0013544
0.0039952
0.98748
0.18478
0.0040136
0.16611
5.1919e-06
6.8875e-06
0.57018
13.092
0.93523
13.096
4.2874
13.092
0.0010057
0.018707
0.0059875
-0.032506
0.13777
0.12058
0.00093718
0.97269
0.027312
0.73134
0.02266
0.043616
0.20238
1.9036
0.007119
6.9771e-05
0.075197
0.43672
-17.925
-33864
-47.8
0.0743
0.9717
129.43
8.5547
-85.791
1.3925
0.00036141
0.032984
0.021993
0.24568
0.12851
0.74958
0.00053615
0.00029886
6.918e-06
0.097697
0.11989
0.98292
0.0089735
0.078989
0.98728
0.99166
0.0013544
0.0039952
0.98748
0.18478
0.0040136
0.16611
5.1791e-06
6.8714e-06
0.57021
13.091
0.9352
13.095
4.2872
13.091
0.0010083
0.018696
0.0059988
0.0060644
0.13777
0.12059
0.00093767
0.95077
0.049234
0.61983
0.035115
0.062672
0.28238
2.0045
0.0073003
0.00018546
0.0754
0.43694
-13.931
-43241
-47.8
0.0743
0.9717
129.43
8.5547
-85.791
1.3914
0.00035782
0.032668
0.021827
0.24484
0.12825
0.74827
0.00053187
0.00028832
6.918e-06
0.097643
0.11992
0.98292
0.0089735
0.078988
0.98728
0.99166
0.0013544
0.0039952
0.98748
0.18478
0.0040136
0.16611
5.1234e-06
6.7959e-06
0.57015
13.092
0.93523
13.095
4.2874
13.092
0.00097469
0.018673
0.0058665
-0.013768
0.13777
0.12061
0.00093798
0.98591
0.014087
0.81459
0.013042
0.029783
0.14259
1.813
0.0069885
-1.3918e-05
0.07411
0.43277
-19.626
-23805
-47.8
0.0743
0.9717
129.43
8.5547
-85.791
1.3911
0.00035636
0.032539
0.021766
0.24452
0.12815
0.74792
0.00053029
0.00028521
6.918e-06
0.097613
0.11994
0.98292
0.0089735
0.078987
0.98728
0.99166
0.0013544
0.0039952
0.98748
0.18478
0.0040136
0.16611
5.105e-06
6.7717e-06
0.57016
13.091
0.9352
13.094
4.2873
13.091
0.00096479
0.018663
0.0058306
-0.023969
0.13777
0.12062
0.00093834
0.98501
0.014986
0.80541
0.013742
0.031319
0.14953
1.8317
0.0070176
4.6641e-06
0.073222
0.43083
-19.635
-25928
-47.8
0.0743
0.9717
129.43
8.5547
-85.791
1.3904
0.0003557
0.032479
0.021676
0.2442
0.12794
0.74717
0.00052804
0.0002849
6.918e-06
0.097438
0.11969
0.98292
0.0089735
0.078986
0.98728
0.99166
0.0013544
0.0039952
0.98748
0.18478
0.0040136
0.16611
5.0455e-06
6.699e-06
0.57039
13.085
0.93504
13.089
4.2865
13.086
0.0009633
0.018635
0.0058152
0.03382
0.13776
0.12065
0.00093906
0.99026
0.0097435
0.85244
0.0094273
0.023572
0.11456
1.7628
0.0068979
-7.1652e-05
0.073846
0.43096
-18.771
-17301
-47.8
0.0743
0.9717
129.43
8.5547
-85.791
1.3921
0.00036006
0.032864
0.02189
0.24526
0.12829
0.7491
0.00053353
0.00029794
6.918e-06
0.097493
0.11965
0.98292
0.0089735
0.078985
0.98728
0.99166
0.0013544
0.0039952
0.98748
0.18478
0.0040136
0.16611
5.1224e-06
6.8048e-06
0.57052
13.081
0.9349
13.085
4.2858
13.081
0.0010052
0.018661
0.0059844
0.012375
0.13776
0.12063
0.0009392
0.94607
0.053933
0.59957
0.037335
0.066322
0.29677
2.0259
0.0073406
0.00021095
0.075174
0.43579
-13.498
-44859
-47.8
0.0743
0.9717
129.43
8.5547
-85.791
1.3923
0.00036082
0.032932
0.021935
0.24549
0.12839
0.74933
0.00053467
0.00029788
6.918e-06
0.097512
0.11964
0.98292
0.0089735
0.078984
0.98728
0.99166
0.0013544
0.0039952
0.98748
0.18477
0.0040136
0.16611
5.1437e-06
6.8342e-06
0.57056
13.078
0.93481
13.082
4.2855
13.079
0.0010053
0.01867
0.0059868
-0.021768
0.13776
0.12062
0.00093913
0.96687
0.033131
0.70135
0.026365
0.048711
0.22357
1.9373
0.0071725
0.00010383
0.07518
0.43641
-16.513
-37078
-47.8
0.0743
0.9717
129.43
8.5547
-85.791
1.3921
0.00036045
0.0329
0.021915
0.24542
0.12836
0.74911
0.00053416
0.00029612
6.918e-06
0.097476
0.11959
0.98292
0.0089735
0.078984
0.98728
0.99166
0.0013544
0.0039952
0.98748
0.18477
0.0040136
0.16611
5.1361e-06
6.8262e-06
0.57064
13.076
0.93473
13.079
4.2851
13.076
0.00099982
0.018665
0.0059646
-0.03402
0.13776
0.12062
0.00093927
0.97637
0.023635
0.75183
0.020161
0.040196
0.18781
1.8841
0.0071003
5.7624e-05
0.074899
0.43565
-18.634
-31789
-47.8
0.0743
0.9717
129.43
8.5547
-85.791
1.3923
0.00036089
0.032938
0.02193
0.24553
0.12838
0.74932
0.00053456
0.00029789
6.918e-06
0.097435
0.11952
0.98292
0.0089735
0.078983
0.98728
0.99166
0.0013544
0.0039952
0.98748
0.18477
0.0040136
0.16611
5.1381e-06
6.8319e-06
0.57074
13.073
0.93463
13.076
4.2846
13.073
0.0010053
0.018661
0.0059873
-0.022118
0.13776
0.12063
0.00093969
0.96721
0.032792
0.701
0.026133
0.048751
0.22411
1.9349
0.0071814
0.00010954
0.075178
0.43661
-16.585
-36915
-47.8
0.0743
0.9717
129.43
8.5547
-85.791
1.3921
0.00036063
0.032915
0.021907
0.24544
0.12833
0.74918
0.00053397
0.00029735
6.918e-06
0.097371
0.11944
0.98292
0.0089735
0.078982
0.98728
0.99166
0.0013544
0.0039952
0.98748
0.18477
0.0040136
0.16611
5.1247e-06
6.8171e-06
0.57085
13.069
0.93453
13.073
4.2842
13.07
0.0010036
0.018651
0.0059791
-0.030953
0.13776
0.12064
0.00094027
0.97279
0.027207
0.73175
0.022585
0.043565
0.2021
1.9052
0.0071316
7.7672e-05
0.075047
0.43618
-17.846
-33956
-47.8
0.0743
0.9717
129.43
8.5547
-85.791
1.3922
0.00036072
0.032923
0.021902
0.24545
0.12831
0.74924
0.00053385
0.00029823
6.918e-06
0.097311
0.11935
0.98292
0.0089735
0.078981
0.98728
0.99166
0.0013544
0.0039952
0.98748
0.18477
0.0040136
0.16611
5.1178e-06
6.8112e-06
0.57097
13.066
0.93442
13.069
4.2836
13.066
0.0010064
0.018641
0.0059913
-0.020602
0.13776
0.12065
0.00094108
0.96656
0.033441
0.69926
0.026551
0.049057
0.22513
1.9377
0.0071812
0.00010942
0.075258
0.4367
-16.469
-37135
-47.8
0.0743
0.9717
129.43
8.5547
-85.791
1.3921
0.00036034
0.032889
0.021875
0.24534
0.12825
0.74908
0.00053315
0.00029741
6.918e-06
0.097251
0.11928
0.98292
0.0089735
0.078981
0.98728
0.99166
0.0013544
0.0039952
0.98748
0.18477
0.0040136
0.16611
5.1036e-06
6.7949e-06
0.57107
13.062
0.93431
13.066
4.2832
13.063
0.0010039
0.018628
0.0059802
-0.030283
0.13776
0.12066
0.00094202
0.97277
0.02723
0.7338
0.022619
0.043233
0.20035
1.9054
0.0071229
7.216e-05
0.07507
0.43612
-17.85
-33904
-47.8
0.0743
0.9717
129.43
8.5547
-85.791
1.3922
0.00036051
0.032904
0.021876
0.24537
0.12825
0.74924
0.00053319
0.00029873
6.918e-06
0.097209
0.11923
0.98292
0.0089735
0.07898
0.98728
0.99166
0.0013544
0.0039952
0.98748
0.18477
0.0040136
0.16611
5.1001e-06
6.7926e-06
0.57115
13.059
0.93421
13.063
4.2827
13.059
0.0010083
0.018616
0.0059994
-0.010313
0.13776
0.12068
0.00094321
0.96144
0.038561
0.67656
0.029613
0.052969
0.24086
1.9611
0.0072092
0.00012728
0.075402
0.4369
-15.506
-39232
-47.8
0.0743
0.9717
129.43
8.5547
-85.791
1.392
0.00035958
0.032822
0.02183
0.24513
0.12816
0.74898
0.00053199
0.0002963
6.918e-06
0.097174
0.11921
0.98292
0.0089735
0.078979
0.98728
0.99166
0.0013544
0.0039952
0.98748
0.18477
0.0040136
0.16611
5.083e-06
6.7702e-06
0.57116
13.057
0.93416
13.061
4.2825
13.058
0.0010007
0.0186
0.005969
-0.03062
0.13775
0.12069
0.00094442
0.9741
0.0259
0.74494
0.021754
0.041391
0.19191
1.8997
0.007094
5.3856e-05
0.07492
0.43548
-18.119
-33166
-47.8
0.0743
0.9717
129.43
8.5547
-85.791
1.3921
0.00035896
0.032767
0.021797
0.24495
0.12809
0.74908
0.00053118
0.00029734
6.918e-06
0.097137
0.11921
0.98292
0.0089735
0.078978
0.98728
0.99166
0.0013544
0.0039952
0.98748
0.18477
0.0040136
0.16611
5.0684e-06
6.751e-06
0.57117
13.056
0.93412
13.06
4.2823
13.056
0.0010041
0.018579
0.0059821
0.016529
0.13775
0.12071
0.00094596
0.94109
0.058914
0.58329
0.0397
0.069571
0.30744
2.0433
0.0073593
0.00022252
0.075111
0.43554
-13.54
-45990
-47.8
0.0743
0.9717
129.43
8.5547
-85.791
1.3905
0.00035383
0.032315
0.02157
0.24375
0.12774
0.74727
0.00052532
0.00028254
6.918e-06
0.097094
0.11931
0.98292
0.0089735
0.078978
0.98728
0.99166
0.0013544
0.0039952
0.98748
0.18477
0.0040136
0.16611
4.9979e-06
6.6531e-06
0.57103
13.058
0.9342
13.062
4.2827
13.059
0.00095621
0.018544
0.0057928
0.00205
0.13775
0.12074
0.00094716
0.98811
0.01189
0.83527
0.011238
0.02642
0.12707
1.7991
0.0069556
-3.4696e-05
0.073151
0.42977
-19.458
-21792
-47.8
0.0743
0.9717
129.43
8.5547
-85.791
1.3896
0.00035074
0.032041
0.021432
0.24301
0.12751
0.74629
0.00052177
0.00027509
6.918e-06
0.097061
0.11939
0.98292
0.0089735
0.078977
0.98728
0.99166
0.0013544
0.0039952
0.98748
0.18477
0.0040136
0.16611
4.9537e-06
6.5917e-06
0.57093
13.06
0.93425
13.063
4.2829
13.06
0.00093231
0.018515
0.0056979
0.043248
0.13775
0.12077
0.00094836
0.99173
0.00827
0.86324
0.0081294
0.021836
0.1068
1.7598
0.006904
-6.7575e-05
0.071792
0.42615
-18.647
-16645
-47.8
0.0743
0.9717
129.43
8.5547
-85.791
1.3895
0.00035
0.031977
0.021404
0.24285
0.12747
0.74614
0.00052103
0.00027335
6.918e-06
0.097062
0.11942
0.98292
0.0089735
0.078977
0.98728
0.99166
0.0013544
0.0039952
0.98748
0.18477
0.0040136
0.16611
4.9469e-06
6.5818e-06
0.5709
13.06
0.93423
13.063
4.2828
13.06
0.00092684
0.018506
0.0056772
0.041502
0.13774
0.12078
0.00094908
0.99187
0.0081302
0.86385
0.0080045
0.021742
0.10641
1.7614
0.0069075
-6.5285e-05
0.071401
0.42522
-18.707
-16840
-47.8
0.0743
0.9717
129.43
8.5547
-85.791
1.3898
0.00035112
0.032075
0.021447
0.24312
0.12753
0.74645
0.00052213
0.00027557
6.918e-06
0.097053
0.11936
0.98292
0.0089735
0.078976
0.98728
0.99166
0.0013544
0.0039952
0.98748
0.18477
0.0040136
0.16611
4.9576e-06
6.5979e-06
0.57097
13.057
0.93415
13.06
4.2824
13.057
0.00093423
0.018506
0.0057064
0.064981
0.13774
0.12078
0.0009494
0.99239
0.0076077
0.87051
0.0075385
0.020643
0.10131
1.7445
0.0068868
-7.8386e-05
0.072042
0.42681
-18.106
-14534
-47.8
0.0743
0.9717
129.43
8.5547
-85.791
1.3915
0.00035521
0.032439
0.021685
0.24427
0.12799
0.74845
0.00052822
0.00028425
6.918e-06
0.097207
0.11944
0.98292
0.0089735
0.078975
0.98728
0.99166
0.0013544
0.0039952
0.98748
0.18476
0.0040136
0.16611
5.0623e-06
6.7372e-06
0.57097
13.055
0.93408
13.058
4.2821
13.055
0.00096305
0.018549
0.0058342
-0.028083
0.13775
0.12074
0.00094884
0.98187
0.018126
0.78791
0.016158
0.034263
0.16167
1.8625
0.0070507
2.6309e-05
0.072924
0.43092
-19.259
-29137
-47.8
0.0743
0.9717
129.43
8.5547
-85.791
1.3919
0.00035704
0.0326
0.02175
0.24469
0.12808
0.74889
0.0005299
0.00028882
6.918e-06
0.09714
0.11927
0.98292
0.0089735
0.078975
0.98728
0.99166
0.0013544
0.0039952
0.98748
0.18476
0.0040136
0.16611
5.0743e-06
6.7592e-06
0.57119
13.049
0.93391
13.053
4.2813
13.049
0.00097772
0.018554
0.0058907
-0.029694
0.13775
0.12074
0.00094872
0.9791
0.0209
0.77059
0.018215
0.037127
0.17407
1.8761
0.0070778
4.358e-05
0.073692
0.43306
-18.907
-30696
-47.8
0.0743
0.9717
129.43
8.5547
-85.791
1.3915
0.00035721
0.032613
0.021704
0.2446
0.12795
0.74844
0.00052878
0.00029051
6.918e-06
0.096941
0.11897
0.98292
0.0089735
0.078974
0.98728
0.99166
0.0013544
0.0039952
0.98748
0.18476
0.0040136
0.16611
5.0322e-06
6.7128e-06
0.57154
13.041
0.93367
13.045
4.2802
13.042
0.0009824
0.018537
0.0059013
-0.024066
0.13774
0.12075
0.00094893
0.98194
0.018059
0.79151
0.016137
0.03363
0.15872
1.8483
0.0070446
2.2157e-05
0.074359
0.43375
-19.419
-27679
-47.8
0.0743
0.9717
129.43
8.5547
-85.791
1.3919
0.00035873
0.032747
0.021738
0.24486
0.12796
0.74886
0.00052969
0.00029706
6.918e-06
0.09679
0.11871
0.98292
0.0089735
0.078974
0.98728
0.99166
0.0013544
0.0039952
0.98748
0.18476
0.0040136
0.16611
5.0233e-06
6.7103e-06
0.57188
13.034
0.93344
13.038
4.2792
13.034
0.0010034
0.018529
0.0059825
-0.0026667
0.13774
0.12076
0.00094929
0.95932
0.040676
0.66773
0.030814
0.054603
0.24686
1.975
0.0072375
0.00014526
0.075064
0.43586
-14.975
-40349
-47.8
0.0743
0.9717
129.43
8.5547
-85.791
1.3916
0.00035846
0.032721
0.021694
0.24472
0.12785
0.74853
0.00052857
0.00029728
6.918e-06
0.09664
0.11851
0.98292
0.0089735
0.078973
0.98728
0.99166
0.0013544
0.0039952
0.98748
0.18476
0.0040136
0.16611
4.9918e-06
6.6753e-06
0.57214
13.028
0.93326
13.032
4.2783
13.029
0.0010037
0.018513
0.0059795
-0.020067
0.13774
0.12078
0.00094965
0.96825
0.031748
0.71495
0.02558
0.046485
0.21298
1.9334
0.0071596
9.5593e-05
0.075067
0.43551
-16.707
-36425
-47.8
0.0743
0.9717
129.43
8.5547
-85.791
1.3914
0.00035841
0.032716
0.02166
0.24461
0.12775
0.74838
0.00052772
0.00029906
6.918e-06
0.096506
0.11832
0.98292
0.0089735
0.078973
0.98728
0.99166
0.0013544
0.0039952
0.98748
0.18476
0.0040136
0.16611
4.9632e-06
6.6431e-06
0.57237
13.023
0.93311
13.027
4.2776
13.024
0.0010091
0.018496
0.0059978
-0.0018594
0.13774
0.1208
0.00095024
0.95838
0.041624
0.66698
0.031415
0.054722
0.24689
1.9778
0.0072368
0.00014467
0.075454
0.43595
-14.881
-40495
-47.8
0.0743
0.9717
129.43
8.5547
-85.791
1.3914
0.00035812
0.032689
0.021626
0.24447
0.12766
0.74828
0.00052688
0.00030015
6.918e-06
0.096425
0.11823
0.98292
0.0089735
0.078972
0.98728
0.99166
0.0013544
0.0039952
0.98748
0.18476
0.0040136
0.16611
4.9406e-06
6.6158e-06
0.57247
13.021
0.93303
13.024
4.2773
13.021
0.0010123
0.018481
0.006007
0.015101
0.13774
0.12081
0.00095088
0.9456
0.054398
0.60916
0.037894
0.064848
0.2881
2.0257
0.0073254
0.00020099
0.075684
0.43594
-13.498
-44543
-47.8
0.0743
0.9717
129.43
8.5547
-85.791
1.3911
0.00035646
0.032543
0.021564
0.2441
0.12757
0.74798
0.00052528
0.00029642
6.918e-06
0.096442
0.11832
0.98292
0.0089735
0.078972
0.98728
0.99166
0.0013544
0.0039952
0.98748
0.18476
0.0040136
0.16611
4.9263e-06
6.5939e-06
0.57237
13.023
0.9331
13.026
4.2776
13.023
0.0010007
0.018471
0.0059641
0.017045
0.13774
0.12082
0.00095131
0.94478
0.055216
0.60064
0.038091
0.066619
0.29465
2.0381
0.0073654
0.00022625
0.074854
0.43391
-13.477
-45420
-47.8
0.0743
0.9717
129.43
8.5547
-85.791
1.3895
0.00035169
0.032122
0.021355
0.24299
0.12724
0.74614
0.0005199
0.00028196
6.918e-06
0.09644
0.11846
0.98292
0.0089735
0.078972
0.98728
0.99166
0.0013544
0.0039952
0.98748
0.18476
0.0040136
0.16611
4.8637e-06
6.5045e-06
0.57216
13.027
0.93324
13.031
4.2782
13.028
0.00095376
0.018447
0.0057768
0.013783
0.13774
0.12084
0.00095159
0.98919
0.010814
0.84555
0.010331
0.024748
0.11937
1.7896
0.0069673
-2.7771e-05
0.073009
0.42829
-19.227
-20516
-47.8
0.0743
0.9717
129.43
8.5547
-85.791
1.3895
0.00035105
0.032066
0.02135
0.2429
0.12726
0.74614
0.00051972
0.00027942
6.918e-06
0.096532
0.11861
0.98292
0.0089735
0.078971
0.98728
0.99166
0.0013544
0.0039952
0.98748
0.18476
0.0040136
0.16611
4.8741e-06
6.5133e-06
0.57197
13.031
0.93334
13.034
4.2787
13.031
0.00094606
0.018448
0.0057488
0.033557
0.13774
0.12084
0.00095176
0.99067
0.0093256
0.85666
0.0090538
0.022921
0.11137
1.7708
0.0069465
-4.0965e-05
0.072612
0.42752
-18.836
-18129
-47.8
0.0743
0.9717
129.43
8.5547
-85.791
1.3911
0.00035409
0.032337
0.021544
0.24378
0.12764
0.74795
0.00052467
0.00028696
6.918e-06
0.096735
0.11882
0.98292
0.0089735
0.078971
0.98728
0.99166
0.0013544
0.0039952
0.98748
0.18476
0.0040136
0.16611
4.9653e-06
6.6304e-06
0.57179
13.033
0.9334
13.036
4.279
13.033
0.00097188
0.018485
0.0058651
-0.01052
0.13774
0.12081
0.0009515
0.96849
0.031506
0.70848
0.025279
0.047854
0.21839
1.9567
0.0072278
0.00013875
0.072805
0.43026
-15.802
-38422
-47.8
0.0743
0.9717
129.43
8.5547
-85.791
1.3898
0.00035241
0.032187
0.021412
0.24324
0.12737
0.74652
0.00052133
0.0002818
6.918e-06
0.096599
0.11864
0.98292
0.0089735
0.078971
0.98728
0.99166
0.0013544
0.0039952
0.98748
0.18476
0.0040136
0.16611
4.8973e-06
6.5425e-06
0.5719
13.03
0.93332
13.034
4.2786
13.031
0.00095398
0.018459
0.0057797
0.054847
0.13774
0.12083
0.00095171
0.99121
0.0087928
0.8632
0.0085894
0.021839
0.10637
1.7545
0.0069239
-5.5204e-05
0.0733
0.42922
-18.325
-15970
-47.8
0.0743
0.9717
129.43
8.5547
-85.791
1.3913
0.00035559
0.03247
0.021607
0.24416
0.12775
0.74816
0.00052628
0.00028911
6.918e-06
0.096754
0.11877
0.98292
0.0089735
0.07897
0.98728
0.99166
0.0013544
0.0039952
0.98748
0.18476
0.0040136
0.16611
4.9858e-06
6.6591e-06
0.57184
13.03
0.93332
13.034
4.2786
13.03
0.00097828
0.0185
0.005887
-0.027389
0.13774
0.12079
0.00095104
0.97646
0.023536
0.75395
0.020068
0.039959
0.18602
1.9013
0.0071403
8.3205e-05
0.073345
0.43167
-18.054
-33226
-47.8
0.0743
0.9717
129.43
8.5547
-85.791
1.3917
0.00035735
0.032625
0.021674
0.24455
0.12785
0.74862
0.00052804
0.00029343
6.918e-06
0.096737
0.11868
0.98292
0.0089735
0.07897
0.98728
0.99166
0.0013544
0.0039952
0.98748
0.18476
0.0040136
0.16611
5.0029e-06
6.685e-06
0.57195
13.027
0.93322
13.031
4.2782
13.027
0.00099194
0.018508
0.0059375
-0.026893
0.13774
0.12078
0.00095082
0.97483
0.02517
0.7467
0.021226
0.041139
0.19094
1.9021
0.0071399
8.3031e-05
0.07425
0.43393
-17.983
-33393
-47.8
0.0743
0.9717
129.43
8.5547
-85.791
1.3919
0.00035845
0.032721
0.021701
0.24475
0.12787
0.74887
0.00052874
0.00029784
6.918e-06
0.096665
0.11854
0.98292
0.0089735
0.07897
0.98728
0.99166
0.0013544
0.0039952
0.98748
0.18476
0.0040136
0.16611
4.9991e-06
6.6843e-06
0.57211
13.023
0.93311
13.027
4.2777
13.024
0.0010057
0.018505
0.0059894
0.010563
0.13774
0.12079
0.00095091
0.95206
0.047936
0.63177
0.034609
0.060838
0.27279
2.0035
0.007317
0.00019589
0.075221
0.436
-13.94
-42908
-47.8
0.0743
0.9717
129.43
8.5547
-85.791
1.3914
0.00035705
0.032598
0.021639
0.24444
0.12777
0.74828
0.00052715
0.00029292
6.918e-06
0.096637
0.11854
0.98292
0.0089735
0.078969
0.98728
0.99166
0.0013544
0.0039952
0.98748
0.18476
0.0040136
0.16611
4.9805e-06
6.6599e-06
0.57213
13.023
0.9331
13.027
4.2776
13.023
0.00098997
0.018501
0.0059286
-0.027969
0.13774
0.12079
0.00095076
0.97709
0.022911
0.76012
0.019665
0.038882
0.18134
1.8873
0.0071223
7.1707e-05
0.074296
0.43368
-18.507
-31861
-47.8
0.0743
0.9717
129.43
8.5547
-85.791
1.3911
0.0003565
0.03255
0.021612
0.24431
0.12773
0.74803
0.00052644
0.00029126
6.918e-06
0.096613
0.11852
0.98292
0.0089735
0.078969
0.98728
0.99166
0.0013544
0.0039952
0.98748
0.18476
0.0040136
0.16611
4.97e-06
6.6464e-06
0.57215
13.022
0.93308
13.026
4.2775
13.023
0.00098444
0.018496
0.0059061
-0.0244
0.13774
0.12079
0.0009509
0.9811
0.018895
0.78528
0.01676
0.034678
0.16329
1.8572
0.0070852
4.7909e-05
0.074318
0.43331
-19.246
-28649
-47.8
0.0743
0.9717
129.43
8.5547
-85.791
1.3918
0.00035804
0.032686
0.021687
0.24469
0.12785
0.74874
0.00052837
0.00029587
6.918e-06
0.096648
0.11853
0.98292
0.0089735
0.078969
0.98728
0.99166
0.0013544
0.0039952
0.98748
0.18476
0.0040136
0.16611
4.997e-06
6.6827e-06
0.57216
13.021
0.93304
13.025
4.2774
13.022
0.00099969
0.018503
0.0059685
-0.012409
0.13774
0.12079
0.0009512
0.96598
0.034017
0.70087
0.026945
0.048922
0.22326
1.9467
0.0072101
0.00012784
0.074791
0.43528
-16.092
-37751
-47.8
0.0743
0.9717
129.43
8.5547
-85.791
1.392
0.00035845
0.032722
0.021711
0.2448
0.1279
0.74898
0.00052898
0.00029691
6.918e-06
0.096677
0.11856
0.98292
0.0089735
0.078969
0.98728
0.99166
0.0013544
0.0039952
0.98748
0.18476
0.0040136
0.16611
5.0078e-06
6.696e-06
0.57212
13.021
0.93305
13.025
4.2774
13.022
0.0010033
0.018503
0.0059833
-0.0029805
0.13774
0.12079
0.00095161
0.96082
0.039182
0.67592
0.029995
0.053227
0.24086
1.9681
0.007248
0.00015194
0.075059
0.43595
-15.202
-39736
-47.8
0.0743
0.9717
129.43
8.5547
-85.791
1.3917
0.00035692
0.032587
0.021661
0.24449
0.12784
0.74862
0.00052769
0.00029189
6.918e-06
0.096719
0.11867
0.98292
0.0089735
0.078968
0.98728
0.99166
0.0013544
0.0039952
0.98748
0.18476
0.0040136
0.16611
5.002e-06
6.6848e-06
0.57199
13.024
0.93312
13.027
4.2777
13.024
0.00098739
0.018499
0.0059235
-0.025865
0.13774
0.12079
0.00095198
0.97554
0.024464
0.7513
0.020742
0.040384
0.18758
1.8994
0.0071366
8.1041e-05
0.074015
0.43355
-18.087
-33061
-47.8
0.0743
0.9717
129.43
8.5547
-85.791
1.3909
0.00035447
0.032371
0.021551
0.24391
0.12766
0.74776
0.00052484
0.00028555
6.918e-06
0.096695
0.11872
0.98292
0.0089735
0.078968
0.98728
0.99166
0.0013544
0.0039952
0.98748
0.18476
0.0040136
0.16611
4.9662e-06
6.635e-06
0.57191
13.025
0.93317
13.029
4.2779
13.026
0.00096655
0.01848
0.0058404
-0.018755
0.13774
0.12081
0.00095263
0.98381
0.016194
0.80241
0.014693
0.031856
0.15104
1.8429
0.0070644
3.4772e-05
0.07334
0.43104
-19.452
-26968
-47.8
0.0743
0.9717
129.43
8.5547
-85.791
1.3903
0.00035286
0.032229
0.021457
0.24345
0.12748
0.74702
0.00052246
0.00028189
6.918e-06
0.096635
0.11868
0.98292
0.0089735
0.078968
0.98728
0.99166
0.0013544
0.0039952
0.98748
0.18476
0.0040136
0.16611
4.9255e-06
6.5803e-06
0.57191
13.025
0.93317
13.029
4.2779
13.026
0.00095465
0.018457
0.0057878
0.032083
0.13773
0.12083
0.00095348
0.98985
0.010152
0.8498
0.0097721
0.024032
0.1164
1.7747
0.0069683
-2.6617e-05
0.07322
0.42979
-18.911
-18701
-47.8
0.0743
0.9717
129.43
8.5547
-85.791
1.3915
0.00035471
0.032394
0.021595
0.24404
0.12776
0.74845
0.00052596
0.00028664
6.918e-06
0.096784
0.11887
0.98292
0.0089735
0.078968
0.98728
0.99166
0.0013544
0.0039952
0.98748
0.18476
0.0040136
0.16611
4.9962e-06
6.6714e-06
0.57178
13.027
0.93322
13.031
4.2782
13.027
0.00097136
0.01848
0.0058677
-0.020281
0.13774
0.12081
0.00095373
0.97391
0.026086
0.74126
0.021813
0.042212
0.19472
1.9224
0.0071643
9.8674e-05
0.072777
0.43093
-17.219
-35178
-47.8
0.0743
0.9717
129.43
8.5547
-85.791
1.3904
0.00035226
0.032176
0.021447
0.24334
0.12748
0.74713
0.00052218
0.00028089
6.918e-06
0.096645
0.11874
0.98292
0.0089735
0.078968
0.98728
0.99166
0.0013544
0.0039952
0.98748
0.18476
0.0040136
0.16611
4.9297e-06
6.5854e-06
0.57188
13.025
0.93316
13.028
4.2779
13.025
0.00095157
0.018451
0.0057795
-0.0029329
0.13773
0.12084
0.00095441
0.98724
0.012758
0.8281
0.01195
0.027623
0.13232
1.8145
0.0070241
8.9441e-06
0.072675
0.42885
-19.51
-23580
-47.8
0.0743
0.9717
129.43
8.5547
-85.791
1.3894
0.00035081
0.032045
0.02132
0.24282
0.1272
0.74599
0.00051897
0.00027865
6.918e-06
0.096459
0.11851
0.98292
0.0089735
0.078968
0.98728
0.99166
0.0013544
0.0039952
0.98748
0.18476
0.0040136
0.16611
4.858e-06
6.4947e-06
0.57208
13.021
0.93305
13.025
4.2774
13.022
0.00094392
0.018417
0.0057388
0.083186
0.13773
0.12087
0.00095516
0.99247
0.0075323
0.87623
0.0074605
0.019722
0.096583
1.7378
0.0069069
-6.5693e-05
0.072795
0.42768
-17.628
-13432
-47.8
0.0743
0.9717
129.43
8.5547
-85.791
1.3914
0.00035488
0.032408
0.021566
0.24397
0.12767
0.74828
0.00052523
0.00028901
6.918e-06
0.096643
0.11867
0.98292
0.0089735
0.078968
0.98728
0.99166
0.0013544
0.0039952
0.98748
0.18476
0.0040136
0.16611
4.9665e-06
6.638e-06
0.57201
13.022
0.93306
13.025
4.2774
13.022
0.00097955
0.018462
0.0058967
0.00081555
0.13773
0.12083
0.00095469
0.96337
0.03663
0.68918
0.028495
0.051629
0.23069
1.9759
0.0072684
0.000164
0.073376
0.43172
-15.016
-40053
-47.8
0.0743
0.9717
129.43
8.5547
-85.791
1.3907
0.00035414
0.032341
0.021512
0.24376
0.12757
0.74755
0.00052387
0.00028534
6.918e-06
0.09659
0.11859
0.98292
0.0089735
0.078967
0.98728
0.99166
0.0013544
0.0039952
0.98748
0.18476
0.0040136
0.16611
4.9418e-06
6.6064e-06
0.57207
13.02
0.93301
13.024
4.2772
13.021
0.00096593
0.018455
0.0058336
0.0028357
0.13773
0.12083
0.00095444
0.98689
0.013105
0.82788
0.012245
0.027642
0.13223
1.8073
0.0070196
6.0839e-06
0.073743
0.43137
-19.43
-22773
-47.8
0.0743
0.9717
129.43
8.5547
-85.791
1.3914
0.00035585
0.032493
0.021611
0.24425
0.12776
0.74835
0.0005264
0.00028906
6.918e-06
0.096659
0.11863
0.98292
0.0089735
0.078967
0.98728
0.99166
0.0013544
0.0039952
0.98748
0.18476
0.0040136
0.16611
4.9849e-06
6.6639e-06
0.57206
13.02
0.933
13.024
4.2772
13.02
0.00097838
0.018475
0.00589
-0.024994
0.13773
0.12082
0.000954
0.97936
0.020638
0.77639
0.018045
0.036197
0.16937
1.8749
0.0071039
6.0159e-05
0.073817
0.43272
-18.895
-30407
-47.8
0.0743
0.9717
129.43
8.5547
-85.791
1.3919
0.00035731
0.032623
0.021679
0.2446
0.12787
0.74895
0.00052815
0.00029334
6.918e-06
0.096674
0.11861
0.98292
0.0089735
0.078967
0.98728
0.99166
0.0013544
0.0039952
0.98748
0.18476
0.0040136
0.16611
5.0071e-06
6.6947e-06
0.5721
13.019
0.93297
13.023
4.277
13.019
0.00099281
0.018483
0.0059489
-0.0080683
0.13773
0.12081
0.00095383
0.96536
0.03464
0.69985
0.027343
0.049271
0.22353
1.9533
0.0072204
0.00013433
0.074324
0.43464
-15.85
-38233
-47.8
0.0743
0.9717
129.43
8.5547
-85.791
1.3912
0.00035578
0.032487
0.021594
0.2442
0.12772
0.7481
0.00052596
0.00028884
6.918e-06
0.096611
0.11855
0.98292
0.0089735
0.078967
0.98728
0.99166
0.0013544
0.0039952
0.98748
0.18476
0.0040136
0.16611
4.9721e-06
6.6488e-06
0.57214
13.018
0.93296
13.022
4.277
13.019
0.00097725
0.018473
0.005882
-0.018701
0.13773
0.12082
0.00095374
0.98252
0.017476
0.79646
0.015694
0.032836
0.15501
1.8467
0.0070739
4.0856e-05
0.074067
0.4329
-19.388
-27395
