-85.534
1.3962
0.00040499
0.036812
0.023464
0.25509
0.13046
0.75385
0.00057446
0.00040594
7.2209e-06
0.097025
0.11755
0.98215
0.0091748
0.080085
0.98654
0.99131
0.0014139
0.0040635
0.98711
0.1822
0.0040762
0.16487
5.4543e-06
7.3021e-06
0.57242
13.007
0.9326
13.013
4.2753
13.007
0.0013485
0.019061
0.00721
0.0069773
0.13782
0.12025
0.00091183
0.68779
0.31221
0.23791
0.10814
0.12025
0.53369
2.0242
0.0060082
-0.00062305
0.10068
0.52469
3.2873
-2.8352e+05
-47.8
0.0743
0.9717
129.43
8.5547
-85.534
1.3962
0.00040543
0.036851
0.02346
0.2551
0.13042
0.75386
0.00057435
0.00040863
7.2209e-06
0.09699
0.1175
0.98215
0.0091748
0.080084
0.98654
0.99131
0.0014139
0.0040635
0.98711
0.1822
0.0040762
0.16487
5.4403e-06
7.2845e-06
0.57246
13.006
0.93256
13.012
4.2751
13.006
0.0013591
0.019054
0.0072418
0.026203
0.13782
0.12026
0.00091194
0.78731
0.21269
0.31116
0.087841
0.11
0.491
1.9223
0.0063884
-0.0003796
0.10227
0.52665
0.28102
-2.0705e+06
-47.8
0.0743
0.9717
129.43
8.5547
-85.534
1.3961
0.00040455
0.036773
0.023438
0.25499
0.13041
0.75374
0.00057378
0.00040496
7.2209e-06
0.097003
0.11753
0.98215
0.0091748
0.080083
0.98654
0.99131
0.0014139
0.0040635
0.98711
0.1822
0.0040762
0.16487
5.4433e-06
7.2882e-06
0.57245
13.004
0.93252
13.01
4.2749
13.005
0.0013449
0.019059
0.007198
-0.010436
0.13782
0.12026
0.00091198
0.65928
0.34072
0.22125
0.11339
0.12238
0.54298
2.0521
0.005914
-0.00068361
0.10024
0.52391
11.529
-2.1847e+06
-47.8
0.0743
0.9717
129.43
8.5547
-85.534
1.3961
0.00040523
0.036833
0.023451
0.25506
0.13041
0.75383
0.00057412
0.00040805
7.2209e-06
0.096984
0.11749
0.98215
0.0091748
0.080082
0.98654
0.99131
0.0014139
0.0040635
0.98711
0.1822
0.0040762
0.16487
5.4386e-06
7.2829e-06
0.57248
13.003
0.93247
13.009
4.2747
13.003
0.0013561
0.019054
0.0072316
0.026992
0.13782
0.12026
0.00091223
0.74329
0.25671
0.2758
0.09743
0.11508
0.51169
1.9695
0.0062032
-0.00049796
0.10159
0.52567
0.29427
-1.2808e+05
-47.8
0.0743
0.9717
129.43
8.5547
-85.534
1.3962
0.00040564
0.03687
0.023458
0.25511
0.1304
0.75388
0.00057431
0.0004096
7.2209e-06
0.096973
0.11746
0.98215
0.0091748
0.080081
0.98654
0.99131
0.0014139
0.0040635
0.98711
0.1822
0.0040762
0.16487
5.4358e-06
7.2796e-06
0.5725
13.002
0.93243
13.007
4.2745
13.002
0.001362
0.01905
0.0072495
0.026334
0.13782
0.12026
0.00091244
0.77995
0.22005
0.30537
0.089635
0.11082
0.49417
1.9295
0.0063538
-0.00040167
0.10234
0.52667
0.28282
-1.1469e+06
-47.8
0.0743
0.9717
129.43
8.5547
-85.534
1.3963
0.00040528
0.036839
0.023472
0.25517
0.13047
0.75399
0.00057466
0.00040679
7.2209e-06
0.097024
0.11753
0.98215
0.0091748
0.08008
0.98654
0.99131
0.0014139
0.0040635
0.98711
0.1822
0.0040762
0.16487
5.4571e-06
7.307e-06
0.57246
13.001
0.9324
13.006
4.2743
13.001
0.0013515
0.019058
0.0072202
0.019386
0.13782
0.12026
0.00091257
0.70112
0.29888
0.24645
0.10571
0.11906
0.52879
2.0108
0.0060462
-0.00059856
0.10088
0.52508
0.64288
-1.5768e+05
-47.8
0.0743
0.9717
129.43
8.5547
-85.534
1.3963
0.00040485
0.036801
0.023471
0.25515
0.13049
0.75404
0.00057461
0.00040472
7.2209e-06
0.097057
0.11758
0.98215
0.0091748
0.080079
0.98654
0.99131
0.0014139
0.0040635
0.98711
0.1822
0.0040762
0.16487
5.4661e-06
7.3177e-06
0.57241
13
0.93239
13.006
4.2743
13
0.0013447
0.019062
0.0072016
-0.00064209
0.13782
0.12025
0.00091269
0.67972
0.32028
0.23285
0.10959
0.12082
0.53674
2.033
0.0059682
-0.00064867
0.10022
0.52433
6.059
-5.4415e+05
-47.8
0.0743
0.9717
129.43
8.5547
-85.534
1.3962
0.00040423
0.036747
0.023428
0.25494
0.13041
0.75385
0.00057351
0.00040345
7.2209e-06
0.097039
0.11756
0.98215
0.0091748
0.080078
0.98654
0.99131
0.0014139
0.0040635
0.98711
0.1822
0.0040762
0.16487
5.4445e-06
7.2882e-06
0.57239
13
0.93238
13.006
4.2742
13
0.0013416
0.019056
0.0071897
-0.016565
0.13782
0.12026
0.00091288
0.63962
0.36038
0.21082
0.11704
0.12354
0.5486
2.0719
0.0058402
-0.00073112
0.099831
0.5232
18.865
-1.2766e+07
-47.8
0.0743
0.9717
129.43
8.5547
-85.534
1.3962
0.00040556
0.036867
0.023425
0.25499
0.13031
0.75389
0.00057347
0.00041041
7.2209e-06
0.096969
0.11745
0.98215
0.0091748
0.080077
0.98654
0.99131
0.0014139
0.0040635
0.98711
0.1822
0.0040762
0.16487
5.4103e-06
7.2435e-06
0.57243
12.999
0.93236
13.005
4.2741
12.999
0.0013708
0.019034
0.0072811
0.0228
0.13782
0.12028
0.00091328
0.91906
0.080936
0.49084
0.049694
0.081218
0.37825
1.7261
0.007183
0.00012491
0.10517
0.53014
0.20217
-1.873e+13
-47.8
0.0743
0.9717
129.43
8.5547
-85.533
1.3962
0.00040494
0.036808
0.023436
0.25499
0.13039
0.75392
0.00057373
0.00040713
7.2209e-06
0.097015
0.11752
0.98215
0.0091748
0.080077
0.98654
0.99131
0.0014139
0.0040635
0.98711
0.1822
0.0040762
0.16487
5.4367e-06
7.2787e-06
0.57242
12.997
0.93229
13.003
4.2738
12.997
0.0013535
0.019049
0.0072225
0.0026891
0.13782
0.12027
0.00091366
0.68617
0.31383
0.23838
0.10894
0.11998
0.5327
2.027
0.0059803
-0.00064088
0.10073
0.52422
4.7842
-3.9214e+05
-47.8
0.0743
0.9717
129.43
8.5547
-85.533
1.3963
0.00040542
0.036852
0.023455
0.25512
0.13042
0.75407
0.00057424
0.00040883
7.2209e-06
0.096993
0.11748
0.98215
0.0091748
0.080076
0.98654
0.99131
0.001414
0.0040635
0.98711
0.18219
0.0040762
0.16487
5.4424e-06
7.2884e-06
0.57249
12.994
0.93219
13
4.2734
12.994
0.0013596
0.019043
0.0072435
0.026418
0.13782
0.12027
0.00091419
0.7747
0.2253
0.30095
0.090817
0.11133
0.4969
1.9377
0.0063023
-0.00043452
0.10181
0.526
0.28338
-5.5266e+05
-47.8
0.0743
0.9717
129.43
8.5547
-85.533
1.3962
0.00040437
0.036759
0.023418
0.25496
0.13038
0.75385
0.00057326
0.00040441
7.221e-06
0.096968
0.11746
0.98215
0.0091748
0.080075
0.98654
0.99131
0.001414
0.0040635
0.98711
0.18219
0.0040762
0.16487
5.4357e-06
7.2808e-06
0.57254
12.991
0.93211
12.997
4.273
12.991
0.0013444
0.019041
0.0071975
-0.016209
0.13782
0.12027
0.00091459
0.64079
0.35921
0.21198
0.11711
0.12321
0.5477
2.0706
0.0058267
-0.00073977
0.099926
0.52329
19.245
-1.3197e+07
-47.8
0.0743
0.9717
129.43
8.5547
-85.533
1.3962
0.0004055
0.036857
0.023423
0.25501
0.13032
0.75391
0.00057342
0.00041089
7.221e-06
0.096903
0.11736
0.98215
0.0091748
0.080074
0.98654
0.99131
0.001414
0.0040635
0.98711
0.18219
0.0040762
0.16487
5.4144e-06
7.2545e-06
0.57261
12.989
0.93204
12.995
4.2727
12.989
0.0013668
0.019026
0.0072621
0.02589
0.13781
0.12029
0.00091517
0.8013
0.1987
0.32603
0.084953
0.10759
0.48143
1.9075
0.0064127
-0.00036404
0.10251
0.52652
0.2726
-5.373e+06
-47.8
0.0743
0.9717
129.43
8.5547
-85.533
1.3962
0.00040558
0.036864
0.023409
0.25496
0.13028
0.75385
0.00057308
0.00041218
7.221e-06
0.096868
0.11731
0.98215
0.0091748
0.080074
0.98654
0.99131
0.001414
0.0040635
0.98711
0.18219
0.0040762
0.16487
5.4018e-06
7.2387e-06
0.57266
12.987
0.93198
12.993
4.2724
12.987
0.0013711
0.019018
0.0072728
0.025592
0.13781
0.1203
0.00091567
0.81533
0.18467
0.34072
0.081676
0.10535
0.47226
1.8904
0.006477
-0.00032308
0.10293
0.52685
0.26742
-2.1022e+07
-47.8
0.0743
0.9717
129.43
8.5547
-85.533
1.3961
0.0004049
0.036803
0.02339
0.25485
0.13027
0.75377
0.00057257
0.00040961
7.221e-06
0.096866
0.11732
0.98215
0.0091748
0.080073
0.98654
0.99131
0.001414
0.0040635
0.98711
0.18219
0.0040762
0.16487
5.4019e-06
7.2394e-06
0.57267
12.985
0.93192
12.991
4.2721
12.985
0.0013613
0.019017
0.0072417
0.025097
0.13781
0.1203
0.00091609
0.71279
0.28721
0.25672
0.10427
0.11731
0.5217
2.0023
0.0060429
-0.00060067
0.10119
0.52438
0.30631
-1.3551e+05
-47.8
0.0743
0.9717
129.43
8.5547
-85.533
1.396
0.00040551
0.036859
0.023371
0.25483
0.13017
0.7537
0.00057211
0.00041366
7.221e-06
0.096776
0.11719
0.98215
0.0091748
0.080072
0.98654
0.99131
0.001414
0.0040635
0.98711
0.18219
0.0040762
0.16487
5.3709e-06
7.2008e-06
0.57277
12.983
0.93185
12.989
4.2718
12.983
0.0013781
0.018997
0.0072941
0.024063
0.13781
0.12032
0.00091656
0.87827
0.12173
0.42003
0.064247
0.092861
0.42286
1.8027
0.0068314
-9.7808e-05
0.10436
0.52845
0.23451
-2.8077e+10
-47.8
0.0743
0.9717
129.43
8.5547
-85.533
1.3961
0.00040525
0.036835
0.023372
0.25484
0.1302
0.75373
0.00057213
0.00041234
7.221e-06
0.096758
0.11717
0.98215
0.0091749
0.080071
0.98654
0.99131
0.001414
0.0040635
0.98711
0.18219
0.0040762
0.16487
5.3786e-06
7.2133e-06
0.57284
12.98
0.93175
12.985
4.2713
12.98
0.0013718
0.018998
0.0072743
0.025653
0.13781
0.12032
0.00091699
0.81164
0.18836
0.33771
0.082713
0.10571
0.47386
1.8959
0.0064362
-0.0003491
0.10279
0.52646
0.26771
-1.2591e+07
-47.8
0.0743
0.9717
129.43
8.5547
-85.533
1.3961
0.0004045
0.036769
0.023375
0.25487
0.13026
0.75375
0.00057217
0.00040726
7.221e-06
0.096763
0.11718
0.98215
0.0091749
0.080071
0.98654
0.99131
0.001414
0.0040636
0.98711
0.18219
0.0040762
0.16487
5.3983e-06
7.2417e-06
0.57291
12.976
0.93164
12.982
4.2708
12.976
0.001354
0.019003
0.007225
-0.0052426
0.13781
0.12031
0.00091739
0.67719
0.32281
0.23392
0.11108
0.12011
0.53489
2.0364
0.0059033
-0.00069042
0.10055
0.52387
8.7893
-9.7361e+05
-47.8
0.0743
0.9717
129.43
8.5547
-85.533
1.3962
0.00040541
0.03685
0.023397
0.25503
0.13028
0.7539
0.00057276
0.00041102
7.221e-06
0.096714
0.1171
0.98215
0.0091749
0.08007
0.98654
0.99131
0.001414
0.0040636
0.98711
0.18219
0.0040762
0.16487
5.3966e-06
7.2424e-06
0.57301
12.973
0.93154
12.979
4.2704
12.973
0.0013671
0.018993
0.0072654
0.026121
0.13781
0.12032
0.00091793
0.78897
0.21103
0.31471
0.087916
0.10904
0.48834
1.9216
0.0063119
-0.00042838
0.10211
0.52629
0.27587
-1.512e+06
-47.8
0.0743
0.9717
129.43
8.5547
-85.533
1.3962
0.00040495
0.03681
0.023391
0.25501
0.13029
0.75386
0.0005726
0.00040827
7.221e-06
0.096714
0.11711
0.98215
0.0091749
0.08007
0.98654
0.99131
0.001414
0.0040636
0.98711
0.18219
0.0040762
0.16487
5.4028e-06
7.2516e-06
0.57304
12.971
0.93147
12.977
4.2701
12.971
0.0013576
0.018994
0.0072381
0.0088649
0.13781
0.12032
0.00091832
0.69716
0.30284
0.24617
0.10732
0.11842
0.52809
2.016
0.0059556
-0.00065674
0.10082
0.5246
3.1361
-2.5555e+05
-47.8
0.0743
0.9717
129.43
8.5547
-85.533
1.3962
0.00040511
0.036823
0.023382
0.25496
0.13025
0.75385
0.00057238
0.00041014
7.221e-06
0.096694
0.11708
0.98215
0.0091749
0.080069
0.98654
0.99131
0.001414
0.0040636
0.98711
0.18219
0.0040762
0.16487
5.3924e-06
7.2379e-06
0.57305
12.97
0.93143
12.976
4.2699
12.97
0.0013636
0.018987
0.0072533
0.027048
0.13781
0.12033
0.00091873
0.73643
0.26357
0.27314
0.099578
0.11478
0.5125
1.9781
0.0060844
-0.00057398
0.10132
0.52507
0.28964
-1.0735e+05
-47.8
0.0743
0.9717
129.43
8.5547
-85.533
1.396
0.00040518
0.036827
0.02335
0.25481
0.13015
0.7537
0.00057159
0.00041296
7.2211e-06
0.096655
0.11703
0.98215
0.0091749
0.080068
0.98654
0.99131
0.001414
0.0040636
0.98711
0.18219
0.0040762
0.16487
5.3646e-06
7.2006e-06
0.57305
12.97
0.93143
12.975
4.2699
12.97
0.0013728
0.018976
0.0072761
0.026118
0.13781
0.12034
0.00091905
0.78735
0.21265
0.31547
0.088717
0.10878
0.48703
1.9245
0.0062833
-0.00044666
0.10232
0.52578
0.27382
-1.1384e+06
-47.8
0.0743
0.9717
129.43
8.5547
-85.533
1.3959
0.00040518
0.036829
0.023321
0.25468
0.13006
0.75358
0.00057084
0.00041476
7.2211e-06
0.09662
0.11699
0.98215
0.0091749
0.080068
0.98654
0.99131
0.001414
0.0040636
0.98711
0.18219
0.0040762
0.16487
5.3393e-06
7.1665e-06
0.57304
12.97
0.93143
12.975
4.2699
12.97
0.0013812
0.018963
0.0073009
0.024084
0.13781
0.12035
0.00091933
0.87663
0.12337
0.41881
0.064882
0.092956
0.42335
1.8069
0.0067589
-0.00014386
0.10419
0.52791
0.23257
-1.6799e+10
-47.8
0.0743
0.9717
129.43
8.5547
-85.533
1.3959
0.00040452
0.036769
0.023304
0.25457
0.13005
0.75352
0.0005704
0.0004127
7.2211e-06
0.09663
0.11701
0.98215
0.0091749
0.080067
0.98654
0.99131
0.001414
0.0040636
0.98711
0.18219
0.0040762
0.16487
5.3413e-06
7.1688e-06
0.57303
12.969
0.9314
12.974
4.2698
12.969
0.001372
0.018966
0.0072692
0.026514
0.13781
0.12035
0.00091961
0.76459
0.23541
0.29743
0.094165
0.11124
0.49717
1.9519
0.0061686
-0.00052006
0.10193
0.52458
0.27947
-1.9393e+05
-47.8
0.0743
0.9717
129.43
8.5547
-85.533
1.3958
0.00040487
0.036802
0.023289
0.25457
0.12999
0.75347
0.00057002
0.00041465
7.2211e-06
0.096551
0.1169
0.98215
0.0091749
0.080067
0.98654
0.99131
0.001414
0.0040636
0.98711
0.18219
0.0040763
0.16487
5.3189e-06
7.1419e-06
0.57314
12.966
0.93133
12.972
4.2694
12.966
0.0013825
0.018949
0.0073061
0.023089
0.1378
0.12037
0.00091995
0.90892
0.091081
0.47469
0.053827
0.083857
0.38763
1.7499
0.0069744
-7.3341e-06
0.10491
0.52873
0.20784
-1.8327e+12
-47.8
0.0743
0.9717
129.43
8.5547
-85.533
1.3959
0.00040466
0.036781
0.023301
0.25463
0.13005
0.75353
0.00057034
0.00041305
7.2211e-06
0.09653
0.11688
0.98215
0.0091749
0.080066
0.98654
0.99131
0.001414
0.0040636
0.98711
0.18218
0.0040763
0.16487
5.3359e-06
7.168e-06
0.57325
12.962
0.9312
12.968
4.2688
12.962
0.001373
0.018954
0.0072748
0.026288
0.1378
0.12036
0.00092033
0.77717
0.22283
0.30753
0.091296
0.1097
0.49148
1.9373
0.0062013
-0.00049914
0.10207
0.52513
0.27467
-4.2925e+05
-47.8
0.0743
0.9717
129.43
8.5547
-85.533
1.396
0.00040477
0.036792
0.023317
0.25476
0.1301
0.75362
0.00057073
0.00041195
7.2211e-06
0.096477
0.1168
0.98215
0.0091749
0.080066
0.98653
0.99131
0.001414
0.0040636
0.98711
0.18218
0.0040763
0.16487
5.3459e-06
7.1861e-06
0.57341
12.957
0.93105
12.963
4.2681
12.957
0.0013698
0.018951
0.0072694
0.02652
0.1378
0.12037
0.00092071
0.76517
0.23483
0.29654
0.09383
0.11118
0.49846
1.9492
0.0061411
-0.00053764
0.10176
0.52528
0.27821
-2.1299e+05
-47.8
0.0743
0.9717
129.43
8.5547
-85.533
1.396
0.00040463
0.036782
0.023323
0.25485
0.13013
0.75366
0.00057086
0.00041006
7.2211e-06
0.096427
0.11674
0.98215
0.0091749
0.080065
0.98653
0.99131
0.001414
0.0040636
0.98711
0.18218
0.0040763
0.16487
5.3527e-06
7.1995e-06
0.57356
12.953
0.93092
12.959
4.2675
12.953
0.0013644
0.018947
0.0072587
0.026937
0.1378
0.12037
0.00092104
0.74163
0.25837
0.27773
0.098828
0.11368
0.50976
1.9729
0.00604
-0.00060248
0.1013
0.52512
0.28432
-1.1008e+05
-47.8
0.0743
0.9717
129.43
8.5547
-85.533
1.396
0.00040395
0.036723
0.023311
0.25483
0.13014
0.75362
0.00057052
0.00040637
7.2211e-06
0.096395
0.1167
0.98215
0.0091749
0.080065
0.98653
0.99131
0.001414
0.0040636
0.98711
0.18218
0.0040763
0.16487
5.3568e-06
7.2078e-06
0.57365
12.95
0.93082
12.956
4.2671
12.95
0.0013526
0.018946
0.0072288
-0.003059
0.1378
0.12037
0.00092126
0.68424
0.31576
0.2391
0.11035
0.11861
0.53194
2.0293
0.005835
-0.00073436
0.10039
0.52414
8.0898
-7.46e+05
-47.8
0.0743
0.9717
129.43
8.5547
-85.533
1.3959
0.00040354
0.036687
0.023293
0.25477
0.13012
0.75353
0.00057005
0.00040475
7.2211e-06
0.096364
0.11667
0.98215
0.0091749
0.080065
0.98653
0.99131
0.001414
0.0040636
0.98711
0.18218
0.0040763
0.16487
5.351e-06
7.2016e-06
0.57371
12.948
0.93075
12.954
4.2668
12.948
0.0013473
0.018942
0.0072139
-0.015454
0.1378
0.12038
0.00092154
0.65011
0.34989
0.21954
0.11689
0.1209
0.54268
2.0614
0.0057233
-0.00080644
0.099989
0.52353
19.492
-1.0595e+07
-47.8
0.0743
0.9717
129.43
8.5547
-85.533
1.396
0.00040454
0.036775
0.023314
0.25486
0.13012
0.75365
0.00057061
0.00040946
7.2212e-06
0.096353
0.11664
0.98215
0.009175
0.080064
0.98653
0.99131
0.001414
0.0040636
0.98711
0.18218
0.0040763
0.16487
5.3468e-06
7.1962e-06
0.57372
12.947
0.93073
12.953
4.2667
12.947
0.001363
0.018937
0.0072576
0.027132
0.1378
0.12038
0.00092193
0.72908
0.27092
0.26923
0.10168
0.11457
0.51453
1.9852
0.005966
-0.00064999
0.10114
0.52498
0.28501
-1.1144e+05
-47.8
0.0743
0.9717
129.43
8.5547
-85.533
1.396
0.00040508
0.036821
0.023319
0.25487
0.1301
0.75369
0.00057077
0.00041258
7.2212e-06
0.096363
0.11664
0.98215
0.009175
0.080064
0.98653
0.99131
0.001414
0.0040636
0.98711
0.18218
0.0040763
0.16487
5.3403e-06
7.1861e-06
0.57367
12.948
0.93075
12.954
4.2668
12.948
0.0013733
0.018933
0.0072848
0.026004
0.1378
0.12038
0.00092221
0.79223
0.20777
0.31994
0.087732
0.10756
0.48477
1.919
0.0062014
-0.00049898
0.102
0.52597
0.26758
-1.3377e+06
-47.8
0.0743
0.9717
129.43
8.5547
-85.533
1.3959
0.00040408
0.036733
0.023299
0.25474
0.1301
0.7536
0.00057024
0.00040811
7.2212e-06
0.096433
0.11675
0.98215
0.009175
0.080063
0.98653
0.99131
0.001414
0.0040636
0.98711
0.18218
0.0040763
0.16487
5.3474e-06
7.1916e-06
0.57353
12.95
0.9308
12.955
4.267
12.95
0.0013578
0.018941
0.0072391
-0.0096983
0.1378
0.12038
0.00092236
0.67389
0.32611
0.23498
0.11316
0.11872
0.53313
2.0396
0.0057701
-0.00077614
0.10066
0.52368
12.87
-2.1399e+06
-47.8
0.0743
0.9717
129.43
8.5547
-85.533
1.396
0.00040493
0.036807
0.023299
0.2547
0.13003
0.75364
0.00057026
0.00041386
7.2212e-06
0.096442
0.11675
0.98215
0.009175
0.080063
0.98653
0.99131
0.001414
0.0040636
0.98711
0.18218
0.0040763
0.16487
5.329e-06
7.1642e-06
0.57344
12.952
0.93087
12.958
4.2673
12.952
0.0013778
0.018933
0.0072923
0.025886
0.1378
0.12038
0.00092268
0.79625
0.20375
0.3261
0.087208
0.10655
0.48014
1.9168
0.0062008
-0.00049932
0.1022
0.52527
0.2643
-1.4266e+06
-47.8
0.0743
0.9717
129.43
8.5547
-85.533
1.3958
0.0004053
0.036841
0.023266
0.25456
0.12991
0.75344
0.00056945
0.0004172
7.2212e-06
0.096405
0.1167
0.98215
0.009175
0.080063
0.98653
0.99131
0.001414
0.0040636
0.98711
0.18218
0.0040763
0.16487
5.2933e-06
7.1151e-06
0.5734
12.953
0.93091
12.959
4.2675
12.953
0.0013923
0.018916
0.0073355
0.022555
0.1378
0.1204
0.00092299
0.92252
0.077478
0.50646
0.048628
0.078578
0.36634
1.7216
0.0069741
-7.6272e-06
0.1052
0.5288
0.19071
-1.3231e+13
-47.8
0.0743
0.9717
129.43
8.5547
-85.533
1.3959
0.00040558
0.036865
0.023291
0.25468
0.12997
0.75359
0.00057009
0.00041733
7.2212e-06
0.096433
0.11673
0.98215
0.009175
0.080062
0.98653
0.99131
0.001414
0.0040636
0.98711
0.18218
0.0040763
0.16487
5.3089e-06
7.1357e-06
0.57339
12.952
0.93088
12.958
4.2674
12.952
0.001392
0.018919
0.0073353
0.023142
0.1378
0.1204
0.00092338
0.90603
0.09397
0.47132
0.055031
0.084279
0.38937
1.7567
0.0068249
-0.00010198
0.10461
0.52824
0.20647
-6.7452e+11
-47.8
0.0743
0.9717
129.43
8.5547
-85.533
1.3961
0.00040505
0.036818
0.023332
0.25486
0.13013
0.7538
0.0005711
0.00041132
7.2212e-06
0.096502
0.11682
0.98215
0.009175
0.080062
0.98653
0.99131
0.001414
0.0040636
0.98711
0.18218
0.0040763
0.16487
5.3567e-06
7.2001e-06
0.5734
12.949
0.93079
12.955
4.2669
12.949
0.0013689
0.018938
0.0072711
0.0037015
0.1378
0.12038
0.0009238
0.70138
0.29862
0.25428
0.10855
0.11595
0.52121
2.0125
0.0058256
-0.00074023
0.10139
0.52425
5.5372
-3.7443e+05
-47.8
0.0743
0.9717
129.43
8.5547
-85.533
1.3963
0.00040629
0.036929
0.023372
0.2551
0.13018
0.754
0.00057213
0.00041571
7.2212e-06
0.096465
0.11675
0.98215
0.009175
0.080062
0.98653
0.99131
0.001414
0.0040636
0.98711
0.18218
0.0040763
0.16487
5.3617e-06
7.2097e-06
0.57349
12.946
0.93069
12.952
4.2665
12.946
0.0013848
0.018931
0.0073193
0.025293
0.1378
0.12039
0.00092435
0.82513
0.17487
0.35472
0.079929
0.10219
0.46316
1.88
0.006297
-0.00043765
0.10265
0.52658
0.25248
-2.1327e+07
-47.8
0.0743
0.9717
129.43
8.5547
-85.533
1.3962
0.00040569
0.036874
0.023354
0.25502
0.13017
0.75387
0.00057165
0.00041261
7.2212e-06
0.096453
0.11674
0.98215
0.009175
0.080062
0.98653
0.99131
0.001414
0.0040636
0.98711
0.18218
0.0040763
0.16487
5.3613e-06
7.2101e-06
0.57352
12.944
0.93063
12.95
4.2662
12.944
0.0013732
0.018932
0.0072863
0.0089997
0.1378
0.12039
0.00092476
0.70753
0.29247
0.25894
0.10755
0.11519
0.51832
2.0044
0.0058318
-0.00073617
0.10168
0.52488
3.8029
-2.571e+05
-47.8
0.0743
0.9717
129.43
8.5547
-85.533
1.3962
0.00040683
0.036975
0.023351
0.25504
0.13008
0.75384
0.00057162
0.00041937
7.2213e-06
0.096383
0.11663
0.98215
0.009175
0.080062
0.98653
0.99131
0.001414
0.0040636
0.98711
0.18218
0.0040763
0.16487
5.3332e-06
7.174e-06
0.57358
12.943
0.9306
12.949
4.2661
12.943
0.0013977
0.018913
0.0073555
0.023634
0.13779
0.12041
0.00092523
0.89051
0.10949
0.4429
0.060537
0.088707
0.40785
1.7838
0.0066662
-0.00020252
0.10418
0.52831
0.21624
-5.5512e+10
-47.8
0.0743
0.9717
129.43
8.5547
-85.533
1.3962
0.00040656
0.03695
0.023354
0.25503
0.13011
0.75387
0.0005717
0.0004177
7.2213e-06
0.096415
0.11668
0.98215
0.009175
0.080061
0.98653
0.99131
0.001414
0.0040636
0.98711
0.18218
0.0040763
0.16487
5.3434e-06
7.1866e-06
0.57355
12.943
0.93059
12.949
4.266
12.943
0.0013908
0.018919
0.007334
0.025623
0.13779
0.1204
0.0009256
0.80705
0.19295
0.33975
0.085206
0.10417
0.47088
1.9009
0.0061936
-0.00050377
0.10296
0.52623
0.25539
-3.3119e+06
-47.8
0.0743
0.9717
129.43
8.5547
-85.533
1.3962
0.00040648
0.036943
0.023358
0.25503
0.13013
0.75391
0.0005718
0.00041697
7.2213e-06
0.096446
0.11672
0.98215
0.009175
0.080061
0.98653
0.99131
0.001414
0.0040636
0.98711
0.18218
0.0040763
0.16487
5.3493e-06
7.1931e-06
0.57349
12.943
0.9306
12.949
4.2661
12.943
0.0013883
0.01892
0.0073273
0.026054
0.13779
0.1204
0.00092592
0.78426
0.21574
0.31935
0.091007
0.10698
0.48267
1.9267
0.0060902
-0.00056994
0.10274
0.5258
0.26181
-4.5206e+05
-47.8
0.0743
0.9717
129.43
8.5547
-85.533
1.3962
0.00040718
0.037007
0.02336
0.25506
0.13008
0.75392
0.00057185
0.00042039
7.2213e-06
0.096434
0.11669
0.98215
0.009175
0.080061
0.98653
0.99131
0.001414
0.0040636
0.98711
0.18218
0.0040763
0.16487
5.3344e-06
7.172e-06
0.57346
12.944
0.93062
12.95
4.2662
12.944
0.0014028
0.018908
0.0073714
0.022523
0.13779
0.12041
0.0009262
0.9232
0.076797
0.50744
0.048318
0.078343
0.3659
1.72
0.0069016
-5.3266e-05
0.10493
0.52902
0.18798
-9.4246e+12
-47.8
0.0743
0.9717
129.43
8.5547
-85.533
1.3963
0.00040694
0.036983
0.023382
0.25511
0.13017
0.75404
0.00057241
0.0004181
7.2213e-06
0.096514
0.1168
0.98215
0.009175
0.080061
0.98653
0.99131
0.001414
0.0040636
0.98711
0.18218
0.0040763
0.16487
5.3605e-06
7.2045e-06
0.57337
12.944
0.93064
12.95
4.2663
12.945
0.0013921
0.018924
0.0073379
0.025924
0.13779
0.1204
0.00092643
0.7902
0.2098
0.32587
0.089798
0.10599
0.47834
1.9197
0.0061071
-0.00055904
0.10298
0.52595
0.25931
-6.6406e+05
-47.8
0.0743
0.9717
129.43
8.5547
-85.533
1.3964
0.00040764
0.037046
0.023398
0.25518
0.13017
0.7541
0.00057283
0.00042115
7.2213e-06
0.096533
0.11681
0.98215
0.009175
0.080061
0.98653
0.99131
0.001414
0.0040636
0.98711
0.18218
0.0040763
0.16487
5.3586e-06
7.2002e-06
0.57331
12.945
0.93067
12.951
4.2664
12.946
0.0014032
0.018921
0.0073691
0.024406
0.13779
0.1204
0.00092663
0.86019
0.13981
0.40193
0.070687
0.094915
0.43247
1.8322
0.006446
-0.00034249
0.10384
0.52719
0.23129
-7.4925e+08
-47.8
0.0743
0.9717
129.43
8.5547
-85.533
1.3964
0.00040798
0.037076
0.023398
0.25518
0.13014
0.75409
0.00057285
0.0004226
7.2213e-06
0.096547
0.11682
0.98215
0.009175
0.080061
0.98653
0.99131
0.001414
0.0040636
0.98711
0.18218
0.0040763
0.16487
5.3519e-06
7.1894e-06
0.57325
12.947
0.93071
12.953
4.2666
12.947
0.0014096
0.018917
0.0073884
0.022565
0.13779
0.1204
0.00092678
0.92138
0.078618
0.5056
0.049172
0.078634
0.36659
1.724
0.0068764
-6.9127e-05
0.10501
0.52886
0.18847
-5.9039e+12
-47.8
0.0743
0.9717
129.43
8.5547
-85.533
1.3965
0.00040784
0.037062
0.023419
0.25523
0.13021
0.75421
0.00057337
0.00042099
7.2213e-06
0.09662
0.11692
0.98215
0.009175
0.080061
0.98653
0.99131
0.001414
0.0040636
0.98711
0.18218
0.0040763
0.16487
5.3741e-06
7.2166e-06
0.57316
12.948
0.93074
12.954
4.2667
12.948
0.0014019
0.01893
0.0073645
0.025133
0.13779
0.12039
0.00092689
0.82807
0.17193
0.36508
0.080205
0.10034
0.45438
1.8746
0.0062729
-0.00045288
0.10367
0.52665
0.24528
-2.068e+07
-47.8
0.0743
0.9717
129.43
8.5547
-85.533
1.3965
0.00040841
0.037113
0.023429
0.25528
0.1302
0.75424
0.00057364
0.00042361
7.2213e-06
0.096634
0.11693
0.98215
0.009175
0.080061
0.98653
0.99131
0.001414
0.0040636
0.98711
0.18218
0.0040763
0.16487
5.37e-06
7.2094e-06
0.57311
12.949
0.93078
12.955
4.2669
12.949
0.0014118
0.018926
0.0073921
0.023357
0.13779
0.12039
0.00092697
0.89751
0.10249
0.45959
0.058412
0.085983
0.39602
1.7723
0.006683
-0.0001917
0.10451
0.52801
0.2081
-9.9305e+10
-47.8
0.0743
0.9717
129.43
8.5547
-85.533
1.3965
0.00040852
0.037123
0.023427
0.25525
0.13019
0.75422
0.00057359
0.00042441
7.2213e-06
0.096649
0.11695
0.98215
0.009175
0.08006
0.98653
0.99131
0.001414
0.0040636
0.98711
0.18218
0.0040763
0.16487
5.3662e-06
7.203e-06
0.57306
12.95
0.93081
12.956
4.2671
12.95
0.0014145
0.018925
0.0073988
0.022941
0.13779
0.12039
0.000927
0.91005
0.089947
0.48381
0.053785
0.082138
0.38027
1.7482
0.0067798
-0.00013029
0.10485
0.52833
0.19866
-7.3136e+11
-47.8
0.0743
0.9717
129.43
8.5547
-85.533
1.3965
0.00040853
0.037123
0.023432
0.25527
0.1302
0.75426
0.00057374
0.00042421
7.2213e-06
0.09667
0.11697
0.98215
0.009175
0.08006
0.98653
0.99131
0.001414
0.0040636
0.98711
0.18218
0.0040763
0.16487
5.3712e-06
7.2088e-06
0.57303
12.95
0.93083
12.956
4.2671
12.951
0.0014136
0.018928
0.0073958
0.023414
0.13779
0.12039
0.00092702
0.89523
0.10477
0.45682
0.059318
0.086414
0.39745
1.7763
0.0066672
-0.00020169
0.10459
0.52788
0.20982
-6.9106e+10
