-85.786
1.3912
0.00035636
0.032537
0.021618
0.24418
0.12772
0.74812
0.00052662
0.00029387
6.9236e-06
0.096706
0.11882
0.98276
0.0089851
0.079398
0.98726
0.99166
0.0013555
0.0039965
0.9874
0.18429
0.0040149
0.16591
4.9752e-06
6.6393e-06
0.57163
13.043
0.93373
13.046
4.2805
13.043
0.00099438
0.018464
0.0059444
0.026094
0.13773
0.12083
0.00095395
0.94996
0.050037
0.62774
0.035775
0.062667
0.27382
2.0236
0.0073724
0.00022959
0.074423
0.43318
-13.767
-44173
-47.8
0.0743
0.9717
129.43
8.5547
-85.786
1.3891
0.00035186
0.032137
0.021361
0.243
0.12725
0.74564
0.00052004
0.00028087
6.9236e-06
0.09654
0.11869
0.98276
0.0089851
0.079397
0.98726
0.99166
0.0013555
0.0039965
0.9874
0.18428
0.0040149
0.16591
4.8676e-06
6.4968e-06
0.57167
13.042
0.9337
13.045
4.2804
13.042
0.0009506
0.018422
0.0057597
0.12663
0.13773
0.12087
0.00095414
0.99298
0.007018
0.88558
0.006985
0.018205
0.089225
1.7224
0.0068816
-8.2014e-05
0.073412
0.42863
-16.698
-11008
-47.8
0.0743
0.9717
129.43
8.5547
-85.786
1.391
0.00035497
0.032416
0.021609
0.24407
0.12779
0.74782
0.00052631
0.00028605
6.9236e-06
0.096866
0.11907
0.98276
0.0089851
0.079396
0.98726
0.99166
0.0013555
0.0039965
0.9874
0.18428
0.0040149
0.16591
5.0023e-06
6.6683e-06
0.57137
13.046
0.93383
13.05
4.281
13.047
0.00096856
0.018484
0.005852
-0.015409
0.13774
0.12081
0.00095289
0.97953
0.020465
0.77501
0.017894
0.036455
0.17064
1.8822
0.0071218
7.1356e-05
0.073069
0.43079
-18.915
-31101
-47.8
0.0743
0.9717
129.43
8.5547
-85.786
1.3916
0.00035691
0.032588
0.021715
0.2446
0.12799
0.74857
0.00052904
0.00028923
6.9236e-06
0.09697
0.11914
0.98276
0.0089851
0.079395
0.98726
0.99166
0.0013555
0.0039965
0.9874
0.18428
0.0040149
0.16591
5.0487e-06
6.7281e-06
0.57129
13.046
0.93383
13.05
4.2809
13.047
0.00097892
0.018506
0.0058934
-0.013999
0.13774
0.12079
0.0009523
0.97992
0.020081
0.77773
0.017632
0.035955
0.16868
1.8685
0.0071097
6.3725e-05
0.073901
0.43323
-19.218
-29814
-47.8
0.0743
0.9717
129.43
8.5547
-85.786
1.3918
0.00035812
0.032695
0.021758
0.24486
0.12805
0.74882
0.00053015
0.0002923
6.9236e-06
0.096968
0.11908
0.98276
0.0089851
0.079394
0.98726
0.99166
0.0013555
0.0039965
0.9874
0.18428
0.0040149
0.16591
5.0581e-06
6.742e-06
0.57134
13.044
0.93375
13.047
4.2806
13.044
0.00098881
0.018514
0.0059304
-0.015262
0.13774
0.12078
0.00095212
0.97759
0.022405
0.76536
0.019325
0.038011
0.1773
1.8803
0.0071188
6.966e-05
0.074424
0.43456
-18.917
-31096
-47.8
0.0743
0.9717
129.43
8.5547
-85.786
1.3921
0.00035911
0.032782
0.021787
0.24505
0.12807
0.74911
0.0005309
0.00029641
6.9236e-06
0.096931
0.119
0.98276
0.0089851
0.079393
0.98726
0.99166
0.0013555
0.0039965
0.9874
0.18428
0.0040149
0.16591
5.0589e-06
6.7457e-06
0.57144
13.041
0.93366
13.044
4.2802
13.041
0.0010022
0.018514
0.0059821
0.010952
0.13774
0.12078
0.00095231
0.95847
0.041532
0.66591
0.031335
0.055093
0.24766
1.9779
0.0072691
0.00016528
0.074995
0.43614
-15.074
-40577
-47.8
0.0743
0.9717
129.43
8.5547
-85.786
1.3913
0.00035742
0.032631
0.021691
0.24459
0.1279
0.74825
0.00052845
0.00029136
6.9236e-06
0.096864
0.11894
0.98276
0.0089851
0.079392
0.98726
0.99166
0.0013555
0.0039965
0.9874
0.18428
0.0040149
0.16591
5.0196e-06
6.6942e-06
0.57147
13.039
0.93361
13.043
4.2799
13.04
0.00098517
0.018499
0.0059091
-0.0022901
0.13774
0.12079
0.00095256
0.98308
0.016924
0.80364
0.015288
0.031635
0.14943
1.8344
0.0070524
2.7031e-05
0.074811
0.43443
-19.624
-25996
-47.8
0.0743
0.9717
129.43
8.5547
-85.786
1.3921
0.0003584
0.03272
0.021761
0.24489
0.12803
0.74912
0.00053022
0.00029507
6.9236e-06
0.096927
0.11902
0.98276
0.0089851
0.079391
0.98726
0.99166
0.0013555
0.0039965
0.9874
0.18428
0.0040149
0.16591
5.0527e-06
6.7371e-06
0.57143
13.039
0.93361
13.043
4.2799
13.04
0.00099839
0.018506
0.0059689
0.013026
0.13774
0.12079
0.00095293
0.95799
0.042012
0.66397
0.031599
0.055589
0.24885
1.9829
0.0072773
0.00017027
0.074727
0.43547
-14.909
-40956
-47.8
0.0743
0.9717
129.43
8.5547
-85.786
1.3913
0.00035552
0.032465
0.021633
0.24421
0.12783
0.74817
0.00052693
0.00028739
6.9236e-06
0.09689
0.11907
0.98276
0.0089851
0.07939
0.98726
0.99166
0.0013555
0.0039965
0.9874
0.18428
0.0040149
0.16591
5.0124e-06
6.682e-06
0.57138
13.04
0.93363
13.044
4.2801
13.04
0.00097319
0.018488
0.0058712
-0.015014
0.13774
0.1208
0.00095338
0.97856
0.021439
0.77223
0.018619
0.036922
0.17223
1.8855
0.0071062
6.1612e-05
0.073414
0.43174
-18.832
-31411
-47.8
0.0743
0.9717
129.43
8.5547
-85.786
1.3893
0.00035116
0.032077
0.021364
0.24296
0.12731
0.74586
0.00052007
0.00027795
6.9236e-06
0.096658
0.11886
0.98276
0.0089851
0.079389
0.98726
0.99166
0.0013555
0.0039965
0.9874
0.18428
0.0040149
0.16591
4.8895e-06
6.5215e-06
0.57151
13.038
0.93356
13.041
4.2797
13.038
0.00094152
0.018434
0.00573
0.10387
0.13773
0.12085
0.0009544
0.99263
0.0073707
0.87763
0.0073149
0.019494
0.09556
1.7351
0.0069048
-6.7094e-05
0.072683
0.42767
-17.423
-12976
-47.8
0.0743
0.9717
129.43
8.5547
-85.786
1.3901
0.00035262
0.032207
0.021464
0.2434
0.12751
0.74676
0.00052261
0.00028084
6.9236e-06
0.096776
0.11899
0.98276
0.0089851
0.079389
0.98726
0.99166
0.0013555
0.0039965
0.9874
0.18428
0.0040149
0.16591
4.9397e-06
6.5858e-06
0.5714
13.038
0.93358
13.041
4.2798
13.039
0.00095121
0.018456
0.0057734
0.035989
0.13773
0.12083
0.00095423
0.98932
0.010677
0.84709
0.010216
0.024494
0.1182
1.7849
0.0069801
-1.9179e-05
0.072996
0.42921
-19.193
-19871
-47.8
0.0743
0.9717
129.43
8.5547
-85.786
1.3921
0.00035716
0.032611
0.021728
0.24466
0.12801
0.74911
0.00052936
0.00029149
6.9236e-06
0.096998
0.11917
0.98276
0.0089851
0.079388
0.98726
0.99166
0.0013555
0.0039965
0.9874
0.18427
0.0040149
0.16591
5.0552e-06
6.7361e-06
0.57127
13.039
0.93359
13.042
4.2799
13.039
0.00098767
0.018501
0.0059317
0.0057395
0.13774
0.12079
0.00095382
0.96367
0.036327
0.69152
0.028346
0.050934
0.2292
1.9649
0.007235
0.00014327
0.073968
0.43392
-15.654
-39229
-47.8
0.0743
0.9717
129.43
8.5547
-85.786
1.3918
0.00035657
0.032559
0.0217
0.24454
0.12797
0.74874
0.00052864
0.00028879
6.9236e-06
0.096996
0.11917
0.98276
0.0089851
0.079387
0.98726
0.99166
0.0013555
0.0039965
0.9874
0.18427
0.0040149
0.16591
5.0471e-06
6.725e-06
0.57126
13.038
0.93356
13.041
4.2797
13.038
0.00097815
0.018501
0.0058934
-0.014873
0.13774
0.12079
0.00095366
0.9778
0.022197
0.7681
0.019172
0.037597
0.17513
1.8858
0.0071021
5.9159e-05
0.073741
0.43305
-18.808
-31526
-47.8
0.0743
0.9717
129.43
8.5547
-85.786
1.3905
0.0003541
0.032339
0.021539
0.24382
0.12765
0.74729
0.00052452
0.00028317
6.9236e-06
0.096839
0.119
0.98276
0.0089851
0.079386
0.98726
0.99166
0.0013555
0.0039965
0.9874
0.18427
0.0040149
0.16591
4.9706e-06
6.6264e-06
0.57138
13.035
0.93348
13.039
4.2794
13.036
0.00095893
0.018471
0.0058059
0.045379
0.13773
0.12082
0.00095394
0.98941
0.010591
0.8472
0.01015
0.024454
0.1182
1.7761
0.0069745
-2.2672e-05
0.073576
0.43106
-18.979
-18851
-47.8
0.0743
0.9717
129.43
8.5547
-85.786
1.3912
0.00035531
0.032447
0.021623
0.2442
0.12782
0.7481
0.00052666
0.0002859
6.9236e-06
0.096911
0.11907
0.98276
0.0089851
0.079386
0.98726
0.99166
0.0013555
0.0039965
0.9874
0.18427
0.0040149
0.16591
5.0122e-06
6.6813e-06
0.57136
13.035
0.93347
13.038
4.2793
13.035
0.00096812
0.018489
0.0058496
-0.0053618
0.13774
0.1208
0.00095364
0.98354
0.016459
0.80352
0.014907
0.031676
0.1499
1.8414
0.0070533
2.7805e-05
0.07358
0.43205
-19.618
-26746
-47.8
0.0743
0.9717
129.43
8.5547
-85.786
1.3918
0.0003568
0.032579
0.021696
0.24456
0.12794
0.74883
0.00052854
0.00029045
6.9236e-06
0.096926
0.11906
0.98276
0.0089851
0.079385
0.98726
0.99166
0.0013555
0.0039965
0.9874
0.18427
0.0040149
0.16591
5.0379e-06
6.7171e-06
0.57142
13.033
0.9334
13.036
4.279
13.033
0.00098369
0.018498
0.0059154
-0.0081695
0.13774
0.12079
0.00095358
0.97106
0.028935
0.72904
0.023748
0.044268
0.20294
1.929
0.0071619
9.7222e-05
0.073668
0.43331
-17.153
-35878
-47.8
0.0743
0.9717
129.43
8.5547
-85.786
1.3907
0.00035493
0.032412
0.021552
0.24395
0.12765
0.74751
0.0005249
0.00028637
6.9236e-06
0.096742
0.11883
0.98276
0.0089851
0.079384
0.98726
0.99166
0.0013555
0.0039965
0.9874
0.18427
0.0040149
0.16591
4.9627e-06
6.6221e-06
0.57161
13.028
0.93327
13.032
4.2784
13.029
0.00096914
0.018469
0.0058436
0.030831
0.13773
0.12082
0.00095389
0.988
0.012004
0.83764
0.011342
0.026025
0.125
1.7895
0.0069891
-1.3435e-05
0.074167
0.43227
-19.268
-20588
-47.8
0.0743
0.9717
129.43
8.5547
-85.786
1.3916
0.00035677
0.032575
0.021654
0.24445
0.12783
0.74857
0.0005275
0.00029244
6.9236e-06
0.096778
0.11884
0.98276
0.0089851
0.079384
0.98726
0.99166
0.0013555
0.0039965
0.9874
0.18427
0.0040149
0.16591
5.003e-06
6.6774e-06
0.57167
13.026
0.93321
13.03
4.2781
13.027
0.00098997
0.018485
0.0059356
0.0067933
0.13774
0.12081
0.00095379
0.96267
0.037331
0.6871
0.028944
0.051679
0.23228
1.9699
0.0072373
0.00014469
0.074117
0.43376
-15.469
-39653
-47.8
0.0743
0.9717
129.43
8.5547
-85.786
1.3907
0.00035523
0.032437
0.021544
0.24397
0.12761
0.74751
0.00052471
0.00028827
6.9236e-06
0.096655
0.11869
0.98276
0.0089851
0.079383
0.98726
0.99166
0.0013555
0.0039965
0.9874
0.18427
0.0040149
0.16591
4.9488e-06
6.6082e-06
0.57179
13.023
0.93311
13.027
4.2777
13.024
0.00097494
0.018465
0.0058643
0.014771
0.13773
0.12082
0.00095391
0.98636
0.013637
0.82658
0.012684
0.027851
0.13289
1.8073
0.007006
-2.6903e-06
0.074398
0.43266
-19.532
-22758
-47.8
0.0743
0.9717
129.43
8.5547
-85.786
1.3917
0.00035731
0.032622
0.021651
0.24449
0.12779
0.74861
0.00052746
0.00029541
6.9236e-06
0.096706
0.11871
0.98276
0.0089851
0.079382
0.98726
0.99166
0.0013555
0.0039965
0.9874
0.18427
0.0040149
0.16591
4.9888e-06
6.6621e-06
0.5718
13.022
0.93308
13.026
4.2775
13.023
0.00099904
0.01848
0.0059655
0.025226
0.13773
0.12081
0.00095388
0.94838
0.051623
0.61919
0.036518
0.063791
0.2805
2.0226
0.007348
0.00021469
0.074759
0.43475
-13.783
-44275
-47.8
0.0743
0.9717
129.43
8.5547
-85.786
1.3909
0.00035548
0.032459
0.021565
0.24405
0.12765
0.74773
0.00052523
0.00028868
6.9236e-06
0.096705
0.11874
0.98276
0.0089851
0.079382
0.98726
0.99166
0.0013555
0.0039965
0.9874
0.18427
0.0040149
0.16591
4.9611e-06
6.623e-06
0.57172
13.023
0.93311
13.027
4.2776
13.023
0.00097634
0.018472
0.0058713
0.0076073
0.13773
0.12082
0.0009537
0.98552
0.01448
0.81986
0.013362
0.028957
0.13782
1.8161
0.0070147
2.9093e-06
0.074384
0.43284
-19.618
-23851
-47.8
0.0743
0.9717
129.43
8.5547
-85.786
1.3917
0.00035654
0.032555
0.021652
0.24441
0.12783
0.74871
0.00052745
0.00029196
6.9236e-06
0.096832
0.11891
0.98276
0.0089851
0.079381
0.98726
0.99166
0.0013555
0.0039965
0.9874
0.18427
0.0040149
0.16591
5.0082e-06
6.6817e-06
0.57157
13.026
0.93318
13.029
4.278
13.026
0.00098843
0.01849
0.0059304
0.009404
0.13774
0.1208
0.00095347
0.96121
0.038794
0.67717
0.029737
0.053382
0.23971
1.9777
0.0072534
0.00015492
0.074008
0.43356
-15.166
-40406
-47.8
0.0743
0.9717
129.43
8.5547
-85.786
1.3904
0.00035323
0.032261
0.021483
0.24357
0.12754
0.7472
0.00052312
0.00028263
6.9236e-06
0.096769
0.11891
0.98276
0.0089851
0.079381
0.98726
0.99166
0.0013555
0.0039965
0.9874
0.18427
0.0040149
0.16591
4.9451e-06
6.596e-06
0.57152
13.027
0.93323
13.03
4.2782
13.027
0.00095699
0.018468
0.0057974
0.030202
0.13774
0.12082
0.0009534
0.98882
0.011179
0.84058
0.010646
0.025543
0.12323
1.7883
0.0069785
-2.0198e-05
0.073263
0.43012
-19.289
-20461
-47.8
0.0743
0.9717
129.43
8.5547
-85.786
1.3903
0.0003524
0.032188
0.021462
0.24342
0.12752
0.74708
0.00052256
0.0002806
6.9236e-06
0.096804
0.119
0.98276
0.0089851
0.07938
0.98726
0.99166
0.0013555
0.0039965
0.9874
0.18427
0.0040149
0.16591
4.9465e-06
6.5957e-06
0.57144
13.028
0.93327
13.032
4.2784
13.029
0.00095041
0.018473
0.0057757
0.0022125
0.13774
0.12082
0.00095301
0.98666
0.013338
0.82109
0.01242
0.028772
0.13772
1.8229
0.0070218
7.4664e-06
0.07246
0.42863
-19.689
-24632
-47.8
0.0743
0.9717
129.43
8.5547
-85.786
1.3899
0.00035221
0.03217
0.021413
0.24326
0.1274
0.74654
0.00052132
0.00028051
6.9236e-06
0.096718
0.11885
0.98276
0.0089851
0.07938
0.98726
0.99166
0.0013555
0.0039965
0.9874
0.18427
0.0040149
0.16591
4.9108e-06
6.5507e-06
0.57154
13.026
0.9332
13.029
4.2781
13.026
0.00094983
0.01846
0.0057655
0.071719
0.13774
0.12083
0.00095286
0.99135
0.008645
0.8627
0.0084621
0.021913
0.10692
1.7537
0.0069157
-6.0151e-05
0.073029
0.42896
-18.292
-15863
-47.8
0.0743
0.9717
129.43
8.5547
-85.786
1.3917
0.00035656
0.032557
0.021658
0.24444
0.12785
0.74861
0.00052759
0.000291
6.9236e-06
0.096899
0.11898
0.98276
0.0089852
0.079379
0.98726
0.99166
0.0013555
0.0039965
0.9874
0.18427
0.0040149
0.16591
5.0152e-06
6.6885e-06
0.57148
13.026
0.93318
13.029
4.278
13.026
0.00098449
0.01851
0.005913
-0.013339
0.13774
0.12078
0.00095179
0.97315
0.026851
0.73597
0.022336
0.042982
0.19872
1.9176
0.0071459
8.6981e-05
0.073702
0.43299
-17.614
-34906
-47.8
0.0743
0.9717
129.43
8.5547
-85.786
1.3922
0.0003586
0.032736
0.021743
0.24491
0.12799
0.7492
0.00052979
0.00029603
6.9237e-06
0.09691
0.11891
0.98276
0.0089852
0.079379
0.98726
0.99166
0.0013555
0.0039965
0.9874
0.18427
0.0040149
0.16591
5.0405e-06
6.7244e-06
0.57156
13.023
0.93311
13.027
4.2776
13.024
0.0010004
0.018525
0.005973
-0.0025713
0.13774
0.12077
0.00095111
0.96497
0.035031
0.69285
0.027519
0.050238
0.2294
1.9497
0.0072062
0.00012543
0.074844
0.43583
-16.195
-38169
-47.8
0.0743
0.9717
129.43
8.5547
-85.786
1.3919
0.00035825
0.032705
0.021714
0.24481
0.12793
0.74884
0.00052904
0.00029497
6.9237e-06
0.09686
0.11884
0.98276
0.0089852
0.079378
0.98726
0.99165
0.0013555
0.0039965
0.9874
0.18426
0.004015
0.16591
5.0247e-06
6.7056e-06
0.57164
13.021
0.93305
13.025
4.2774
13.022
0.00099652
0.018525
0.0059549
-0.016261
0.13774
0.12077
0.00095051
0.97347
0.026532
0.73637
0.022132
0.04283
0.19866
1.9064
0.0071406
8.3554e-05
0.074549
0.435
-17.995
-33983
-47.8
0.0743
0.9717
129.43
8.5547
-85.786
1.3915
0.00035752
0.032639
0.021664
0.2446
0.12783
0.7484
0.00052778
0.0002932
6.9237e-06
0.096789
0.11875
0.98276
0.0089852
0.079378
0.98726
0.99165
0.0013555
0.0039965
0.9874
0.18426
0.004015
0.16591
4.9999e-06
6.6751e-06
0.57174
13.019
0.93299
13.023
4.2771
13.02
0.00099054
0.018519
0.0059295
-0.016874
0.13774
0.12077
0.00095014
0.97948
0.020518
0.77171
0.017946
0.036903
0.17344
1.8669
0.0070872
4.9254e-05
0.074515
0.43423
-19.238
-29861
-47.8
0.0743
0.9717
129.43
8.5547
-85.786
1.3918
0.00035835
0.032713
0.021695
0.24478
0.12787
0.74874
0.00052858
0.00029647
6.9237e-06
0.096761
0.11868
0.98276
0.0089852
0.079377
0.98726
0.99165
0.0013555
0.0039965
0.9874
0.18426
0.004015
0.16591
5.0056e-06
6.6853e-06
0.57183
13.017
0.93292
13.021
4.2768
13.018
0.0010009
0.018522
0.0059702
-0.0084373
0.13774
0.12077
0.00094995
0.96771
0.032287
0.70449
0.025822
0.048203
0.22148
1.9368
0.0071894
0.00011461
0.074859
0.43553
-16.718
-37011
-47.8
0.0743
0.9717
129.43
8.5547
-85.786
1.3918
0.00035857
0.032731
0.021692
0.24479
0.12785
0.74873
0.00052853
0.00029752
6.9237e-06
0.09672
0.11862
0.98276
0.0089852
0.079377
0.98726
0.99165
0.0013555
0.0039965
0.9874
0.18426
0.004015
0.16591
4.9987e-06
6.6783e-06
0.57191
13.015
0.93286
13.019
4.2765
13.016
0.001004
0.01852
0.0059806
-0.0084247
0.13774
0.12077
0.0009499
0.9672
0.032797
0.70276
0.026152
0.048484
0.2226
1.9376
0.0071862
0.0001126
0.075081
0.43589
-16.682
-37091
-47.8
0.0743
0.9717
129.43
8.5547
-85.786
1.3917
0.00035853
0.032727
0.021682
0.24476
0.12783
0.74869
0.00052828
0.00029792
6.9237e-06
0.096692
0.11858
0.98276
0.0089852
0.079377
0.98726
0.99165
0.0013555
0.0039965
0.9874
0.18426
0.004015
0.16591
4.9913e-06
6.6696e-06
0.57196
13.014
0.93281
13.018
4.2763
13.014
0.0010052
0.018517
0.0059843
-0.0050059
0.13774
0.12078
0.00094998
0.9652
0.034799
0.69268
0.027368
0.050195
0.22976
1.9474
0.0071994
0.00012101
0.075162
0.43596
-16.277
-38001
-47.8
0.0743
0.9717
129.43
8.5547
-85.786
1.3916
0.00035813
0.032692
0.021659
0.24464
0.12778
0.74855
0.00052768
0.00029733
6.9237e-06
0.096676
0.11857
0.98276
0.0089852
0.079376
0.98726
0.99165
0.0013555
0.0039965
0.9874
0.18426
0.004015
0.16591
4.9807e-06
6.6556e-06
0.57196
13.013
0.9328
13.017
4.2762
13.014
0.0010032
0.018512
0.0059758
-0.010143
0.13774
0.12078
0.00095015
0.96815
0.031847
0.70931
0.025581
0.047387
0.21772
1.9343
0.0071671
0.00010038
0.075021
0.43544
-16.85
-36705
-47.8
0.0743
0.9717
129.43
8.5547
-85.786
1.3915
0.00035765
0.032649
0.021628
0.24448
0.12771
0.74845
0.00052689
0.00029792
6.9237e-06
0.096656
0.11856
0.98276
0.0089852
0.079376
0.98726
0.99165
0.0013555
0.0039965
0.9874
0.18426
0.004015
0.16591
4.9653e-06
6.6345e-06
0.57194
13.014
0.93281
13.017
4.2763
13.014
0.0010048
0.018504
0.0059803
0.022734
0.13774
0.12079
0.00095053
0.94627
0.053725
0.60085
0.037242
0.06608
0.29582
2.0274
0.0073422
0.00021203
0.075136
0.43524
-13.743
-44931
-47.8
0.0743
0.9717
129.43
8.5547
-85.786
1.3904
0.00035455
0.032375
0.021487
0.24375
0.12749
0.74717
0.00052328
0.00028769
6.9237e-06
0.096662
0.11865
0.98276
0.0089852
0.079376
0.98726
0.99165
0.0013555
0.0039965
0.9874
0.18426
0.004015
0.16591
4.9213e-06
6.5715e-06
0.57178
13.017
0.93291
13.02
4.2767
13.017
0.00097225
0.018488
0.0058503
0.021318
0.13774
0.1208
0.00095063
0.98781
0.012187
0.8333
0.011493
0.026722
0.12849
1.7939
0.0069503
-3.8301e-05
0.074153
0.43162
-19.397
-21309
-47.8
0.0743
0.9717
129.43
8.5547
-85.786
1.3915
0.00035582
0.03249
0.021609
0.24422
0.12775
0.74843
0.00052635
0.0002908
6.9237e-06
0.096869
0.11894
0.98276
0.0089852
0.079375
0.98726
0.99165
0.0013555
0.0039965
0.9874
0.18426
0.004015
0.16591
4.9924e-06
6.6592e-06
0.57152
13.022
0.93305
13.025
4.2774
13.022
0.00098341
0.018516
0.0059075
-0.0013555
0.13774
0.12078
0.00095041
0.96625
0.033754
0.69349
0.026634
0.050202
0.22967
1.9583
0.0072132
0.00012968
0.073621
0.43253
-15.907
-38871
-47.8
0.0743
0.9717
129.43
8.5547
-85.786
1.3904
0.00035325
0.032263
0.021477
0.24357
0.12753
0.74718
0.00052297
0.00028321
6.9237e-06
0.096834
0.11895
0.98276
0.0089852
0.079375
0.98726
0.99165
0.0013555
0.0039965
0.9874
0.18426
0.004015
0.16591
4.9433e-06
6.5914e-06
0.57144
13.023
0.93311
13.027
4.2777
13.024
0.0009584
0.018499
0.0058022
0.012096
0.13774
0.12079
0.00095045
0.98782
0.012179
0.82872
0.01148
0.027481
0.13232
1.8036
0.0069701
-2.5659e-05
0.073068
0.42964
-19.58
-22532
-47.8
0.0743
0.9717
129.43
8.5547
-85.786
1.39
0.00035275
0.032218
0.021437
0.2434
0.12744
0.74675
0.00052196
0.00028187
6.9237e-06
0.096811
0.11892
0.98276
0.0089852
0.079375
0.98726
0.99165
0.0013555
0.0039965
0.9874
0.18426
0.004015
0.16591
4.9226e-06
6.5635e-06
0.57142
13.023
0.93311
13.027
4.2777
13.024
0.00095396
0.018492
0.0057812
0.055225
0.13774
0.1208
0.0009504
0.99074
0.0092578
0.85482
0.0090044
0.023189
0.11299
1.7626
0.0068999
-7.0248e-05
0.073134
0.42929
-18.679
-17266
-47.8
0.0743
0.9717
129.43
8.5547
-85.786
1.3917
0.00035658
0.032558
0.021668
0.24448
0.12789
0.74872
0.00052783
0.00029089
6.9237e-06
0.097016
0.1191
0.98276
0.0089852
0.079375
0.98726
0.99165
0.0013555
0.0039965
0.9874
0.18426
0.004015
0.16591
5.0268e-06
6.6991e-06
0.5713
13.025
0.93315
13.028
4.2778
13.025
0.00098375
0.018539
0.0059094
-0.013424
0.13774
0.12075
0.00094957
0.97185
0.02815
0.72265
0.023132
0.045168
0.20905
1.9258
0.0071526
9.12e-05
0.073641
0.43297
-17.252
-35921
-47.8
0.0743
0.9717
129.43
8.5547
-85.786
1.3918
0.00035746
0.032636
0.021702
0.24468
0.12794
0.74882
0.00052872
0.00029205
6.9237e-06
0.097022
0.11906
0.98276
0.0089852
0.079374
0.98726
0.99165
0.0013555
0.0039965
0.9874
0.18426
0.004015
0.16591
5.0369e-06
6.7135e-06
0.57134
13.023
0.93311
13.027
4.2776
13.024
0.00098727
0.018548
0.00592
-0.019974
0.13774
0.12074
0.00094904
0.97886
0.021139
0.76398
0.018371
0.038176
0.17948
1.8742
0.0070801
4.4845e-05
0.074116
0.43382
-19.099
-30776
-47.8
0.0743
0.9717
129.43
8.5547
-85.786
1.3918
0.00035793
0.032676
0.021706
0.24475
0.12793
0.74876
0.00052884
0.00029359
6.9237e-06
0.096973
0.11896
0.98276
0.0089852
0.079374
0.98726
0.99165
0.0013555
0.0039965
0.9874
0.18426
0.004015
0.16591
5.0298e-06
6.7069e-06
0.57144
13.021
0.93303
13.025
4.2773
13.021
0.00099194
0.018549
0.0059356
-0.020404
0.13775
0.12074
0.00094871
0.97819
0.021809
0.76024
0.018855
0.038791
0.18212
1.8768
0.0070819
4.6e-05
0.074382
0.43435
-19.027
-31066
-47.8
0.0743
0.9717
129.43
8.5547
-85.786
1.392
0.00035882
0.032754
0.021731
0.24492
0.12795
0.74901
0.00052949
0.00029718
6.9237e-06
0.096922
0.11887
0.98276
0.0089852
0.079374
0.98726
0.99165
0.0013555
0.0039965
0.9874
0.18426
0.004015
0.16591
5.0291e-06
6.7094e-06
0.57157
13.018
0.93296
13.022
4.277
13.019
0.001003
0.01855
0.0059779
-0.0084743
0.13775
0.12074
0.00094854
0.96648
0.033519
0.69612
0.026553
0.049569
0.22776
1.9413
0.0071745
0.00010526
0.07501
0.43596
-16.532
-37562
-47.8
0.0743
0.9717
129.43
8.5547
-85.786
1.3919
0.00035863
0.032737
0.021708
0.24483
0.12789
0.74889
0.00052892
0.00029776
6.9237e-06
0.096862
0.11879
0.98276
0.0089852
0.079374
0.98726
0.99165
0.0013555
0.0039965
0.9874
0.18426
0.004015
0.16591
5.0135e-06
6.6911e-06
0.57166
13.017
0.93291
13.021
4.2767
13.017
0.0010046
0.018544
0.0059828
0.0045642
0.13775
0.12075
0.00094843
0.95939
0.040614
0.65933
0.030622
0.055837
0.25421
1.9743
0.0072356
0.0001442
0.075122
0.43598
-15.193
-40600
-47.8
0.0743
0.9717
129.43
8.5547
-85.786
1.3912
0.00035678
0.032573
0.021614
0.24437
0.12773
0.74805
0.0005265
0.00029208
6.9237e-06
0.096806
0.11875
0.98276
0.0089852
0.079374
0.98726
0.99165
0.0013555
0.0039965
0.9874
0.18426
0.004015
0.16591
4.9779e-06
6.6442e-06
0.57168
13.017
0.93291
13.021
4.2767
13.017
0.00098641
0.018533
0.0059092
-0.01228
0.13775
0.12076
0.00094824
0.98283
0.01717
0.79196
0.01545
0.033516
0.15908
1.8408
0.0070205
6.5828e-06
0.074472
0.43347
-19.64
-27089
-47.8
0.0743
0.9717
129.43
8.5547
-85.786
1.3916
0.00035759
0.032645
0.021664
0.2446
0.12783
0.74859
0.00052779
0.00029496
6.9237e-06
0.096839
0.11879
0.98276
0.0089852
0.079374
0.98726
0.99165
0.0013555
0.0039965
0.9874
0.18426
0.004015
0.16591
5.0003e-06
6.674e-06
0.57168
13.017
0.93291
13.021
4.2767
13.017
0.00099573
0.018541
0.0059494
-0.009234
0.13775
0.12075
0.00094808
0.96769
0.032313
0.69942
0.025766
0.049031
0.22579
1.9415
0.0071795
0.00010834
0.074483
0.43454
-16.542
-37547
-47.8
0.0743
0.9717
129.43
8.5547
-85.786
1.3913
0.00035707
0.032598
0.021623
0.24442
0.12774
0.74819
0.00052674
0.0002934
6.9237e-06
0.096786
0.11872
0.98276
0.0089852
0.079373
0.98726
0.99165
0.0013555
0.0039965
0.9874
0.18426
0.004015
0.16591
4.9783e-06
6.6462e-06
0.57173
13.016
0.93287
13.019
4.2766
13.016
0.00099058
0.018534
0.0059253
-0.01959
0.13775
0.12076
0.00094808
0.98025
0.019751
0.77428
0.017375
0.036453
0.17189
1.8627
0.0070508
2.5962e-05
0.074462
0.43367
-19.358
-29508
-47.8
0.0743
0.9717
129.43
8.5547
-85.786
1.3917
0.00035835
0.032711
0.021669
0.24468
0.12779
0.74869
0.00052794
0.00029873
6.9237e-06
0.096761
0.11865
0.98276
0.0089852
0.079373
0.98726
0.99165
0.0013555
0.0039965
0.9874
0.18426
0.004015
0.16591
4.9861e-06
6.6588e-06
0.57182
13.014
0.93282
13.018
4.2763
13.014
0.0010072
0.018534
0.0059892
0.01193
0.13775
0.12076
0.00094827
0.95417
0.04583
0.63454
0.033383
0.060071
0.27201
1.9956
0.0072686
0.00016529
0.075299
0.43592
-14.462
-42453
-47.8
0.0743
0.9717
129.43
8.5547
-85.786
1.3916
0.00035783
0.032665
0.021644
0.24455
0.12775
0.74851
0.00052731
0.00029759
6.9237e-06
0.096755
0.11866
0.98276
0.0089852
0.079373
0.98726
0.99165
0.0013555
0.0039965
0.9874
0.18426
0.004015
0.16591
4.9776e-06
6.647e-06
0.5718
13.014
0.93283
13.018
4.2764
13.015
0.0010036
0.018531
0.0059758
0.010945
0.13775
0.12076
0.00094829
0.95553
0.044473
0.64033
0.032662
0.059112
0.26789
1.9933
0.0072652
0.00016302
0.075041
0.43525
-14.549
-42212
-47.8
0.0743
0.9717
129.43
8.5547
-85.786
1.3906
0.00035542
0.032453
0.021532
0.24399
0.12757
0.74745
0.00052441
0.00028952
6.9237e-06
0.096736
0.11869
0.98276
0.0089852
0.079373
0.98726
0.99165
0.0013555
0.0039965
0.9874
0.18426
0.004015
0.16591
4.9404e-06
6.5952e-06
0.57172
13.016
0.93289
13.02
4.2766
13.017
0.00097788
0.018518
0.0058728
0.0056229
0.13775
0.12077
0.00094821
0.98636
0.013637
0.81855
0.01268
0.029129
0.13964
1.8091
0.0069615
-3.1137e-05
0.074263
0.43221
-19.621
-23350
-47.8
0.0743
0.9717
129.43
8.5547
-85.786
1.3916
0.00035703
0.032596
0.021648
0.24448
0.12781
0.74853
0.00052736
0.00029347
6.9237e-06
0.096873
0.11886
0.98276
0.0089852
0.079373
0.98726
0.99165
0.0013555
0.0039965
0.9874
0.18426
0.004015
0.16591
4.9993e-06
6.6703e-06
0.57159
13.019
0.93296
13.022
4.277
13.019
0.00099108
0.018541
0.0059319
-0.014984
0.13775
0.12075
0.00094796
0.97107
0.028931
0.71675
0.02363
0.046107
0.21351
1.9264
0.0071532
9.1503e-05
0.074148
0.43374
-17.194
-36090
