-85.784
1.3917
0.00036078
0.032924
0.021835
0.24527
0.12813
0.74866
0.00053218
0.00030233
6.9264e-06
0.097531
0.11967
0.9825
0.0089963
0.080029
0.98726
0.99165
0.0013561
0.0039971
0.98728
0.18361
0.0040153
0.16571
5.0817e-06
6.7397e-06
0.57012
13.061
0.93427
13.064
4.283
13.061
0.0010164
0.018695
0.0060137
0.017545
0.13777
0.12059
0.00093492
0.95134
0.048658
0.61333
0.03462
0.063391
0.28866
2.0014
0.007202
0.00012275
0.075918
0.43691
-13.708
-43327
-47.8
0.0743
0.9717
129.43
8.5547
-85.784
1.3915
0.00036013
0.032867
0.021812
0.24515
0.12811
0.74844
0.00053159
0.00029946
6.9264e-06
0.097545
0.1197
0.9825
0.0089963
0.080028
0.98726
0.99165
0.0013561
0.0039971
0.98728
0.18361
0.0040153
0.16571
5.0786e-06
6.7347e-06
0.57009
13.06
0.93425
13.064
4.2829
13.061
0.001008
0.018696
0.0059824
-0.017912
0.13777
0.12059
0.00093488
0.97164
0.028359
0.71604
0.023252
0.046069
0.21464
1.9132
0.0070389
1.8296e-05
0.075328
0.43566
-17.233
-35148
-47.8
0.0743
0.9717
129.43
8.5547
-85.784
1.3917
0.00036086
0.03293
0.021833
0.24528
0.12813
0.74873
0.00053215
0.00030293
6.9264e-06
0.097514
0.11964
0.9825
0.0089963
0.080027
0.98726
0.99165
0.0013561
0.0039971
0.98728
0.18361
0.0040153
0.16571
5.0795e-06
6.7379e-06
0.57016
13.058
0.93418
13.061
4.2825
13.058
0.0010181
0.018691
0.0060193
0.023992
0.13777
0.1206
0.00093532
0.94453
0.055472
0.58287
0.037764
0.068578
0.31078
2.0244
0.0072448
0.00015023
0.076038
0.43712
-13.249
-45224
-47.8
0.0743
0.9717
129.43
8.5547
-85.784
1.3917
0.00036045
0.032895
0.021828
0.24524
0.12814
0.74869
0.000532
0.00030059
6.9264e-06
0.097542
0.11969
0.9825
0.0089963
0.080026
0.98726
0.99165
0.0013561
0.0039971
0.98728
0.18361
0.0040153
0.16571
5.0854e-06
6.7446e-06
0.57012
13.057
0.93416
13.061
4.2825
13.057
0.0010114
0.018692
0.0059971
-0.0010652
0.13777
0.1206
0.00093555
0.96302
0.036978
0.66926
0.028465
0.053923
0.24835
1.9554
0.0071212
7.0967e-05
0.075566
0.4364
-15.393
-39222
-47.8
0.0743
0.9717
129.43
8.5547
-85.784
1.3916
0.00036003
0.032859
0.021812
0.24516
0.12812
0.7486
0.00053158
0.00029912
6.9264e-06
0.097533
0.11969
0.9825
0.0089963
0.080025
0.98726
0.99165
0.0013561
0.0039971
0.98728
0.1836
0.0040153
0.16571
5.0817e-06
6.74e-06
0.57013
13.055
0.93411
13.059
4.2822
13.056
0.0010072
0.018687
0.0059815
-0.014992
0.13777
0.1206
0.00093602
0.9704
0.029598
0.70858
0.024035
0.047322
0.22006
1.9202
0.0070593
3.1371e-05
0.075261
0.43575
-16.915
-35854
-47.8
0.0743
0.9717
129.43
8.5547
-85.784
1.3917
0.00036027
0.032879
0.021802
0.24515
0.12807
0.74868
0.00053135
0.00030146
6.9264e-06
0.097457
0.11958
0.9825
0.0089963
0.080024
0.98726
0.99165
0.0013561
0.0039971
0.98728
0.1836
0.0040153
0.16571
5.0675e-06
6.7248e-06
0.57026
13.052
0.93399
13.055
4.2817
13.052
0.001014
0.018673
0.0060065
0.014788
0.13777
0.12062
0.00093689
0.9543
0.045698
0.62843
0.033181
0.060856
0.27754
1.9916
0.007186
0.00011244
0.075754
0.4366
-14.017
-42410
-47.8
0.0743
0.9717
129.43
8.5547
-85.784
1.3916
0.00035966
0.032824
0.021756
0.24495
0.12797
0.7485
0.00053017
0.00030143
6.9264e-06
0.097368
0.11948
0.9825
0.0089963
0.080023
0.98726
0.99165
0.0013561
0.0039971
0.98728
0.1836
0.0040153
0.16571
5.0413e-06
6.6931e-06
0.57038
13.049
0.93389
13.052
4.2813
13.049
0.0010138
0.018656
0.0060044
0.021735
0.13777
0.12063
0.00093779
0.94952
0.050476
0.60883
0.035571
0.064237
0.29137
2.0112
0.0072152
0.00013113
0.075736
0.43617
-13.473
-43969
-47.8
0.0743
0.9717
129.43
8.5547
-85.784
1.3909
0.00035765
0.032646
0.021646
0.24441
0.12776
0.7478
0.00052736
0.00029819
6.9264e-06
0.097264
0.11942
0.9825
0.0089963
0.080023
0.98726
0.99165
0.0013561
0.0039971
0.98728
0.1836
0.0040153
0.16571
4.9943e-06
6.6329e-06
0.57046
13.047
0.93384
13.05
4.281
13.047
0.0010035
0.018631
0.0059639
0.027046
0.13776
0.12066
0.00093867
0.94282
0.057185
0.57699
0.038485
0.06985
0.31467
2.0448
0.0072854
0.00017582
0.074995
0.43386
-13.35
-46384
-47.8
0.0743
0.9717
129.43
8.5547
-85.784
1.3889
0.00035316
0.032249
0.021389
0.24322
0.12729
0.74547
0.00052079
0.00028524
6.9264e-06
0.097079
0.11926
0.9825
0.0089963
0.080022
0.98726
0.99165
0.0013561
0.0039971
0.98728
0.1836
0.0040153
0.16571
4.8846e-06
6.4891e-06
0.57053
13.045
0.93378
13.048
4.2807
13.045
0.00096236
0.018582
0.0057959
0.10443
0.13776
0.1207
0.00093954
0.99228
0.0077231
0.87559
0.0076424
0.019765
0.097001
1.7246
0.0066934
-0.00020178
0.074592
0.43126
-17.121
-12027
-47.8
0.0743
0.9717
129.43
8.5547
-85.784
1.3911
0.00035751
0.032636
0.021668
0.24448
0.12784
0.74803
0.00052789
0.00029616
6.9264e-06
0.097338
0.11953
0.9825
0.0089963
0.080021
0.98726
0.99165
0.0013561
0.0039971
0.98728
0.1836
0.0040153
0.16571
5.0168e-06
6.6602e-06
0.57036
13.046
0.93381
13.05
4.2809
13.046
0.00099791
0.018635
0.0059484
0.022188
0.13776
0.12065
0.00093926
0.9534
0.046598
0.62326
0.033558
0.061927
0.28126
2.0088
0.0072298
0.00014019
0.074613
0.43363
-13.544
-43614
-47.8
0.0743
0.9717
129.43
8.5547
-85.784
1.3917
0.00035918
0.032784
0.02176
0.24494
0.12801
0.74861
0.00053025
0.00029813
6.9264e-06
0.097426
0.11958
0.9825
0.0089963
0.08002
0.98726
0.99165
0.0013561
0.0039971
0.98728
0.1836
0.0040153
0.16571
5.0582e-06
6.7136e-06
0.57031
13.045
0.93378
13.049
4.2808
13.045
0.0010044
0.018653
0.0059736
-0.0090484
0.13776
0.12064
0.0009391
0.96886
0.031142
0.70398
0.025037
0.04814
0.22284
1.931
0.0070779
4.3302e-05
0.075076
0.43528
-16.47
-36725
-47.8
0.0743
0.9717
129.43
8.5547
-85.784
1.3919
0.00036043
0.032893
0.021803
0.2452
0.12807
0.74894
0.00053138
0.00030242
6.9264e-06
0.097413
0.11951
0.9825
0.0089963
0.080019
0.98726
0.99165
0.0013561
0.0039971
0.98728
0.1836
0.0040153
0.16571
5.0666e-06
6.7263e-06
0.57037
13.043
0.93371
13.046
4.2804
13.043
0.0010172
0.018654
0.0060197
0.028461
0.13776
0.12064
0.00093933
0.93861
0.061392
0.56223
0.040403
0.072211
0.32515
2.043
0.007284
0.00017532
0.075991
0.43718
-13.323
-46509
-47.8
0.0743
0.9717
129.43
8.5547
-85.784
1.3918
0.00035948
0.032811
0.02179
0.2451
0.12809
0.74873
0.000531
0.00029703
6.9264e-06
0.097492
0.11964
0.9825
0.0089963
0.080019
0.98726
0.99165
0.0013561
0.0039971
0.98728
0.1836
0.0040153
0.16571
5.0786e-06
6.7387e-06
0.57023
13.044
0.93375
13.048
4.2806
13.044
0.0010014
0.018662
0.0059655
-0.016305
0.13776
0.12063
0.00093918
0.9733
0.026703
0.72842
0.022198
0.04403
0.20535
1.9038
0.0070445
2.2008e-05
0.075128
0.43563
-17.61
-34102
-47.8
0.0743
0.9717
129.43
8.5547
-85.784
1.3918
0.00035911
0.03278
0.021787
0.24505
0.1281
0.74875
0.0005309
0.00029542
6.9264e-06
0.097521
0.1197
0.9825
0.0089963
0.080018
0.98726
0.99165
0.0013561
0.0039971
0.98728
0.1836
0.0040153
0.16571
5.0843e-06
6.7448e-06
0.57018
13.044
0.93376
13.048
4.2806
13.045
0.00099656
0.018661
0.0059493
-0.018219
0.13776
0.12063
0.0009394
0.97578
0.024216
0.74305
0.020526
0.041588
0.19484
1.8883
0.0070257
9.99e-06
0.075052
0.43547
-18.203
-32519
-47.8
0.0743
0.9717
129.43
8.5547
-85.784
1.3919
0.00035923
0.03279
0.021785
0.24506
0.12809
0.74892
0.00053085
0.00029744
6.9264e-06
0.097484
0.11966
0.9825
0.0089963
0.080017
0.98726
0.99165
0.0013561
0.0039971
0.98728
0.1836
0.0040153
0.16571
5.0787e-06
6.7391e-06
0.57024
13.042
0.9337
13.046
4.2804
13.043
0.0010028
0.018653
0.0059739
0.01741
0.13776
0.12064
0.00093996
0.95635
0.043653
0.63805
0.032108
0.059341
0.27051
1.9887
0.007207
0.00012593
0.074984
0.43564
-14.085
-42069
-47.8
0.0743
0.9717
129.43
8.5547
-85.784
1.3908
0.00035663
0.03256
0.021639
0.24438
0.12782
0.74764
0.00052712
0.00028984
6.9264e-06
0.097362
0.11955
0.9825
0.0089963
0.080017
0.98726
0.99165
0.0013561
0.0039971
0.98728
0.1836
0.0040153
0.16571
5.0175e-06
6.6603e-06
0.57033
13.04
0.93362
13.043
4.28
13.04
0.00097852
0.018627
0.0058742
0.0093085
0.13776
0.12066
0.00094048
0.98599
0.014006
0.8153
0.012986
0.029628
0.14209
1.8045
0.0068918
-7.5619e-05
0.074982
0.4343
-19.309
-23051
-47.8
0.0743
0.9717
129.43
8.5547
-85.784
1.3915
0.00035799
0.032681
0.021713
0.24475
0.12796
0.74838
0.00052901
0.00029387
6.9264e-06
0.097366
0.11952
0.9825
0.0089963
0.080016
0.98726
0.99165
0.0013561
0.0039971
0.98728
0.18359
0.0040153
0.16571
5.0469e-06
6.7018e-06
0.57042
13.037
0.93353
13.04
4.2796
13.037
0.00099158
0.018634
0.0059303
-0.016102
0.13776
0.12066
0.00094092
0.97551
0.024493
0.74201
0.02071
0.041792
0.19549
1.895
0.0070429
2.0975e-05
0.074659
0.43436
-17.959
-33105
-47.8
0.0743
0.9717
129.43
8.5547
-85.784
1.3919
0.00035976
0.032835
0.021764
0.24508
0.128
0.74891
0.00053035
0.00030065
6.9264e-06
0.097271
0.11934
0.9825
0.0089963
0.080015
0.98726
0.99165
0.0013561
0.0039971
0.98728
0.18359
0.0040153
0.16571
5.0481e-06
6.7097e-06
0.57065
13.031
0.93334
13.035
4.2787
13.031
0.0010126
0.018625
0.0060073
0.028454
0.13776
0.12067
0.00094177
0.94693
0.053069
0.59945
0.036845
0.065938
0.29777
2.018
0.0072613
0.00016071
0.075674
0.43684
-13.249
-44528
-47.8
0.0743
0.9717
129.43
8.5547
-85.784
1.3917
0.00035939
0.032802
0.021737
0.24498
0.12795
0.74863
0.00052967
0.00029879
6.9264e-06
0.097214
0.11926
0.9825
0.0089963
0.080015
0.98726
0.99165
0.0013561
0.0039971
0.98728
0.18359
0.0040153
0.16571
5.0352e-06
6.6953e-06
0.57075
13.027
0.93324
13.031
4.2782
13.028
0.0010071
0.018617
0.005986
-0.0093585
0.13776
0.12067
0.00094232
0.97034
0.02966
0.71608
0.024158
0.046127
0.21364
1.9193
0.0070807
4.5243e-05
0.075344
0.43604
-16.927
-35542
-47.8
0.0743
0.9717
129.43
8.5547
-85.784
1.3919
0.00035995
0.032851
0.021751
0.24508
0.12796
0.74885
0.00053004
0.00030147
6.9264e-06
0.097167
0.11918
0.9825
0.0089963
0.080014
0.98726
0.99165
0.0013561
0.0039971
0.98728
0.18359
0.0040153
0.16571
5.0336e-06
6.6959e-06
0.57085
13.024
0.93314
13.028
4.2778
13.025
0.0010152
0.018608
0.0060169
0.024404
0.13776
0.12068
0.00094316
0.95094
0.049063
0.62027
0.035032
0.062376
0.28233
2.0017
0.0072339
0.00014314
0.075865
0.43723
-13.634
-43145
-47.8
0.0743
0.9717
129.43
8.5547
-85.784
1.3919
0.00035952
0.032814
0.021746
0.24503
0.12797
0.7489
0.00052991
0.00029965
6.9264e-06
0.097193
0.11924
0.9825
0.0089963
0.080014
0.98726
0.99165
0.0013561
0.0039971
0.98728
0.18359
0.0040153
0.16571
5.0395e-06
6.7025e-06
0.57081
13.024
0.93313
13.028
4.2777
13.024
0.0010099
0.018604
0.0059993
0.012299
0.13776
0.12069
0.00094379
0.95961
0.040389
0.66024
0.030506
0.055576
0.25368
1.9701
0.0071821
0.00011003
0.075491
0.43663
-14.749
-40340
-47.8
0.0743
0.9717
129.43
8.5547
-85.784
1.3917
0.00035805
0.032686
0.021702
0.24475
0.12792
0.74864
0.00052874
0.00029496
6.9263e-06
0.097226
0.11934
0.9825
0.0089963
0.080013
0.98726
0.99165
0.0013561
0.0039971
0.98728
0.18359
0.0040153
0.16571
5.0357e-06
6.6948e-06
0.57071
13.025
0.93316
13.029
4.2779
13.025
0.00099559
0.018596
0.0059475
-0.0063738
0.13775
0.12069
0.00094443
0.97095
0.029046
0.71579
0.02371
0.046214
0.21428
1.9233
0.0071132
6.5957e-05
0.074507
0.43454
-16.747
-35915
-47.8
0.0743
0.9717
129.43
8.5547
-85.784
1.3908
0.0003556
0.03247
0.021577
0.24414
0.1277
0.74768
0.00052554
0.00028837
6.9263e-06
0.097149
0.11931
0.9825
0.0089963
0.080013
0.98726
0.99165
0.0013561
0.0039971
0.98728
0.18359
0.0040153
0.16571
4.9879e-06
6.6316e-06
0.57072
13.024
0.93314
13.028
4.2778
13.025
0.00097434
0.018568
0.0058612
0.0088728
0.13775
0.12072
0.00094537
0.98566
0.014336
0.8132
0.013245
0.029994
0.14356
1.8114
0.0069431
-4.2972e-05
0.074633
0.43361
-19.305
-23815
-47.8
0.0743
0.9717
129.43
8.5547
-85.784
1.3913
0.00035592
0.032498
0.021603
0.24424
0.12775
0.74819
0.0005262
0.00029094
6.9263e-06
0.097139
0.11931
0.9825
0.0089963
0.080012
0.98726
0.99165
0.0013561
0.0039971
0.98728
0.18359
0.0040153
0.16571
5.0002e-06
6.6493e-06
0.57077
13.022
0.93308
13.026
4.2775
13.023
0.00098304
0.018564
0.005902
0.0046858
0.13775
0.12073
0.00094628
0.96812
0.031881
0.69796
0.025427
0.049313
0.2273
1.9497
0.0071728
0.00010387
0.073575
0.43223
-15.645
-38285
-47.8
0.0743
0.9717
129.43
8.5547
-85.784
1.3898
0.00035316
0.032252
0.021407
0.2434
0.12735
0.74646
0.00052121
0.00028436
6.9263e-06
0.09688
0.11901
0.9825
0.0089963
0.080012
0.98726
0.99165
0.0013561
0.0039971
0.98728
0.18359
0.0040153
0.16571
4.9002e-06
6.5237e-06
0.57105
13.016
0.9329
13.02
4.2767
13.017
0.00096123
0.018513
0.0058038
0.068073
0.13775
0.12077
0.00094756
0.99052
0.0094771
0.85572
0.0091983
0.023024
0.11205
1.7547
0.0068523
-0.00010083
0.07429
0.43178
-18.211
-16407
-47.8
0.0743
0.9717
129.43
8.5547
-85.784
1.3912
0.00035612
0.032515
0.021575
0.24421
0.12766
0.74809
0.00052552
0.00029262
6.9263e-06
0.096929
0.11901
0.9825
0.0089963
0.080011
0.98726
0.99165
0.0013561
0.0039971
0.98728
0.18359
0.0040153
0.16571
4.9708e-06
6.621e-06
0.57118
13.012
0.93277
13.016
4.2761
13.013
0.00098812
0.018534
0.0059187
0.00027435
0.13775
0.12076
0.00094803
0.9699
0.030102
0.71005
0.024362
0.047251
0.21833
1.9369
0.0071567
9.3596e-05
0.073932
0.43282
-16.176
-37065
-47.8
0.0743
0.9717
129.43
8.5547
-85.784
1.3914
0.00035733
0.03262
0.021603
0.24444
0.12768
0.74837
0.00052625
0.00029644
6.9263e-06
0.096796
0.11878
0.9825
0.0089963
0.080011
0.98726
0.99165
0.0013561
0.0039971
0.98728
0.18359
0.0040153
0.16571
4.9654e-06
6.6221e-06
0.57148
13.005
0.93253
13.008
4.275
13.005
0.001
0.018521
0.0059624
0.0049311
0.13774
0.12077
0.0009489
0.9663
0.033698
0.69377
0.026631
0.049968
0.22963
1.9471
0.0071752
0.00010546
0.074781
0.43475
-15.697
-38082
-47.8
0.0743
0.9717
129.43
8.5547
-85.784
1.3912
0.0003574
0.032625
0.021559
0.24434
0.12755
0.74807
0.00052516
0.00029855
6.9263e-06
0.096579
0.11848
0.9825
0.0089963
0.08001
0.98726
0.99165
0.0013561
0.0039971
0.98728
0.18359
0.0040153
0.16571
4.9254e-06
6.579e-06
0.57186
12.996
0.93227
13
4.2738
12.997
0.0010062
0.018495
0.0059826
0.014341
0.13774
0.1208
0.00095001
0.96122
0.038775
0.67113
0.029645
0.05382
0.24541
1.9685
0.0072089
0.00012696
0.07522
0.43528
-14.812
-39979
-47.8
0.0743
0.9717
129.43
8.5547
-85.784
1.3909
0.00035731
0.032615
0.021507
0.24419
0.1274
0.74777
0.00052386
0.00030074
6.9263e-06
0.096363
0.11818
0.9825
0.0089963
0.08001
0.98726
0.99165
0.0013561
0.0039971
0.98728
0.18359
0.0040153
0.16571
4.8827e-06
6.5315e-06
0.57222
12.988
0.93203
12.992
4.2727
12.989
0.0010126
0.018467
0.0060031
0.032719
0.13774
0.12083
0.00095125
0.94843
0.051566
0.61444
0.036358
0.063574
0.28562
2.017
0.0072931
0.00018066
0.075676
0.4357
-13.238
-44116
-47.8
0.0743
0.9717
129.43
8.5547
-85.784
1.3908
0.0003571
0.032596
0.021477
0.24408
0.12733
0.74764
0.00052312
0.00030141
6.9263e-06
0.096249
0.11804
0.9825
0.0089963
0.08001
0.98726
0.99165
0.0013561
0.0039971
0.98728
0.18359
0.0040153
0.16571
4.8618e-06
6.5086e-06
0.57241
12.984
0.93188
12.987
4.272
12.984
0.0010146
0.018447
0.0060086
0.0366
0.13774
0.12085
0.00095238
0.9403
0.059702
0.58035
0.040052
0.069503
0.3101
2.0438
0.0073424
0.00021213
0.075811
0.43571
-13.177
-46153
-47.8
0.0743
0.9717
129.43
8.5547
-85.784
1.3908
0.0003565
0.032545
0.021473
0.24403
0.12735
0.74767
0.000523
0.00029833
6.9263e-06
0.096284
0.11811
0.9825
0.0089963
0.080009
0.98726
0.99165
0.0013561
0.0039971
0.98728
0.18359
0.0040153
0.16571
4.8723e-06
6.5214e-06
0.57236
12.984
0.93187
12.987
4.272
12.984
0.0010056
0.018443
0.0059797
0.021276
0.13773
0.12085
0.00095326
0.95867
0.04133
0.66182
0.031115
0.055488
0.25158
1.9815
0.0072399
0.0001466
0.07518
0.43483
-14.321
-40990
-47.8
0.0743
0.9717
129.43
8.5547
-85.784
1.3909
0.00035591
0.032494
0.021469
0.24396
0.12737
0.74771
0.00052287
0.00029536
6.9263e-06
0.096335
0.11821
0.9825
0.0089963
0.080009
0.98726
0.99165
0.0013561
0.0039971
0.98728
0.18359
0.0040153
0.16571
4.8827e-06
6.5327e-06
0.57226
12.984
0.93189
12.988
4.2721
12.985
0.00099681
0.018437
0.0059492
-0.0011942
0.13773
0.12085
0.00095426
0.97113
0.028867
0.7259
0.023685
0.044604
0.20581
1.9237
0.0071475
8.7606e-05
0.074749
0.43394
-16.728
-35597
-47.8
0.0743
0.9717
129.43
8.5547
-85.784
1.3912
0.000356
0.032503
0.021484
0.24399
0.1274
0.74812
0.00052324
0.00029692
6.9263e-06
0.096351
0.11825
0.9825
0.0089963
0.080009
0.98726
0.99165
0.0013561
0.0039971
0.98728
0.18359
0.0040153
0.16571
4.891e-06
6.5429e-06
0.57223
12.984
0.93189
12.988
4.2721
12.984
0.0010021
0.018424
0.0059713
0.038719
0.13773
0.12087
0.00095569
0.9466
0.053396
0.60495
0.037154
0.065505
0.29239
2.0293
0.0073467
0.00021469
0.07495
0.43455
-13.022
-45017
-47.8
0.0743
0.9717
129.43
8.5547
-85.784
1.3905
0.00035271
0.032213
0.021356
0.24327
0.12721
0.74722
0.00051993
0.00028755
6.9263e-06
0.096343
0.11837
0.9825
0.0089963
0.080008
0.98726
0.99165
0.0013561
0.0039971
0.98728
0.18359
0.0040153
0.16571
4.859e-06
6.4971e-06
0.57212
12.986
0.93195
12.99
4.2724
12.986
0.00097267
0.018403
0.0058631
0.00097528
0.13773
0.12089
0.00095694
0.97359
0.02641
0.73818
0.022021
0.042645
0.19715
1.9255
0.0071592
9.5009e-05
0.073233
0.4303
-16.722
-35535
-47.8
0.0743
0.9717
129.43
8.5547
-85.784
1.3881
0.00034738
0.031739
0.021044
0.24177
0.1266
0.74449
0.00051197
0.00027542
6.9263e-06
0.096069
0.11815
0.9825
0.0089963
0.080008
0.98726
0.99165
0.0013561
0.0039971
0.98728
0.18359
0.0040153
0.16571
4.7223e-06
6.3183e-06
0.57227
12.983
0.93187
12.986
4.272
12.984
0.00093251
0.018333
0.0056873
0.11336
0.13772
0.12095
0.00095885
0.99292
0.0070758
0.88066
0.0070454
0.019004
0.093291
1.733
0.0068799
-8.34e-05
0.072549
0.42646
-17.101
-12855
-47.8
0.0743
0.9717
129.43
8.5547
-85.784
1.3886
0.00034836
0.031827
0.021104
0.24205
0.12673
0.74509
0.00051351
0.00027764
6.9263e-06
0.096104
0.11818
0.9825
0.0089963
0.080008
0.98726
0.99165
0.0013561
0.0039971
0.98728
0.18359
0.0040153
0.16571
4.7503e-06
6.3559e-06
0.57228
12.982
0.93182
12.985
4.2718
12.982
0.00093989
0.018339
0.0057191
0.060515
0.13772
0.12095
0.00095967
0.99063
0.0093722
0.85915
0.0090897
0.022524
0.10924
1.7707
0.0069478
-4.03e-05
0.072849
0.42754
-18.482
-18088
-47.8
0.0743
0.9717
129.43
8.5547
-85.784
1.391
0.00035394
0.032322
0.021405
0.24356
0.12728
0.74785
0.0005212
0.00029156
6.9263e-06
0.09628
0.11826
0.9825
0.0089963
0.080008
0.98726
0.99165
0.0013561
0.0039971
0.98728
0.18359
0.0040153
0.16571
4.8713e-06
6.5179e-06
0.57228
12.979
0.93175
12.983
4.2714
12.98
0.00098691
0.018378
0.0059197
0.03819
0.13772
0.12091
0.00096016
0.9539
0.046099
0.64224
0.033685
0.059891
0.26418
2.0135
0.0073492
0.00021508
0.073892
0.43224
-13.311
-43408
-47.8
0.0743
0.9717
129.43
8.5547
-85.784
1.391
0.00035461
0.032382
0.021435
0.24375
0.12735
0.74788
0.00052197
0.00029099
6.9263e-06
0.096272
0.11821
0.9825
0.0089963
0.080007
0.98726
0.99165
0.0013561
0.0039971
0.98728
0.18359
0.0040153
0.16571
4.8831e-06
6.5355e-06
0.57235
12.976
0.93165
12.98
4.271
12.977
0.00098422
0.01838
0.0059085
-0.0018225
0.13772
0.12091
0.0009607
0.9758
0.024197
0.76049
0.020617
0.038867
0.18003
1.895
0.0071218
7.1273e-05
0.074641
0.43376
-17.918
-32446
-47.8
0.0743
0.9717
129.43
8.5547
-85.784
1.3912
0.00035518
0.032432
0.021448
0.24386
0.12735
0.74808
0.00052229
0.00029403
6.9263e-06
0.096205
0.11811
0.9825
0.0089963
0.080007
0.98726
0.99165
0.0013561
0.0039971
0.98728
0.18359
0.0040153
0.16571
4.8788e-06
6.5333e-06
0.57248
12.973
0.93155
12.977
4.2705
12.973
0.00099506
0.018369
0.0059518
0.037986
0.13772
0.12092
0.00096169
0.95326
0.046736
0.64458
0.034161
0.059509
0.26175
2.0083
0.0073385
0.00020821
0.074482
0.43389
-13.43
-42975
-47.8
0.0743
0.9717
129.43
8.5547
-85.784
1.3899
0.00035228
0.032175
0.021293
0.24311
0.12707
0.74664
0.00051833
0.00028546
6.9263e-06
0.096085
0.11802
0.9825
0.0089963
0.080007
0.98726
0.99165
0.0013561
0.0039971
0.98728
0.18359
0.0040153
0.16571
4.818e-06
6.4537e-06
0.57255
12.971
0.9315
12.975
4.2703
12.972
0.00096589
0.018339
0.0058283
0.03353
0.13772
0.12095
0.00096263
0.98674
0.013255
0.83258
0.012374
0.02688
0.12816
1.8023
0.0070171
4.0519e-06
0.074541
0.43268
-18.983
-22077
-47.8
0.0743
0.9717
129.43
8.5547
-85.784
1.391
0.00035365
0.032299
0.021404
0.2436
0.12731
0.74784
0.00052115
0.00028831
6.9263e-06
0.096196
0.11817
0.9825
0.0089963
0.080007
0.98726
0.99165
0.0013561
0.0039971
0.98728
0.18358
0.0040153
0.16571
4.877e-06
6.5307e-06
0.57248
12.972
0.93151
12.975
4.2704
12.972
0.00097662
0.018353
0.0058871
0.0050766
0.13772
0.12094
0.00096334
0.97304
0.026965
0.74552
0.022501
0.041489
0.19049
1.9189
0.0071565
9.3431e-05
0.073923
0.43263
-16.985
-34673
-47.8
0.0743
0.9717
129.43
8.5547
-85.784
1.3909
0.00035315
0.032255
0.021377
0.24346
0.12725
0.74775
0.00052045
0.00028778
6.9263e-06
0.096154
0.11814
0.9825
0.0089963
0.080007
0.98726
0.99165
0.0013561
0.0039971
0.98728
0.18358
0.0040153
0.16571
4.8646e-06
6.5153e-06
0.57252
12.971
0.93147
12.974
4.2702
12.971
0.00097588
0.018338
0.0058859
0.014331
0.13771
0.12095
0.00096449
0.96924
0.030756
0.72684
0.024997
0.044945
0.20322
1.9451
0.0071953
0.00011767
0.073569
0.43177
-15.912
-37034
-47.8
0.0743
0.9717
129.43
8.5547
-85.784
1.389
0.00034956
0.031934
0.021141
0.24236
0.12677
0.74557
0.00051444
0.00027974
6.9263e-06
0.095916
0.1179
0.9825
0.0089963
0.080007
0.98726
0.99165
0.0013561
0.0039971
0.98728
0.18358
0.0040153
0.16571
4.7528e-06
6.3698e-06
0.57269
12.967
0.93137
12.971
4.2697
12.968
0.00094782
0.018281
0.0057529
0.11238
0.13771
0.12101
0.00096607
0.99171
0.0082891
0.8744
0.0081318
0.020029
0.097437
1.7404
0.0069299
-5.1286e-05
0.07388
0.4303
-17.221
-13668
-47.8
0.0743
0.9717
129.43
8.5547
-85.784
1.3909
0.00035228
0.032178
0.021354
0.2433
0.12723
0.74774
0.00051985
0.00028521
6.9262e-06
0.096162
0.1182
0.9825
0.0089963
0.080006
0.98726
0.99165
0.0013561
0.0039971
0.98728
0.18358
0.0040153
0.16571
4.8651e-06
6.5148e-06
0.57248
12.97
0.93147
12.974
4.2701
12.971
0.00096821
0.018321
0.0058596
0.014281
0.13771
0.12097
0.00096635
0.9704
0.029601
0.73588
0.024283
0.043633
0.1962
1.9418
0.0071761
0.00010518
0.073257
0.43108
-16.094
-36575
-47.8
0.0743
0.9717
129.43
8.5547
-85.784
1.3904
0.00035093
0.032059
0.021294
0.24297
0.12714
0.74717
0.0005183
0.00028114
6.9262e-06
0.096148
0.11822
0.9825
0.0089963
0.080006
0.98726
0.99165
0.0013561
0.003997
0.98728
0.18358
0.0040153
0.16571
4.8474e-06
6.4901e-06
0.57244
12.971
0.93147
12.974
4.2702
12.971
0.00095325
0.018308
0.0057942
0.0078484
0.13771
0.12098
0.00096711
0.98219
0.017807
0.80339
0.015957
0.031767
0.14888
1.8581
0.0070521
2.7137e-05
0.07336
0.43098
-18.899
-28150
-47.8
0.0743
0.9717
129.43
8.5547
-85.784
1.3892
0.00034872
0.031861
0.021145
0.24229
0.12683
0.74581
0.00051451
0.00027644
6.9262e-06
0.096002
0.11808
0.9825
0.0089963
0.080006
0.98726
0.99165
0.001356
0.003997
0.98728
0.18358
0.0040153
0.16571
4.7752e-06
6.3957e-06
0.57252
12.969
0.93142
12.972
4.2699
12.969
0.00093739
0.01827
0.0057178
0.10297
0.1377
0.12102
0.00096831
0.99161
0.008392
0.87123
0.0082252
0.020547
0.099993
1.7477
0.0069347
-4.7841e-05
0.073167
0.42934
-17.542
-14628
-47.8
0.0743
0.9717
129.43
8.5547
-85.784
1.3907
0.00035081
0.032049
0.021319
0.24304
0.12721
0.74757
0.00051891
0.0002803
6.9262e-06
0.096222
0.11835
0.9825
0.0089963
0.080006
0.98726
0.99165
0.001356
0.003997
0.98728
0.18358
0.0040153
0.16571
4.87e-06
6.5172e-06
0.57232
12.972
0.93152
12.976
4.2704
12.972
0.00095182
0.018306
0.0057983
0.0055996
0.13771
0.12099
0.00096836
0.9771
0.022896
0.77559
0.01972
0.036606
0.16808
1.9025
0.0070684
3.7706e-05
0.07288
0.43032
-17.758
-32609
-47.8
0.0743
0.9717
129.43
8.5547
-85.784
1.3899
0.00034902
0.03189
0.021214
0.24252
0.12701
0.74659
0.00051624
0.00027606
6.9262e-06
0.096148
0.1183
0.9825
0.0089963
0.080006
0.98726
0.99165
0.001356
0.003997
0.98728
0.18358
0.0040153
0.16571
4.8251e-06
6.4575e-06
0.57234
12.972
0.93151
12.975
4.2703
12.972
0.00093651
0.018283
0.0057236
0.042226
0.1377
0.12101
0.00096902
0.98824
0.011762
0.84333
0.011125
0.02514
0.12041
1.7996
0.0069808
-1.81e-05
0.072796
0.42948
-18.938
-21398
-47.8
0.0743
0.9717
129.43
8.5547
-85.784
1.3894
0.00034772
0.031773
0.021141
0.24216
0.12687
0.74597
0.0005144
0.00027332
6.9262e-06
0.096097
0.11827
0.9825
0.0089962
0.080006
0.98726
0.99165
0.001356
0.003997
0.98728
0.18358
0.0040153
0.16571
4.7952e-06
6.4177e-06
0.57234
12.972
0.93151
12.975
4.2703
12.972
0.00092725
0.018268
0.0056828
0.067196
0.1377
0.12102
0.00096952
0.9904
0.0095982
0.85883
0.0092817
0.022587
0.1093
1.775
0.0069539
-3.5235e-05
0.072314
0.42794
-18.474
-18271
-47.8
0.0743
0.9717
129.43
8.5547
-85.784
1.3897
0.00034806
0.031805
0.021182
0.24231
0.12697
0.74641
0.00051541
0.00027369
6.9262e-06
0.096161
0.11836
0.9825
0.0089962
0.080006
0.98726
0.99165
0.001356
0.003997
0.98728
0.18358
0.0040153
0.16571
4.8202e-06
6.4494e-06
0.57228
12.973
0.93155
12.976
4.2705
12.973
0.00092869
0.018277
0.0056942
0.038234
0.1377
0.12101
0.00096953
0.98828
0.011718
0.84319
0.011084
0.025173
0.12055
1.8047
0.0069752
-2.15e-05
0.072231
0.42826
-19.011
-21959
