-85.744
1.3912
0.00036811
0.033557
0.021873
0.24609
0.12785
0.74812
0.00053346
0.00033426
6.9717e-06
0.097629
0.11942
0.98199
0.0090231
0.080993
0.98716
0.99163
0.0013651
0.0040071
0.98703
0.18296
0.0040216
0.1661
4.9758e-06
6.5793e-06
0.56937
13.052
0.93398
13.055
4.2816
13.052
0.0011155
0.018956
0.0063354
0.021067
0.13782
0.12033
0.00091136
0.95703
0.042972
0.53671
0.030031
0.074829
0.35843
1.9177
0.0070243
1.5473e-05
0.082892
0.4492
0.22771
-52738
-47.8
0.0743
0.9717
129.43
8.5547
-85.744
1.3912
0.00036803
0.033551
0.021868
0.24607
0.12784
0.7481
0.00053332
0.00033406
6.9717e-06
0.097627
0.11941
0.98199
0.0090231
0.080992
0.98716
0.99163
0.0013651
0.0040071
0.98703
0.18295
0.0040216
0.1661
4.9736e-06
6.5764e-06
0.56938
13.051
0.93395
13.054
4.2815
13.051
0.0011149
0.018955
0.006333
0.020827
0.13782
0.12033
0.00091138
0.9602
0.039796
0.55019
0.02851
0.072564
0.34873
1.9047
0.0070222
1.4086e-05
0.082847
0.44909
0.21902
-51881
-47.8
0.0743
0.9717
129.43
8.5547
-85.744
1.3913
0.00036817
0.033562
0.021871
0.24608
0.12784
0.74817
0.0005334
0.00033535
6.9717e-06
0.097629
0.11941
0.98199
0.0090231
0.080991
0.98716
0.99163
0.0013651
0.0040071
0.98703
0.18295
0.0040216
0.1661
4.9731e-06
6.5757e-06
0.56938
13.05
0.93392
13.053
4.2814
13.05
0.0011184
0.018954
0.0063422
0.022778
0.13782
0.12033
0.00091148
0.92981
0.070189
0.44553
0.040925
0.09029
0.42325
2.0068
0.0069992
-1.1444e-07
0.083082
0.44931
0.28824
-58633
-47.8
0.0743
0.9717
129.43
8.5547
-85.744
1.3912
0.00036716
0.033476
0.021857
0.24598
0.12786
0.74812
0.000533
0.00032975
6.9717e-06
0.097702
0.11954
0.98199
0.0090231
0.080991
0.98716
0.99163
0.0013651
0.0040071
0.98703
0.18295
0.0040216
0.1661
4.9844e-06
6.5874e-06
0.56926
13.051
0.93397
13.055
4.2816
13.051
0.0011025
0.018956
0.0062957
0.019593
0.13782
0.12033
0.00091138
0.97467
0.025331
0.62425
0.020703
0.060115
0.29493
1.8148
0.0069685
-2.027e-05
0.083572
0.45271
0.16925
-46401
-47.8
0.0743
0.9717
129.43
8.5547
-85.744
1.3913
0.00036692
0.033456
0.021859
0.24597
0.12788
0.74822
0.00053304
0.00032877
6.9717e-06
0.097728
0.11958
0.98199
0.0090231
0.08099
0.98716
0.99163
0.0013651
0.0040071
0.98703
0.18295
0.0040216
0.1661
4.9911e-06
6.5953e-06
0.56922
13.051
0.93396
13.055
4.2815
13.051
0.0010999
0.018956
0.0062888
0.0198
0.13782
0.12033
0.00091147
0.97268
0.027318
0.61003
0.021851
0.062495
0.30563
1.8324
0.0069881
-7.7647e-06
0.083073
0.45151
0.17906
-47460
-47.8
0.0743
0.9717
129.43
8.5547
-85.744
1.3911
0.0003664
0.033409
0.021819
0.24581
0.1278
0.74792
0.00053202
0.00032758
6.9717e-06
0.09766
0.11949
0.98199
0.0090231
0.080989
0.98716
0.99163
0.0013651
0.0040071
0.98703
0.18295
0.0040216
0.1661
4.9698e-06
6.5697e-06
0.56932
13.048
0.93387
13.052
4.2811
13.048
0.0010959
0.018948
0.0062735
0.018973
0.13782
0.12034
0.00091168
0.98065
0.019346
0.66363
0.016893
0.053562
0.26592
1.7659
0.0069221
-4.9886e-05
0.083892
0.45432
0.14438
-43547
-47.8
0.0743
0.9717
129.43
8.5547
-85.744
1.3911
0.00036762
0.033513
0.021829
0.24592
0.12775
0.74803
0.00053233
0.00033496
6.9717e-06
0.097538
0.1193
0.98199
0.0090231
0.080988
0.98716
0.99163
0.0013651
0.0040071
0.98703
0.18295
0.0040216
0.1661
4.9513e-06
6.5512e-06
0.56954
13.043
0.9337
13.046
4.2804
13.043
0.0011169
0.01894
0.0063359
0.023179
0.13782
0.12035
0.00091215
0.92219
0.077805
0.42511
0.043411
0.093798
0.43768
2.0285
0.0069853
-8.8476e-06
0.082974
0.44888
0.30254
-60031
-47.8
0.0743
0.9717
129.43
8.5547
-85.744
1.3911
0.00036751
0.033503
0.021818
0.24589
0.12773
0.74797
0.00053206
0.00033432
6.9717e-06
0.097496
0.11924
0.98199
0.0090231
0.080987
0.98716
0.99163
0.0013651
0.0040071
0.98703
0.18295
0.0040216
0.1661
4.945e-06
6.545e-06
0.56962
13.04
0.93361
13.044
4.28
13.04
0.0011154
0.018936
0.0063327
0.021405
0.13782
0.12035
0.00091238
0.95226
0.047742
0.51803
0.032197
0.077988
0.37178
1.9376
0.0070268
1.7163e-05
0.082873
0.44888
0.24035
-54025
-47.8
0.0743
0.9717
129.43
8.5547
-85.744
1.391
0.00036715
0.033472
0.021804
0.24584
0.12771
0.74791
0.00053169
0.00033275
6.9717e-06
0.097476
0.11922
0.98199
0.0090231
0.080986
0.98716
0.99163
0.0013651
0.0040071
0.98703
0.18295
0.0040216
0.1661
4.9412e-06
6.541e-06
0.56966
13.038
0.93355
13.042
4.2797
13.038
0.001111
0.018931
0.00632
0.020504
0.13781
0.12036
0.0009126
0.9642
0.035799
0.56882
0.026516
0.069432
0.33523
1.8853
0.0070138
8.6801e-06
0.082898
0.44938
0.20667
-50628
-47.8
0.0743
0.9717
129.43
8.5547
-85.744
1.3911
0.0003673
0.033485
0.021803
0.24584
0.1277
0.74795
0.00053166
0.00033396
6.9717e-06
0.09744
0.11916
0.98199
0.0090231
0.080985
0.98716
0.99163
0.0013651
0.0040071
0.98703
0.18295
0.0040216
0.1661
4.9365e-06
6.5367e-06
0.56973
13.035
0.93348
13.039
4.2793
13.036
0.0011145
0.018926
0.0063306
0.021364
0.13781
0.12036
0.00091289
0.95286
0.047136
0.52007
0.031921
0.077645
0.37036
1.9356
0.0070267
1.7111e-05
0.082813
0.44884
0.23902
-53895
-47.8
0.0743
0.9717
129.43
8.5547
-85.744
1.391
0.00036711
0.033468
0.02179
0.2458
0.12768
0.74789
0.00053134
0.00033341
6.9717e-06
0.097411
0.11913
0.98199
0.0090231
0.080984
0.98716
0.99163
0.0013651
0.0040071
0.98703
0.18295
0.0040216
0.1661
4.9304e-06
6.5301e-06
0.56978
13.033
0.93341
13.037
4.279
13.034
0.0011129
0.018922
0.0063258
0.020814
0.13781
0.12037
0.00091316
0.96032
0.039679
0.55058
0.028443
0.07251
0.34847
1.9061
0.0070237
1.503e-05
0.082703
0.44864
0.21914
-51942
-47.8
0.0743
0.9717
129.43
8.5547
-85.744
1.391
0.00036711
0.033469
0.021782
0.24578
0.12765
0.74788
0.00053115
0.00033408
6.9717e-06
0.097375
0.11908
0.98199
0.0090231
0.080984
0.98716
0.99163
0.0013651
0.0040071
0.98703
0.18294
0.0040216
0.1661
4.924e-06
6.5233e-06
0.56985
13.031
0.93334
13.035
4.2787
13.031
0.0011147
0.018917
0.0063309
0.021404
0.13781
0.12037
0.00091346
0.95224
0.047764
0.518
0.032205
0.077997
0.37179
1.9381
0.0070276
1.7686e-05
0.082829
0.44878
0.24048
-54053
-47.8
0.0743
0.9717
129.43
8.5547
-85.744
1.391
0.00036691
0.033451
0.021771
0.24573
0.12763
0.74782
0.00053085
0.00033341
6.9717e-06
0.097354
0.11905
0.98199
0.0090231
0.080983
0.98716
0.99163
0.0013651
0.0040071
0.98703
0.18294
0.0040216
0.1661
4.9192e-06
6.5179e-06
0.56988
13.029
0.93328
13.033
4.2784
13.029
0.0011128
0.018913
0.0063248
0.020801
0.13781
0.12038
0.00091373
0.96045
0.039547
0.55134
0.02838
0.072385
0.34789
1.9059
0.0070257
1.6338e-05
0.082693
0.44854
0.21881
-51919
-47.8
0.0743
0.9717
129.43
8.5547
-85.744
1.391
0.00036704
0.033462
0.021769
0.24574
0.12762
0.74784
0.00053082
0.00033455
6.9717e-06
0.097333
0.11902
0.98199
0.0090232
0.080982
0.98716
0.99163
0.0013651
0.0040071
0.98703
0.18294
0.0040216
0.1661
4.9155e-06
6.514e-06
0.56992
13.027
0.93322
13.031
4.2782
13.028
0.0011159
0.01891
0.0063336
0.021835
0.13781
0.12038
0.00091404
0.94572
0.054282
0.49481
0.034979
0.081922
0.38829
1.961
0.0070269
1.7293e-05
0.082909
0.4488
0.25595
-55566
-47.8
0.0743
0.9717
129.43
8.5547
-85.744
1.391
0.00036683
0.033443
0.021766
0.24572
0.12762
0.74783
0.00053072
0.00033322
6.9717e-06
0.097351
0.11905
0.98199
0.0090232
0.080981
0.98716
0.99163
0.0013651
0.0040071
0.98703
0.18294
0.0040216
0.1661
4.9178e-06
6.5162e-06
0.56989
13.027
0.93321
13.03
4.2781
13.027
0.0011121
0.01891
0.0063223
0.020682
0.13781
0.12038
0.00091424
0.96195
0.038052
0.55818
0.027644
0.071237
0.34294
1.8992
0.0070283
1.7947e-05
0.08271
0.44853
0.21457
-51481
-47.8
0.0743
0.9717
129.43
8.5547
-85.744
1.3911
0.00036716
0.033472
0.021782
0.24578
0.12765
0.748
0.00053114
0.00033495
6.9717e-06
0.097387
0.11909
0.98199
0.0090232
0.080981
0.98716
0.99163
0.0013651
0.0040071
0.98703
0.18294
0.0040216
0.1661
4.925e-06
6.5242e-06
0.56983
13.027
0.93321
13.031
4.2781
13.027
0.0011168
0.018911
0.006335
0.023506
0.13781
0.12038
0.00091449
0.91547
0.084528
0.40892
0.045481
0.096584
0.44901
2.0452
0.0069788
-1.2904e-05
0.082965
0.44879
0.31405
-61105
-47.8
0.0743
0.9717
129.43
8.5547
-85.744
1.3912
0.00036616
0.033389
0.02179
0.24576
0.12773
0.7481
0.00053128
0.00032799
6.9717e-06
0.097542
0.11932
0.98199
0.0090232
0.08098
0.98716
0.99163
0.0013651
0.0040071
0.98703
0.18294
0.0040216
0.1661
4.9543e-06
6.5563e-06
0.56958
13.031
0.93333
13.035
4.2787
13.031
0.0010974
0.01892
0.0062796
0.019371
0.13781
0.12037
0.0009144
0.97695
0.023049
0.63734
0.019286
0.057938
0.28544
1.7995
0.0069687
-2.0156e-05
0.083462
0.45285
0.1615
-45494
-47.8
0.0743
0.9717
129.43
8.5547
-85.744
1.3914
0.00036586
0.033365
0.021811
0.24581
0.12781
0.74831
0.00053179
0.00032511
6.9717e-06
0.09766
0.11949
0.98199
0.0090232
0.080979
0.98716
0.99163
0.0013651
0.0040071
0.98703
0.18294
0.0040216
0.1661
4.979e-06
6.584e-06
0.5694
13.033
0.93341
13.037
4.2791
13.034
0.0010895
0.018927
0.0062577
0.018905
0.13781
0.12036
0.00091445
0.98146
0.018541
0.66601
0.016332
0.053164
0.26449
1.7611
0.0069381
-3.97e-05
0.08348
0.45415
0.14346
-43316
-47.8
0.0743
0.9717
129.43
8.5547
-85.744
1.3915
0.00036592
0.03337
0.021824
0.24586
0.12785
0.74843
0.00053209
0.00032472
6.9717e-06
0.0977
0.11954
0.98199
0.0090232
0.080979
0.98716
0.99163
0.0013651
0.0040071
0.98703
0.18294
0.0040216
0.1661
4.9886e-06
6.5952e-06
0.56934
13.034
0.93342
13.037
4.2791
13.034
0.0010886
0.018928
0.006256
0.018922
0.13781
0.12036
0.00091462
0.98137
0.018634
0.6645
0.016392
0.053413
0.26569
1.7623
0.0069424
-3.6922e-05
0.083388
0.45409
0.14445
-43401
-47.8
0.0743
0.9717
129.43
8.5547
-85.744
1.3914
0.00036595
0.033372
0.021813
0.24583
0.12781
0.74834
0.00053182
0.00032512
6.9717e-06
0.097656
0.11947
0.98199
0.0090232
0.080978
0.98716
0.99163
0.0013651
0.0040071
0.98703
0.18294
0.0040216
0.1661
4.9792e-06
6.5847e-06
0.56941
13.031
0.93334
13.035
4.2787
13.032
0.0010897
0.018923
0.0062586
0.018747
0.13781
0.12037
0.00091491
0.9828
0.017201
0.6768
0.015413
0.051375
0.25642
1.7465
0.006923
-4.9285e-05
0.083692
0.45491
0.13665
-42504
-47.8
0.0743
0.9717
129.43
8.5547
-85.744
1.3915
0.00036679
0.033444
0.021823
0.24593
0.12779
0.74846
0.00053211
0.00032969
6.9717e-06
0.097561
0.11932
0.98199
0.0090232
0.080978
0.98716
0.99163
0.0013651
0.0040071
0.98703
0.18294
0.0040216
0.1661
4.9684e-06
6.5754e-06
0.5696
13.027
0.9332
13.03
4.2781
13.027
0.0011031
0.018916
0.0063007
0.020178
0.13781
0.12037
0.00091534
0.96851
0.031488
0.58673
0.024189
0.066404
0.32268
1.8606
0.0070225
1.4155e-05
0.08276
0.45038
0.19499
-49182
-47.8
0.0743
0.9717
129.43
8.5547
-85.744
1.3913
0.00036666
0.033432
0.021788
0.24582
0.1277
0.74824
0.00053125
0.0003309
6.9717e-06
0.09743
0.11915
0.98199
0.0090232
0.080977
0.98716
0.99163
0.0013651
0.0040071
0.98703
0.18294
0.0040216
0.1661
4.9418e-06
6.5459e-06
0.56981
13.022
0.93305
13.025
4.2774
13.022
0.0011062
0.018903
0.0063088
0.020362
0.13781
0.12039
0.00091574
0.96618
0.033821
0.57619
0.025453
0.068185
0.33017
1.875
0.0070256
1.6192e-05
0.08273
0.4497
0.20216
-50033
-47.8
0.0743
0.9717
129.43
8.5547
-85.744
1.391
0.00036605
0.033377
0.021731
0.24559
0.12757
0.74785
0.00052982
0.0003306
6.9717e-06
0.097283
0.11896
0.98199
0.0090232
0.080976
0.98716
0.99163
0.0013651
0.0040071
0.98703
0.18294
0.0040216
0.1661
4.9076e-06
6.5068e-06
0.57004
13.016
0.93289
13.02
4.2766
13.017
0.0011048
0.018886
0.0063013
0.019985
0.13781
0.1204
0.00091613
0.9703
0.029702
0.59975
0.023243
0.064235
0.31278
1.8483
0.0070018
9.4772e-07
0.083152
0.4508
0.18616
-48367
-47.8
0.0743
0.9717
129.43
8.5547
-85.744
1.3908
0.00036616
0.033383
0.021698
0.24549
0.12747
0.74768
0.00052901
0.00033393
6.9717e-06
0.097126
0.11875
0.98199
0.0090232
0.080976
0.98716
0.99163
0.0013651
0.0040071
0.98703
0.18294
0.0040216
0.1661
4.877e-06
6.473e-06
0.5703
13.011
0.93271
13.015
4.2758
13.011
0.0011139
0.01887
0.0063261
0.02205
0.13781
0.12042
0.0009166
0.94231
0.05769
0.483
0.036318
0.083937
0.39674
1.9743
0.0070269
1.7365e-05
0.082766
0.44834
0.26439
-56422
-47.8
0.0743
0.9717
129.43
8.5547
-85.744
1.3906
0.00036564
0.033337
0.021656
0.24532
0.12737
0.74741
0.00052794
0.00033338
6.9717e-06
0.097016
0.11862
0.98199
0.0090232
0.080975
0.98716
0.99163
0.0013651
0.0040071
0.98703
0.18294
0.0040216
0.1661
4.8528e-06
6.4454e-06
0.57048
13.007
0.93259
13.011
4.2753
13.007
0.001112
0.018857
0.0063187
0.021221
0.13781
0.12043
0.00091692
0.95466
0.045338
0.52784
0.031113
0.076363
0.36469
1.9325
0.0070326
2.0789e-05
0.082629
0.44788
0.23493
-53614
-47.8
0.0743
0.9717
129.43
8.5547
-85.744
1.3905
0.00036542
0.033316
0.021625
0.2452
0.1273
0.74723
0.00052718
0.00033426
6.9717e-06
0.096925
0.1185
0.98199
0.0090232
0.080975
0.98716
0.99163
0.0013651
0.0040071
0.98703
0.18294
0.0040216
0.1661
4.8322e-06
6.4218e-06
0.57062
13.003
0.93248
13.007
4.2748
13.004
0.0011141
0.018846
0.0063226
0.02205
0.1378
0.12044
0.00091724
0.94202
0.057983
0.48327
0.036462
0.083911
0.39635
1.9773
0.0070232
1.5e-05
0.082765
0.44777
0.26462
-56559
-47.8
0.0743
0.9717
129.43
8.5547
-85.744
1.3904
0.00036534
0.033309
0.021611
0.24514
0.12726
0.74715
0.00052683
0.00033496
6.9717e-06
0.096887
0.11845
0.98199
0.0090232
0.080974
0.98716
0.99163
0.0013651
0.0040071
0.98703
0.18294
0.0040216
0.1661
4.8222e-06
6.4101e-06
0.57067
13.002
0.93243
13.005
4.2745
13.002
0.0011158
0.01884
0.0063254
0.023021
0.1378
0.12045
0.00091749
0.92469
0.075308
0.43334
0.042665
0.092435
0.43156
2.0271
0.0069933
-3.8187e-06
0.082871
0.44768
0.29832
-59823
-47.8
0.0743
0.9717
129.43
8.5547
-85.744
1.3905
0.00036523
0.0333
0.021626
0.24518
0.12731
0.74733
0.00052718
0.00033378
6.9717e-06
0.096955
0.11855
0.98199
0.0090232
0.080974
0.98716
0.99163
0.0013651
0.0040071
0.98703
0.18294
0.0040216
0.1661
4.8371e-06
6.4271e-06
0.57057
13.003
0.93248
13.007
4.2748
13.004
0.0011126
0.018844
0.0063169
0.023264
0.1378
0.12045
0.00091756
0.92033
0.079671
0.42054
0.043961
0.09463
0.44087
2.0392
0.0069862
-8.2526e-06
0.082654
0.44749
0.30734
-60635
-47.8
0.0743
0.9717
129.43
8.5547
-85.744
1.3906
0.00036414
0.033208
0.02163
0.24514
0.12739
0.7474
0.00052723
0.00032636
6.9717e-06
0.097109
0.11878
0.98199
0.0090232
0.080974
0.98716
0.99163
0.0013651
0.0040071
0.98703
0.18293
0.0040216
0.1661
4.865e-06
6.4575e-06
0.57032
13.008
0.93261
13.011
4.2754
13.008
0.0010918
0.018853
0.006257
0.019181
0.1378
0.12044
0.0009174
0.97861
0.021389
0.6486
0.018219
0.056089
0.27709
1.7908
0.0069497
-3.2282e-05
0.083232
0.45199
0.15495
-44917
-47.8
0.0743
0.9717
129.43
8.5547
-85.744
1.3908
0.0003643
0.033224
0.021657
0.24524
0.12746
0.74761
0.0005279
0.00032555
6.9717e-06
0.097193
0.11889
0.98199
0.0090232
0.080973
0.98716
0.99163
0.0013651
0.0040071
0.98703
0.18293
0.0040216
0.1661
4.8842e-06
6.4796e-06
0.57019
13.009
0.93266
13.013
4.2756
13.01
0.0010899
0.018859
0.006253
0.018979
0.1378
0.12043
0.00091745
0.98055
0.01945
0.66144
0.016945
0.053947
0.26767
1.7726
0.0069345
-4.1928e-05
0.083354
0.45291
0.14667
-43898
-47.8
0.0743
0.9717
129.43
8.5547
-85.744
1.3911
0.00036555
0.033333
0.021704
0.24548
0.12752
0.748
0.00052913
0.00033078
6.9717e-06
0.097203
0.11887
0.98199
0.0090232
0.080973
0.98716
0.99163
0.0013651
0.0040071
0.98703
0.18293
0.0040216
0.1661
4.8962e-06
6.496e-06
0.57021
13.008
0.93263
13.012
4.2755
13.009
0.0011054
0.018863
0.0063027
0.021624
0.1378
0.12043
0.00091771
0.94962
0.050379
0.50396
0.0332
0.080387
0.38246
1.953
0.0070404
2.5927e-05
0.082181
0.44773
0.25116
-55067
-47.8
0.0743
0.9717
129.43
8.5547
-85.744
1.3908
0.00036456
0.033246
0.021661
0.24529
0.12746
0.74762
0.00052801
0.00032616
6.9718e-06
0.097184
0.11886
0.98199
0.0090232
0.080972
0.98716
0.99163
0.0013651
0.0040071
0.98703
0.18293
0.0040216
0.1661
4.8832e-06
6.4789e-06
0.57021
13.007
0.9326
13.011
4.2753
13.008
0.0010917
0.018858
0.0062589
0.018817
0.1378
0.12043
0.00091783
0.98193
0.018073
0.67295
0.01602
0.052033
0.25899
1.7571
0.0069172
-5.297e-05
0.083699
0.45389
0.13921
-43026
-47.8
0.0743
0.9717
129.43
8.5547
-85.744
1.391
0.00036544
0.033323
0.021685
0.24543
0.12747
0.74784
0.00052863
0.00033055
6.9718e-06
0.097133
0.11877
0.98199
0.0090232
0.080972
0.98716
0.99163
0.0013651
0.0040071
0.98703
0.18293
0.0040216
0.1661
4.8826e-06
6.4811e-06
0.57033
13.004
0.93251
13.008
4.2749
13.005
0.0011048
0.018856
0.006301
0.020643
0.1378
0.12043
0.00091816
0.96279
0.037211
0.55854
0.027149
0.071186
0.34312
1.8997
0.0070338
2.1493e-05
0.082146
0.44766
0.21508
-51542
-47.8
0.0743
0.9717
129.43
8.5547
-85.744
1.3908
0.00036556
0.033332
0.021666
0.24538
0.12741
0.74768
0.00052818
0.00033202
6.9718e-06
0.097044
0.11865
0.98199
0.0090232
0.080972
0.98716
0.99163
0.0013651
0.0040071
0.98703
0.18293
0.0040216
0.1661
4.8648e-06
6.4612e-06
0.57047
13.001
0.9324
13.005
4.2744
13.001
0.0011087
0.018848
0.0063115
0.020676
0.1378
0.12044
0.00091848
0.9621
0.037896
0.55765
0.027534
0.071338
0.34348
1.9014
0.0070295
1.8739e-05
0.082408
0.4479
0.21534
-51628
-47.8
0.0743
0.9717
129.43
8.5547
-85.744
1.3908
0.0003657
0.033342
0.021649
0.24533
0.12736
0.74758
0.00052777
0.00033422
6.9718e-06
0.096962
0.11853
0.98199
0.0090232
0.080971
0.98716
0.99163
0.0013651
0.0040071
0.98703
0.18293
0.0040216
0.1661
4.8478e-06
6.4422e-06
0.5706
12.998
0.93231
13.002
4.274
12.998
0.0011146
0.018838
0.006327
0.022622
0.1378
0.12045
0.00091881
0.93247
0.067534
0.45323
0.039983
0.089011
0.41777
2.0041
0.0070086
5.8791e-06
0.082808
0.44823
0.2843
-58406
-47.8
0.0743
0.9717
129.43
8.5547
-85.744
1.3907
0.00036507
0.033288
0.021634
0.24525
0.12735
0.7475
0.00052736
0.00033111
6.9718e-06
0.096968
0.11856
0.98199
0.0090232
0.080971
0.98716
0.99163
0.0013651
0.0040071
0.98703
0.18293
0.0040216
0.1661
4.8487e-06
6.4431e-06
0.5706
12.997
0.93229
13.001
4.2739
12.998
0.0011059
0.018836
0.0063019
0.020442
0.1378
0.12045
0.00091891
0.96493
0.035066
0.57136
0.026103
0.069033
0.3335
1.8869
0.0070225
1.4252e-05
0.082485
0.44817
0.20625
-50699
-47.8
0.0743
0.9717
129.43
8.5547
-85.744
1.3907
0.00036484
0.033269
0.021627
0.24521
0.12734
0.74747
0.00052717
0.00033013
6.9718e-06
0.096963
0.11856
0.98199
0.0090232
0.080971
0.98716
0.99163
0.0013651
0.0040071
0.98703
0.18293
0.0040216
0.1661
4.8474e-06
6.4417e-06
0.57061
12.997
0.93227
13.001
4.2738
12.997
0.0011031
0.018834
0.0062933
0.020045
0.1378
0.12046
0.00091906
0.96955
0.03045
0.59544
0.023645
0.064977
0.31594
1.8572
0.0070044
2.6575e-06
0.082839
0.44961
0.18966
-48882
-47.8
0.0743
0.9717
129.43
8.5547
-85.744
1.3907
0.00036542
0.033319
0.021639
0.24529
0.12734
0.74756
0.0005275
0.00033302
6.9718e-06
0.096938
0.11851
0.98199
0.0090232
0.080971
0.98716
0.99163
0.0013651
0.0040071
0.98703
0.18293
0.0040216
0.1661
4.8452e-06
6.4401e-06
0.57066
12.995
0.93223
12.999
4.2736
12.996
0.0011114
0.018832
0.0063184
0.021475
0.1378
0.12046
0.00091929
0.95119
0.04881
0.51361
0.032636
0.07876
0.37499
1.9454
0.0070343
2.2011e-05
0.082589
0.448
0.2443
-54523
-47.8
0.0743
0.9717
129.43
8.5547
-85.744
1.3908
0.00036567
0.03334
0.021648
0.24534
0.12736
0.74763
0.00052775
0.00033382
6.9718e-06
0.096947
0.11851
0.98199
0.0090232
0.08097
0.98716
0.99163
0.0013651
0.0040071
0.98703
0.18293
0.0040216
0.1661
4.8482e-06
6.4437e-06
0.57064
12.995
0.93222
12.999
4.2736
12.995
0.0011137
0.018833
0.0063255
0.021901
0.1378
0.12046
0.00091943
0.94464
0.055363
0.49093
0.035399
0.082595
0.39107
1.9669
0.0070293
1.8879e-05
0.08275
0.44828
0.25911
-55962
-47.8
0.0743
0.9717
129.43
8.5547
-85.744
1.3909
0.00036544
0.033322
0.021662
0.24538
0.12741
0.74776
0.00052808
0.00033145
6.9718e-06
0.097025
0.11862
0.98199
0.0090232
0.08097
0.98716
0.99163
0.0013651
0.0040071
0.98703
0.18293
0.0040216
0.1661
4.8651e-06
6.463e-06
0.57052
12.997
0.93228
13.001
4.2738
12.997
0.0011073
0.018839
0.0063083
0.020617
0.1378
0.12045
0.00091942
0.96293
0.037074
0.5607
0.027109
0.070825
0.34137
1.8979
0.0070341
2.1658e-05
0.08233
0.44789
0.21354
-51423
-47.8
0.0743
0.9717
129.43
8.5547
-85.744
1.391
0.00036503
0.033288
0.021669
0.24538
0.12746
0.74783
0.00052822
0.00032867
6.9718e-06
0.097106
0.11874
0.98199
0.0090232
0.08097
0.98716
0.99163
0.0013651
0.0040071
0.98703
0.18293
0.0040216
0.1661
4.8797e-06
6.4789e-06
0.57039
12.999
0.93235
13.003
4.2742
12.999
0.0010994
0.018843
0.0062852
0.01986
0.1378
0.12045
0.00091939
0.97184
0.02816
0.60598
0.022333
0.063196
0.30849
1.8418
0.0070045
2.6855e-06
0.082817
0.45036
0.18269
-48006
-47.8
0.0743
0.9717
129.43
8.5547
-85.744
1.391
0.00036473
0.033261
0.021667
0.24535
0.12747
0.7478
0.00052815
0.00032664
6.9718e-06
0.09715
0.11881
0.98199
0.0090232
0.08097
0.98716
0.99163
0.0013651
0.0040071
0.98703
0.18293
0.0040216
0.1661
4.8853e-06
6.4842e-06
0.57031
13
0.93238
13.004
4.2743
13.001
0.0010935
0.018846
0.0062666
0.019043
0.1378
0.12044
0.0009194
0.97997
0.020034
0.65791
0.01734
0.054529
0.27022
1.7758
0.0069466
-3.4222e-05
0.083494
0.45325
0.14878
-44126
-47.8
0.0743
0.9717
129.43
8.5547
-85.744
1.3913
0.00036569
0.033346
0.021708
0.24554
0.12753
0.74816
0.00052923
0.0003306
6.9718e-06
0.097172
0.11882
0.98199
0.0090232
0.08097
0.98716
0.99163
0.0013651
0.0040071
0.98703
0.18293
0.0040216
0.1661
4.8986e-06
6.5017e-06
0.5703
13
0.93238
13.004
4.2743
13.001
0.0011053
0.01885
0.0063049
0.021005
0.1378
0.12044
0.00091954
0.95831
0.041687
0.53797
0.02932
0.074636
0.35807
1.9181
0.0070486
3.1026e-05
0.082185
0.44805
0.22859
-52816
-47.8
0.0743
0.9717
129.43
8.5547
-85.744
1.3911
0.00036491
0.033278
0.021683
0.24541
0.1275
0.74797
0.00052855
0.00032719
6.9718e-06
0.097182
0.11885
0.98199
0.0090232
0.08097
0.98716
0.99163
0.0013651
0.0040071
0.98703
0.18293
0.0040216
0.1661
4.8946e-06
6.4955e-06
0.57027
13.001
0.93239
13.004
4.2744
13.001
0.0010953
0.018848
0.0062732
0.019498
0.1378
0.12044
0.00091956
0.9757
0.0243
0.62809
0.020041
0.059495
0.29238
1.8134
0.0069876
-8.1175e-06
0.083001
0.45154
0.16816
-46331
-47.8
0.0743
0.9717
129.43
8.5547
-85.744
1.3908
0.00036424
0.033219
0.021648
0.24525
0.12744
0.74768
0.00052765
0.00032494
6.9718e-06
0.097149
0.11882
0.98199
0.0090232
0.08097
0.98716
0.99163
0.0013651
0.0040071
0.98703
0.18293
0.0040216
0.1661
4.8806e-06
6.4777e-06
0.5703
13
0.93236
13.004
4.2742
13
0.0010883
0.018842
0.0062491
0.018606
0.1378
0.12045
0.00091964
0.98378
0.016223
0.6861
0.014719
0.049858
0.24932
1.7397
0.0069123
-5.6056e-05
0.083637
0.45422
0.13164
-42084
-47.8
0.0743
0.9717
129.43
8.5547
-85.744
1.3911
0.00036557
0.033334
0.021684
0.24545
0.12747
0.74801
0.00052863
0.00033167
6.9718e-06
0.097096
0.11872
0.98199
0.0090232
0.080969
0.98716
0.99163
0.0013651
0.0040071
0.98703
0.18293
0.0040216
0.1661
4.8814e-06
6.4819e-06
0.57042
12.997
0.93229
13.001
4.2739
12.998
0.001108
0.018841
0.0063107
0.021978
0.1378
0.12045
0.00091989
0.94405
0.055947
0.48543
0.035515
0.083523
0.39553
1.9706
0.0070419
2.7003e-05
0.082361
0.44803
0.26354
-56273
-47.8
0.0743
0.9717
129.43
8.5547
-85.744
1.3909
0.00036487
0.033273
0.021654
0.24532
0.12742
0.74774
0.00052784
0.00032829
6.9718e-06
0.097071
0.11869
0.98199
0.0090232
0.080969
0.98716
0.99163
0.0013651
0.0040071
0.98703
0.18293
0.0040216
0.1661
4.8717e-06
6.4697e-06
0.57045
12.996
0.93226
13
4.2738
12.997
0.0010981
0.018837
0.0062801
0.019422
0.1378
0.12045
0.00091992
0.97628
0.023719
0.63409
0.019704
0.058498
0.28771
1.8071
0.0069771
-1.48e-05
0.083319
0.45202
0.16409
-45931
-47.8
0.0743
0.9717
129.43
8.5547
-85.744
1.391
0.00036526
0.033307
0.021662
0.24538
0.12742
0.74782
0.00052806
0.00033031
6.9718e-06
0.097038
0.11864
0.98199
0.0090232
0.080969
0.98716
0.99163
0.0013651
0.0040071
0.98703
0.18293
0.0040216
0.1661
4.8695e-06
6.4686e-06
0.57051
12.995
0.93222
12.999
4.2736
12.995
0.0011041
0.018835
0.0062993
0.020267
0.1378
0.12045
0.00092004
0.96718
0.032824
0.58143
0.024915
0.067327
0.32633
1.8727
0.0070278
1.7611e-05
0.082568
0.44899
0.19947
-49877
-47.8
0.0743
0.9717
129.43
8.5547
-85.744
1.391
0.00036565
0.03334
0.021666
0.24541
0.12741
0.74786
0.00052818
0.00033264
6.9718e-06
0.097001
0.11858
0.98199
0.0090232
0.080969
0.98716
0.99163
0.0013651
0.0040071
0.98703
0.18293
0.0040216
0.1661
4.8642e-06
6.4634e-06
0.57058
12.994
0.93217
12.997
4.2734
12.994
0.0011107
0.018832
0.0063189
0.02159
0.1378
0.12046
0.00092016
0.94969
0.05031
0.507
0.033258
0.079869
0.37988
1.9499
0.0070427
2.7413e-05
0.082553
0.44828
0.24877
-54882
-47.8
0.0743
0.9717
129.43
8.5547
-85.744
1.3909
0.00036501
0.033285
0.021646
0.24531
0.12739
0.7477
0.00052766
0.00032965
6.9718e-06
0.097006
0.1186
0.98199
0.0090232
0.080969
0.98716
0.99163
0.0013651
0.0040071
0.98703
0.18293
0.0040216
0.1661
4.8616e-06
6.4594e-06
0.57056
12.994
0.93218
12.998
4.2734
12.994
0.0011021
0.018831
0.0062923
0.019907
0.1378
0.12046
0.00092011
0.97118
0.028821
0.60371
0.022726
0.063582
0.30998
1.8456
0.0070077
4.7802e-06
0.082929
0.45028
0.18424
-48220
