-85.744
1.3913
0.00036793
0.033541
0.021867
0.24603
0.12784
0.74816
0.00053329
0.00033475
6.9718e-06
0.09763
0.11944
0.98199
0.0090232
0.08099
0.98716
0.99163
0.0013651
0.0040071
0.98703
0.18296
0.0040216
0.1661
4.9745e-06
6.5772e-06
0.56936
13.051
0.93397
13.055
4.2816
13.051
0.0011164
0.018949
0.0063347
0.023027
0.13782
0.12034
0.00091197
0.9253
0.074697
0.43257
0.042386
0.092516
0.43253
2.0205
0.0070041
3.1174e-06
0.082937
0.44894
0.29802
-59549
-47.8
0.0743
0.9717
129.43
8.5547
-85.744
1.391
0.00036637
0.033407
0.021831
0.24584
0.12783
0.74788
0.00053231
0.00032641
6.9718e-06
0.097701
0.11956
0.98199
0.0090232
0.080989
0.98716
0.99163
0.0013651
0.0040071
0.98703
0.18296
0.0040216
0.1661
4.9795e-06
6.5802e-06
0.56923
13.053
0.93401
13.056
4.2818
13.053
0.0010925
0.018951
0.0062623
0.018493
0.13782
0.12034
0.00091177
0.98474
0.015256
0.69518
0.014032
0.048343
0.24245
1.7247
0.0068923
-6.8778e-05
0.084143
0.45559
0.12568
-41269
-47.8
0.0743
0.9717
129.43
8.5547
-85.744
1.3915
0.00036761
0.033517
0.021891
0.24612
0.12793
0.74842
0.00053387
0.00033075
6.9718e-06
0.097738
0.11958
0.98199
0.0090232
0.080988
0.98716
0.99163
0.0013651
0.0040071
0.98703
0.18296
0.0040216
0.1661
5.0024e-06
6.6103e-06
0.56922
13.052
0.93398
13.056
4.2817
13.052
0.0011059
0.018957
0.0063088
0.020422
0.13782
0.12033
0.00091188
0.96567
0.034328
0.57205
0.025693
0.068879
0.33338
1.8789
0.0070335
2.1273e-05
0.082563
0.4494
0.20517
-50317
-47.8
0.0743
0.9717
129.43
8.5547
-85.744
1.3915
0.0003679
0.033541
0.021893
0.24616
0.12792
0.74841
0.00053391
0.00033178
6.9718e-06
0.097709
0.11953
0.98199
0.0090232
0.080987
0.98716
0.99163
0.0013651
0.0040071
0.98703
0.18296
0.0040216
0.1661
4.9977e-06
6.6056e-06
0.56928
13.049
0.93391
13.053
4.2813
13.05
0.0011089
0.018955
0.0063182
0.020281
0.13782
0.12033
0.00091205
0.96714
0.032855
0.58163
0.024958
0.067258
0.32615
1.8666
0.0070221
1.3969e-05
0.083007
0.45052
0.19806
-49557
-47.8
0.0743
0.9717
129.43
8.5547
-85.744
1.3914
0.00036795
0.033545
0.021877
0.24612
0.12788
0.74829
0.00053354
0.00033279
6.9718e-06
0.097651
0.11944
0.98199
0.0090232
0.080986
0.98716
0.99163
0.0013651
0.0040071
0.98703
0.18295
0.0040217
0.1661
4.9843e-06
6.5905e-06
0.56938
13.046
0.93382
13.05
4.2809
13.047
0.0011116
0.018951
0.0063254
0.020441
0.13782
0.12034
0.00091228
0.96513
0.034872
0.57247
0.026032
0.068805
0.33269
1.8785
0.0070271
1.7163e-05
0.082977
0.45
0.20436
-50275
-47.8
0.0743
0.9717
129.43
8.5547
-85.744
1.3913
0.00036815
0.033561
0.021867
0.24609
0.12783
0.74825
0.00053329
0.00033506
6.9718e-06
0.09759
0.11935
0.98199
0.0090232
0.080985
0.98716
0.99163
0.0013651
0.0040071
0.98703
0.18295
0.0040217
0.1661
4.9713e-06
6.576e-06
0.56948
13.043
0.93372
13.047
4.2805
13.044
0.0011178
0.018945
0.0063424
0.022173
0.13782
0.12034
0.00091256
0.94046
0.059537
0.47691
0.037057
0.084938
0.4011
1.9753
0.0070293
1.8958e-05
0.083052
0.44948
0.2676
-56596
-47.8
0.0743
0.9717
129.43
8.5547
-85.744
1.3912
0.00036745
0.033501
0.021842
0.24598
0.12781
0.74807
0.00053263
0.00033176
6.9718e-06
0.097589
0.11936
0.98199
0.0090232
0.080985
0.98716
0.99163
0.0013651
0.0040071
0.98703
0.18295
0.0040217
0.1661
4.9665e-06
6.5694e-06
0.56947
13.042
0.93369
13.046
4.2803
13.043
0.0011083
0.018942
0.0063132
0.019835
0.13781
0.12035
0.00091268
0.97196
0.028039
0.60999
0.022317
0.062503
0.30519
1.8335
0.0069958
-2.836e-06
0.083587
0.45207
0.17903
-47518
-47.8
0.0743
0.9717
129.43
8.5547
-85.744
1.3914
0.00036811
0.033558
0.021867
0.2461
0.12784
0.74833
0.0005333
0.0003349
6.9718e-06
0.097596
0.11936
0.98199
0.0090232
0.080984
0.98716
0.99163
0.0013651
0.0040071
0.98703
0.18295
0.0040217
0.1661
4.9735e-06
6.5789e-06
0.56948
13.041
0.93365
13.045
4.2801
13.041
0.0011175
0.018942
0.0063415
0.022262
0.13781
0.12035
0.00091293
0.93903
0.060966
0.47207
0.037589
0.085759
0.40458
1.9797
0.0070292
1.8926e-05
0.083026
0.44949
0.27089
-56899
-47.8
0.0743
0.9717
129.43
8.5547
-85.744
1.3915
0.00036756
0.033511
0.02187
0.24608
0.12788
0.74842
0.00053333
0.00033141
6.9718e-06
0.097667
0.11947
0.98199
0.0090232
0.080983
0.98716
0.99163
0.0013651
0.0040071
0.98703
0.18295
0.0040217
0.1661
4.988e-06
6.5952e-06
0.56937
13.042
0.93369
13.046
4.2803
13.043
0.0011078
0.018946
0.0063144
0.020466
0.13781
0.12034
0.00091298
0.96506
0.034944
0.56981
0.026026
0.069256
0.3349
1.8818
0.0070369
2.3406e-05
0.082634
0.4494
0.20671
-50492
-47.8
0.0743
0.9717
129.43
8.5547
-85.744
1.3913
0.0003663
0.033403
0.021834
0.24589
0.12785
0.74817
0.00053237
0.00032575
6.9718e-06
0.097707
0.11955
0.98199
0.0090232
0.080982
0.98716
0.99163
0.0013651
0.0040071
0.98703
0.18295
0.0040217
0.1661
4.9864e-06
6.5907e-06
0.56928
13.043
0.93371
13.047
4.2804
13.043
0.0010912
0.018943
0.0062618
0.018631
0.13781
0.12034
0.00091305
0.98372
0.016278
0.68506
0.014764
0.050011
0.25017
1.7365
0.0069138
-5.5139e-05
0.083879
0.45523
0.1318
-41949
-47.8
0.0743
0.9717
129.43
8.5547
-85.744
1.3914
0.00036679
0.033445
0.021848
0.24597
0.12787
0.7483
0.00053276
0.0003278
6.9718e-06
0.097696
0.11952
0.98199
0.0090232
0.080981
0.98716
0.99163
0.0013651
0.0040071
0.98703
0.18295
0.0040217
0.1661
4.9884e-06
6.5943e-06
0.56932
13.041
0.93365
13.045
4.2801
13.041
0.0010973
0.018943
0.0062815
0.019205
0.13781
0.12035
0.00091332
0.97863
0.021371
0.64791
0.018218
0.056171
0.2777
1.7844
0.0069635
-2.3489e-05
0.083611
0.45369
0.15472
-44664
-47.8
0.0743
0.9717
129.43
8.5547
-85.744
1.3916
0.00036807
0.033556
0.021879
0.24616
0.12788
0.74856
0.00053359
0.00033392
6.9718e-06
0.09764
0.11941
0.98199
0.0090232
0.08098
0.98716
0.99163
0.0013651
0.0040071
0.98703
0.18295
0.0040217
0.1661
4.986e-06
6.5943e-06
0.56944
13.038
0.93354
13.041
4.2796
13.038
0.001115
0.01894
0.0063364
0.021894
0.13781
0.12035
0.00091372
0.94528
0.054725
0.49106
0.035105
0.082531
0.39131
1.96
0.0070419
2.6979e-05
0.082866
0.44951
0.25837
-55627
-47.8
0.0743
0.9717
129.43
8.5547
-85.744
1.3915
0.00036766
0.03352
0.021865
0.2461
0.12786
0.74848
0.00053321
0.00033192
6.9718e-06
0.097631
0.11941
0.98199
0.0090232
0.08098
0.98716
0.99163
0.0013651
0.0040071
0.98703
0.18295
0.0040217
0.1661
4.9833e-06
6.5913e-06
0.56945
13.036
0.9335
13.04
4.2794
13.036
0.0011094
0.018937
0.0063201
0.020489
0.13781
0.12035
0.00091392
0.96472
0.035278
0.56877
0.026211
0.069429
0.33559
1.8824
0.0070377
2.3943e-05
0.082729
0.44962
0.20726
-50539
-47.8
0.0743
0.9717
129.43
8.5547
-85.744
1.3913
0.0003667
0.033437
0.021828
0.24592
0.12782
0.74824
0.00053225
0.00032809
6.9718e-06
0.097619
0.11941
0.98199
0.0090232
0.080979
0.98716
0.99163
0.0013651
0.0040071
0.98703
0.18295
0.0040217
0.1661
4.9743e-06
6.5795e-06
0.56946
13.035
0.93346
13.039
4.2793
13.035
0.0010981
0.018931
0.0062842
0.019117
0.13781
0.12036
0.00091409
0.97939
0.020613
0.65413
0.017733
0.055137
0.273
1.7766
0.0069536
-2.9743e-05
0.083799
0.45419
0.15066
-44207
-47.8
0.0743
0.9717
129.43
8.5547
-85.744
1.3914
0.00036702
0.033464
0.021834
0.24596
0.12781
0.74835
0.00053241
0.00033002
6.9718e-06
0.097581
0.11935
0.98199
0.0090232
0.080978
0.98716
0.99163
0.0013651
0.0040071
0.98703
0.18295
0.0040217
0.1661
4.9715e-06
6.578e-06
0.56954
13.033
0.93339
13.036
4.2789
13.033
0.0011039
0.018927
0.0063024
0.019902
0.13781
0.12036
0.0009144
0.97149
0.028512
0.60429
0.022552
0.063456
0.3097
1.8394
0.0070096
5.9497e-06
0.083147
0.45147
0.18314
-47907
-47.8
0.0743
0.9717
129.43
8.5547
-85.744
1.3914
0.00036732
0.033489
0.02183
0.24597
0.12778
0.74838
0.00053232
0.00033249
6.9718e-06
0.097517
0.11926
0.98199
0.0090232
0.080978
0.98716
0.99163
0.0013651
0.0040071
0.98703
0.18294
0.0040217
0.1661
4.9612e-06
6.5675e-06
0.56966
13.029
0.93329
13.033
4.2785
13.03
0.0011109
0.01892
0.0063232
0.021189
0.13781
0.12037
0.00091474
0.95572
0.044284
0.52878
0.030577
0.076168
0.36448
1.9247
0.0070479
3.0624e-05
0.082576
0.44894
0.23391
-53264
-47.8
0.0743
0.9717
129.43
8.5547
-85.744
1.3911
0.0003663
0.0334
0.021777
0.24574
0.12769
0.74799
0.00053096
0.00032901
6.9718e-06
0.097453
0.11919
0.98199
0.0090232
0.080977
0.98716
0.99163
0.0013651
0.0040071
0.98703
0.18294
0.0040217
0.1661
4.9399e-06
6.5415e-06
0.56974
13.027
0.93321
13.031
4.2781
13.027
0.0011004
0.01891
0.0062884
0.019262
0.13781
0.12038
0.00091497
0.97788
0.022117
0.64531
0.018711
0.056613
0.27936
1.79
0.0069607
-2.5275e-05
0.083768
0.45348
0.15633
-44945
-47.8
0.0743
0.9717
129.43
8.5547
-85.744
1.3912
0.00036685
0.033446
0.021781
0.24578
0.12767
0.74811
0.0005311
0.00033306
6.9718e-06
0.097382
0.11909
0.98199
0.0090232
0.080976
0.98716
0.99163
0.0013651
0.0040071
0.98703
0.18294
0.0040217
0.1661
4.9309e-06
6.5331e-06
0.56987
13.024
0.93311
13.027
4.2777
13.024
0.001112
0.018903
0.0063235
0.021927
0.13781
0.12039
0.00091534
0.94471
0.055295
0.4889
0.035309
0.08292
0.39287
1.9656
0.0070398
2.5637e-05
0.082641
0.44864
0.26056
-55935
-47.8
0.0743
0.9717
129.43
8.5547
-85.744
1.3909
0.00036593
0.033366
0.021736
0.24558
0.12759
0.74777
0.00052993
0.00032958
6.9718e-06
0.097332
0.11904
0.98199
0.0090232
0.080976
0.98716
0.99163
0.0013651
0.0040071
0.98703
0.18294
0.0040217
0.1661
4.9137e-06
6.5121e-06
0.56994
13.022
0.93304
13.025
4.2774
13.022
0.0011016
0.018895
0.00629
0.019453
0.13781
0.12039
0.00091555
0.97592
0.024082
0.63313
0.019943
0.058651
0.28827
1.8073
0.0069731
-1.7349e-05
0.083591
0.45247
0.16439
-45929
-47.8
0.0743
0.9717
129.43
8.5547
-85.744
1.391
0.00036663
0.033425
0.021746
0.24565
0.12758
0.74791
0.00053023
0.00033407
6.9718e-06
0.097278
0.11895
0.98199
0.0090232
0.080975
0.98716
0.99163
0.0013651
0.0040071
0.98703
0.18294
0.0040217
0.1661
4.9071e-06
6.5059e-06
0.57004
13.019
0.93296
13.023
4.277
13.019
0.0011143
0.01889
0.0063278
0.022999
0.13781
0.1204
0.0009159
0.9258
0.074202
0.43377
0.042206
0.092325
0.4317
2.0211
0.007005
3.6802e-06
0.082796
0.44851
0.29762
-59562
-47.8
0.0743
0.9717
129.43
8.5547
-85.744
1.3909
0.00036591
0.033364
0.021729
0.24557
0.12758
0.74778
0.00052977
0.00032986
6.9719e-06
0.097306
0.119
0.98199
0.0090232
0.080974
0.98716
0.99163
0.0013651
0.0040071
0.98703
0.18294
0.0040217
0.1661
4.9093e-06
6.5075e-06
0.56999
13.019
0.93296
13.023
4.277
13.019
0.0011024
0.018889
0.0062925
0.019562
0.13781
0.1204
0.00091597
0.97481
0.025194
0.62623
0.020622
0.059804
0.29335
1.8161
0.0069795
-1.3261e-05
0.083505
0.45209
0.16887
-46444
-47.8
0.0743
0.9717
129.43
8.5547
-85.744
1.3912
0.00036664
0.033428
0.021764
0.24572
0.12763
0.74812
0.00053067
0.00033296
6.9719e-06
0.097334
0.11902
0.98199
0.0090232
0.080974
0.98716
0.99163
0.0013651
0.0040071
0.98703
0.18294
0.0040217
0.1661
4.9221e-06
6.5239e-06
0.56997
13.019
0.93295
13.022
4.2769
13.019
0.0011117
0.018891
0.0063224
0.022083
0.13781
0.1204
0.00091617
0.94221
0.05779
0.48051
0.03629
0.084346
0.39885
1.9741
0.0070344
2.2229e-05
0.082621
0.44856
0.26611
-56490
-47.8
0.0743
0.9717
129.43
8.5547
-85.744
1.3911
0.00036568
0.033346
0.021747
0.24562
0.12764
0.74801
0.00053019
0.0003276
6.9719e-06
0.097395
0.11913
0.98199
0.0090232
0.080973
0.98716
0.99163
0.0013651
0.0040071
0.98703
0.18294
0.0040217
0.1661
4.9292e-06
6.5304e-06
0.56986
13.02
0.93299
13.024
4.2771
13.02
0.0010963
0.018892
0.0062763
0.019228
0.13781
0.1204
0.00091618
0.97829
0.02171
0.64639
0.018436
0.056435
0.27874
1.789
0.006958
-2.6956e-05
0.083507
0.45309
0.15582
-44887
-47.8
0.0743
0.9717
129.43
8.5547
-85.744
1.3912
0.00036562
0.033342
0.021755
0.24564
0.12767
0.74813
0.00053038
0.00032727
6.9719e-06
0.09742
0.11916
0.98199
0.0090232
0.080973
0.98716
0.99163
0.0013651
0.0040071
0.98703
0.18294
0.0040217
0.1661
4.937e-06
6.5399e-06
0.56983
13.02
0.93299
13.024
4.2771
13.02
0.0010957
0.018893
0.0062757
0.019624
0.13781
0.1204
0.00091631
0.97453
0.025469
0.62003
0.020743
0.060832
0.29839
1.8219
0.0069916
-5.5692e-06
0.082903
0.45135
0.17316
-46838
-47.8
0.0743
0.9717
129.43
8.5547
-85.744
1.391
0.00036519
0.033303
0.021724
0.24552
0.1276
0.74789
0.0005296
0.000326
6.9719e-06
0.097369
0.1191
0.98199
0.0090232
0.080972
0.98716
0.99163
0.0013651
0.0040071
0.98703
0.18294
0.0040217
0.1661
4.9214e-06
6.5212e-06
0.5699
13.018
0.93293
13.021
4.2768
13.018
0.0010916
0.018886
0.0062611
0.018822
0.13781
0.1204
0.00091652
0.98199
0.018006
0.67235
0.015973
0.052125
0.25955
1.7558
0.0069224
-4.9657e-05
0.083674
0.45416
0.1396
-42989
-47.8
0.0743
0.9717
129.43
8.5547
-85.744
1.3912
0.00036627
0.033396
0.021741
0.24565
0.12759
0.74804
0.00053007
0.00033181
6.9719e-06
0.097276
0.11895
0.98199
0.0090232
0.080972
0.98716
0.99163
0.0013651
0.0040071
0.98703
0.18294
0.0040217
0.1661
4.9113e-06
6.5125e-06
0.57008
13.014
0.93279
13.017
4.2762
13.014
0.0011085
0.018881
0.0063136
0.020965
0.13781
0.12041
0.00091689
0.95864
0.041362
0.54098
0.029203
0.074128
0.35569
1.9154
0.0070375
2.3883e-05
0.082405
0.44828
0.22606
-52597
-47.8
0.0743
0.9717
129.43
8.5547
-85.744
1.391
0.00036642
0.033408
0.021721
0.2456
0.12752
0.7479
0.0005296
0.00033371
6.9719e-06
0.097178
0.11881
0.98199
0.0090232
0.080971
0.98716
0.99163
0.0013651
0.0040071
0.98703
0.18294
0.0040217
0.1661
4.8917e-06
6.4908e-06
0.57024
13.01
0.93267
13.013
4.2757
13.01
0.0011137
0.018871
0.0063279
0.021595
0.13781
0.12042
0.00091721
0.94948
0.050519
0.50733
0.033385
0.079804
0.37948
1.9489
0.0070306
1.9665e-05
0.082761
0.44864
0.24776
-54789
-47.8
0.0743
0.9717
129.43
8.5547
-85.744
1.3909
0.00036593
0.033365
0.021695
0.24548
0.12748
0.74775
0.00052891
0.00033233
6.9719e-06
0.097126
0.11875
0.98199
0.0090232
0.080971
0.98716
0.99163
0.0013651
0.0040071
0.98703
0.18294
0.0040217
0.1661
4.8801e-06
6.4777e-06
0.57032
13.007
0.9326
13.011
4.2753
13.008
0.0011097
0.018864
0.0063154
0.020781
0.1378
0.12043
0.0009174
0.96079
0.039211
0.55181
0.02819
0.072313
0.34768
1.9064
0.0070278
1.7654e-05
0.082482
0.44813
0.21888
-51963
-47.8
0.0743
0.9717
129.43
8.5547
-85.744
1.3908
0.00036541
0.033319
0.021667
0.24536
0.12742
0.74758
0.0005282
0.00033094
6.9719e-06
0.097076
0.1187
0.98199
0.0090232
0.08097
0.98716
0.99163
0.0013651
0.0040071
0.98703
0.18294
0.0040217
0.1661
4.8679e-06
6.4635e-06
0.5704
13.005
0.93254
13.009
4.2751
13.006
0.0011055
0.018856
0.0063016
0.020205
0.1378
0.12043
0.00091759
0.96772
0.032276
0.58599
0.024649
0.06656
0.3228
1.8677
0.0070054
3.2817e-06
0.082822
0.44941
0.19567
-49525
-47.8
0.0743
0.9717
129.43
8.5547
-85.744
1.3907
0.00036557
0.033332
0.021657
0.24534
0.12738
0.74756
0.00052797
0.00033285
6.9719e-06
0.097009
0.1186
0.98199
0.0090232
0.08097
0.98716
0.99163
0.0013651
0.0040071
0.98703
0.18294
0.0040217
0.1661
4.8561e-06
6.4509e-06
0.57052
13.003
0.93246
13.006
4.2747
13.003
0.0011109
0.018849
0.0063169
0.02132
0.1378
0.12044
0.00091784
0.95343
0.046567
0.522
0.031644
0.077343
0.36902
1.9371
0.0070275
1.7589e-05
0.082555
0.44796
0.23847
-53961
-47.8
0.0743
0.9717
129.43
8.5547
-85.744
1.3906
0.00036545
0.03332
0.021639
0.24527
0.12734
0.74744
0.00052752
0.00033319
6.9719e-06
0.096954
0.11853
0.98199
0.0090232
0.08097
0.98716
0.99163
0.0013651
0.0040071
0.98703
0.18294
0.0040217
0.1661
4.844e-06
6.4372e-06
0.57061
13.001
0.93239
13.004
4.2744
13.001
0.0011117
0.018842
0.0063183
0.021331
0.1378
0.12045
0.00091805
0.95317
0.046834
0.52164
0.031778
0.077407
0.36918
1.9383
0.0070253
1.6189e-05
0.082606
0.4479
0.2387
-54017
-47.8
0.0743
0.9717
129.43
8.5547
-85.744
1.3906
0.00036532
0.033309
0.021627
0.24522
0.12731
0.74737
0.0005272
0.00033335
6.9719e-06
0.096919
0.11849
0.98199
0.0090232
0.080969
0.98716
0.99163
0.0013651
0.0040071
0.98703
0.18294
0.0040217
0.1661
4.8362e-06
6.4282e-06
0.57066
12.999
0.93234
13.003
4.2741
12.999
0.001112
0.018838
0.0063184
0.021506
0.1378
0.12045
0.00091823
0.9506
0.049403
0.5121
0.032908
0.079022
0.37597
1.9481
0.007024
1.5401e-05
0.082625
0.44782
0.24506
-54658
-47.8
0.0743
0.9717
129.43
8.5547
-85.744
1.3905
0.00036519
0.033297
0.021619
0.24519
0.1273
0.74733
0.000527
0.00033305
6.9719e-06
0.096909
0.11848
0.98199
0.0090232
0.080969
0.98716
0.99163
0.0013651
0.0040071
0.98703
0.18294
0.0040217
0.1661
4.8329e-06
6.4243e-06
0.57067
12.998
0.93232
13.002
4.274
12.999
0.001111
0.018836
0.006315
0.021246
0.1378
0.12045
0.00091836
0.95433
0.045667
0.52626
0.031252
0.076632
0.36585
1.9348
0.0070253
1.6162e-05
0.082556
0.44765
0.23589
-53765
-47.8
0.0743
0.9717
129.43
8.5547
-85.744
1.3906
0.00036524
0.033301
0.021621
0.24519
0.1273
0.74738
0.00052706
0.0003338
6.9719e-06
0.096921
0.11849
0.98199
0.0090232
0.080969
0.98716
0.99163
0.0013651
0.0040071
0.98703
0.18294
0.0040217
0.1661
4.834e-06
6.425e-06
0.57065
12.998
0.93232
13.002
4.274
12.999
0.0011129
0.018835
0.0063192
0.023103
0.1378
0.12045
0.00091848
0.92352
0.076483
0.42855
0.042958
0.09325
0.43525
2.0304
0.0069859
-8.5132e-06
0.082681
0.44768
0.30128
-60083
-47.8
0.0743
0.9717
129.43
8.5547
-85.744
1.3905
0.00036436
0.033226
0.021615
0.24512
0.12733
0.74733
0.00052686
0.00032804
6.9719e-06
0.097017
0.11864
0.98199
0.0090232
0.080968
0.98716
0.99163
0.0013651
0.0040071
0.98703
0.18294
0.0040217
0.1661
4.8487e-06
6.4402e-06
0.57048
13.001
0.9324
13.005
4.2744
13.001
0.0010966
0.018841
0.0062712
0.019266
0.1378
0.12045
0.00091835
0.97767
0.022329
0.64437
0.018837
0.056792
0.28
1.7964
0.0069444
-3.5651e-05
0.083471
0.45217
0.15725
-45236
-47.8
0.0743
0.9717
129.43
8.5547
-85.744
1.391
0.00036536
0.033315
0.021672
0.24537
0.12744
0.74782
0.00052832
0.00033145
6.9719e-06
0.097093
0.11872
0.98199
0.0090232
0.080968
0.98716
0.99163
0.0013651
0.0040071
0.98703
0.18294
0.0040217
0.1661
4.8739e-06
6.4713e-06
0.57039
13.002
0.93245
13.006
4.2746
13.003
0.001107
0.018849
0.0063064
0.021693
0.1378
0.12044
0.00091842
0.9484
0.051604
0.50066
0.033746
0.080948
0.38464
1.9572
0.0070306
1.969e-05
0.082293
0.44771
0.25297
-55316
-47.8
0.0743
0.9717
129.43
8.5547
-85.744
1.3909
0.00036461
0.033251
0.021661
0.2453
0.12745
0.74772
0.00052801
0.00032696
6.9719e-06
0.097159
0.11883
0.98199
0.0090232
0.080968
0.98716
0.99163
0.0013651
0.0040071
0.98703
0.18294
0.0040217
0.1661
4.8819e-06
6.4788e-06
0.57027
13.004
0.9325
13.008
4.2749
13.005
0.0010942
0.018852
0.0062675
0.019387
0.1378
0.12044
0.00091836
0.97672
0.023282
0.63542
0.019419
0.058276
0.28689
1.8053
0.0069602
-2.5571e-05
0.08313
0.4518
0.16299
-45802
-47.8
0.0743
0.9717
129.43
8.5547
-85.744
1.3908
0.00036438
0.033231
0.021654
0.24526
0.12745
0.74765
0.00052781
0.00032574
6.9719e-06
0.097168
0.11884
0.98199
0.0090232
0.080968
0.98716
0.99163
0.0013651
0.0040071
0.98703
0.18293
0.0040217
0.1661
4.8812e-06
6.4773e-06
0.57025
13.004
0.9325
13.008
4.2749
13.005
0.0010906
0.018852
0.006256
0.018912
0.1378
0.12044
0.00091842
0.98115
0.018855
0.66612
0.016549
0.053166
0.26417
1.7658
0.0069209
-5.0602e-05
0.083492
0.4534
0.14348
-43522
-47.8
0.0743
0.9717
129.43
8.5547
-85.744
1.3911
0.00036555
0.033332
0.021688
0.24545
0.12748
0.74793
0.00052871
0.00033111
6.9719e-06
0.09713
0.11876
0.98199
0.0090232
0.080967
0.98716
0.99163
0.0013651
0.0040071
0.98703
0.18293
0.0040217
0.1661
4.8836e-06
6.4829e-06
0.57034
13.002
0.93243
13.006
4.2746
13.002
0.0011064
0.018852
0.0063063
0.021117
0.1378
0.12044
0.00091864
0.95665
0.043348
0.53205
0.030114
0.075639
0.3622
1.9254
0.0070319
2.0367e-05
0.082256
0.44788
0.23197
-53231
-47.8
0.0743
0.9717
129.43
8.5547
-85.744
1.3909
0.00036535
0.033314
0.021668
0.24538
0.12743
0.74776
0.0005282
0.00033062
6.9719e-06
0.097077
0.11869
0.98199
0.0090232
0.080967
0.98716
0.99163
0.0013651
0.0040071
0.98703
0.18293
0.0040217
0.1661
4.8713e-06
6.4688e-06
0.57043
13
0.93237
13.004
4.2743
13
0.0011049
0.018847
0.0063009
0.020319
0.1378
0.12044
0.00091878
0.96651
0.033491
0.57871
0.025281
0.067782
0.32823
1.8757
0.007009
5.6081e-06
0.082637
0.44905
0.20052
-50027
-47.8
0.0743
0.9717
129.43
8.5547
-85.744
1.3908
0.00036517
0.033298
0.021646
0.2453
0.12738
0.7476
0.00052766
0.00033088
6.9719e-06
0.097013
0.11861
0.98199
0.0090232
0.080967
0.98716
0.99163
0.0013651
0.0040071
0.98703
0.18293
0.0040217
0.1661
4.857e-06
6.4524e-06
0.57053
12.998
0.9323
13.001
4.2739
12.998
0.0011054
0.01884
0.0063013
0.020347
0.1378
0.12045
0.00091894
0.96609
0.033907
0.57715
0.025506
0.068049
0.32929
1.8786
0.0070081
5.026e-06
0.082631
0.44882
0.20165
-50187
-47.8
0.0743
0.9717
129.43
8.5547
-85.744
1.3907
0.00036535
0.033312
0.021634
0.24527
0.12733
0.74753
0.00052737
0.00033295
6.9719e-06
0.096941
0.11851
0.98199
0.0090232
0.080967
0.98716
0.99163
0.0013651
0.0040071
0.98703
0.18293
0.0040217
0.1661
4.8429e-06
6.4368e-06
0.57065
12.995
0.93222
12.999
4.2736
12.996
0.0011111
0.018834
0.0063171
0.02142
0.1378
0.12046
0.00091912
0.95197
0.048026
0.51656
0.032292
0.078262
0.37288
1.9428
0.0070233
1.4916e-05
0.082568
0.44792
0.24195
-54323
-47.8
0.0743
0.9717
129.43
8.5547
-85.744
1.3907
0.0003652
0.033299
0.021619
0.2452
0.1273
0.74746
0.00052701
0.00033329
6.9719e-06
0.0969
0.11846
0.98199
0.0090232
0.080967
0.98716
0.99163
0.0013651
0.0040071
0.98703
0.18293
0.0040217
0.1661
4.8337e-06
6.4262e-06
0.57071
12.994
0.93218
12.998
4.2734
12.994
0.0011119
0.018828
0.0063182
0.022049
0.1378
0.12046
0.00091922
0.94232
0.057684
0.48273
0.036294
0.083996
0.39698
1.9764
0.0070148
9.6537e-06
0.082617
0.44783
0.26448
-56540
-47.8
0.0743
0.9717
129.43
8.5547
-85.744
1.3905
0.00036441
0.03323
0.021595
0.24508
0.12727
0.7473
0.00052637
0.00032961
6.9719e-06
0.096905
0.11848
0.98199
0.0090232
0.080966
0.98716
0.99163
0.0013651
0.0040071
0.98703
0.18293
0.0040217
0.1661
4.8311e-06
6.4223e-06
0.57069
12.994
0.93219
12.998
4.2734
12.995
0.0011012
0.018826
0.0062858
0.019855
0.1378
0.12046
0.00091918
0.97158
0.028421
0.60731
0.02251
0.062989
0.30719
1.8435
0.0069786
-1.3818e-05
0.083014
0.45015
0.18134
-48012
-47.8
0.0743
0.9717
129.43
8.5547
-85.744
1.3906
0.00036477
0.033261
0.021607
0.24514
0.12728
0.74743
0.00052667
0.00033171
6.9719e-06
0.09689
0.11846
0.98199
0.0090232
0.080966
0.98716
0.99163
0.0013651
0.0040071
0.98703
0.18293
0.0040217
0.1661
4.8321e-06
6.4247e-06
0.57073
12.993
0.93217
12.997
4.2733
12.994
0.0011074
0.018825
0.0063052
0.021387
0.1378
0.12046
0.00091927
0.9526
0.047397
0.5176
0.031971
0.078095
0.37233
1.9429
0.0070235
1.5034e-05
0.082311
0.44738
0.24167
-54315
-47.8
0.0743
0.9717
129.43
8.5547
-85.744
1.3905
0.00036436
0.033225
0.021583
0.24503
0.12724
0.74724
0.00052608
0.00033023
6.9719e-06
0.09686
0.11843
0.98199
0.0090232
0.080966
0.98716
0.99163
0.0013651
0.0040071
0.98703
0.18293
0.0040217
0.1661
4.8221e-06
6.4122e-06
0.57077
12.993
0.93214
12.996
4.2732
12.993
0.0011029
0.018821
0.0062902
0.020128
0.1378
0.12047
0.0009193
0.9685
0.031496
0.59043
0.024223
0.065828
0.31952
1.8651
0.0069924
-5.0014e-06
0.082748
0.449
0.19282
-49312
-47.8
0.0743
0.9717
129.43
8.5547
-85.744
1.3905
0.00036485
0.033266
0.021585
0.24506
0.12722
0.74725
0.00052615
0.0003336
6.9719e-06
0.09681
0.11835
0.98199
0.0090232
0.080966
0.98716
0.99163
0.0013651
0.0040071
0.98703
0.18293
0.0040217
0.1661
4.8128e-06
6.402e-06
0.57085
12.991
0.93209
12.995
4.273
12.991
0.0011123
0.018817
0.0063171
0.022456
0.1378
0.12047
0.00091944
0.93535
0.064655
0.46154
0.038933
0.087614
0.41191
1.9988
0.0070018
1.4964e-06
0.082639
0.44753
0.27884
-57986
-47.8
0.0743
0.9717
129.43
8.5547
-85.744
1.3905
0.00036476
0.033258
0.021585
0.24505
0.12722
0.74726
0.00052614
0.00033316
6.9719e-06
0.096822
0.11837
0.98199
0.0090232
0.080966
0.98716
0.99163
0.0013651
0.0040071
0.98703
0.18293
0.0040217
0.1661
4.8148e-06
6.4041e-06
0.57083
12.991
0.9321
12.995
4.273
12.992
0.0011111
0.018818
0.0063135
0.022396
0.1378
0.12047
0.00091943
0.9365
0.063499
0.46445
0.038488
0.087119
0.40994
1.996
0.0070044
3.1389e-06
0.082555
0.44742
0.27703
-57804
-47.8
0.0743
0.9717
129.43
8.5547
-85.744
1.3904
0.00036391
0.033187
0.021573
0.24497
0.12724
0.74716
0.00052579
0.0003282
6.9719e-06
0.096884
0.11847
0.98199
0.0090232
0.080966
0.98716
0.99163
0.0013651
0.0040071
0.98703
0.18293
0.0040217
0.1661
4.8229e-06
6.4121e-06
0.57072
12.993
0.93217
12.997
4.2733
12.994
0.0010969
0.018821
0.0062714
0.019448
0.1378
0.12047
0.00091926
0.97583
0.024169
0.6326
0.019986
0.058761
0.28866
1.8125
0.0069499
-3.2145e-05
0.08326
0.45129
0.16476
-46156
-47.8
0.0743
0.9717
129.43
8.5547
-85.744
1.3907
0.00036472
0.033257
0.02161
0.24514
0.1273
0.74749
0.00052676
0.00033121
6.9719e-06
0.096911
0.11849
0.98199
0.0090232
0.080966
0.98716
0.99163
0.0013651
0.0040071
0.98703
0.18293
0.0040217
0.1661
4.8364e-06
6.4295e-06
0.5707
12.994
0.93218
12.997
4.2734
12.994
0.0011061
0.018825
0.0063017
0.021106
0.1378
0.12046
0.00091928
0.95657
0.043427
0.53285
0.030165
0.075522
0.36146
1.9278
0.0070224
1.429e-05
0.082221
0.4473
0.23161
-53319
