-85.745
1.3908
0.00036768
0.033516
0.021807
0.24582
0.12769
0.74765
0.00053181
0.00033641
6.9704e-06
0.097492
0.11925
0.98196
0.0090222
0.081061
0.98716
0.99163
0.0013648
0.0040067
0.98702
0.18289
0.0040212
0.16609
4.9316e-06
6.525e-06
0.56953
13.047
0.93385
13.051
4.281
13.048
0.0011204
0.018946
0.006343
0.023364
0.13782
0.12034
0.00091086
0.9179
0.082104
0.41673
0.044866
0.095248
0.44316
2.039
0.0069791
-1.2825e-05
0.083206
0.4488
0.30846
-60645
-47.8
0.0743
0.9717
129.43
8.5547
-85.745
1.391
0.00036753
0.033506
0.021835
0.24592
0.12777
0.7479
0.00053247
0.00033349
6.9704e-06
0.097599
0.11939
0.98196
0.0090222
0.08106
0.98716
0.99163
0.0013648
0.0040067
0.98702
0.18289
0.0040212
0.16609
4.9578e-06
6.5557e-06
0.56938
13.049
0.93391
13.053
4.2813
13.05
0.0011129
0.018955
0.0063248
0.020901
0.13782
0.12033
0.0009107
0.95913
0.04087
0.54618
0.029043
0.073243
0.35154
1.9095
0.007027
1.7135e-05
0.082885
0.44903
0.22189
-52145
-47.8
0.0743
0.9717
129.43
8.5547
-85.745
1.3912
0.00036759
0.033512
0.021861
0.24602
0.12785
0.74814
0.00053312
0.00033232
6.9704e-06
0.097688
0.11951
0.98196
0.0090222
0.081059
0.98716
0.99163
0.0013648
0.0040067
0.98702
0.18289
0.0040212
0.16609
4.9788e-06
6.5799e-06
0.56925
13.051
0.93395
13.054
4.2815
13.051
0.00111
0.018962
0.0063185
0.020794
0.13782
0.12033
0.00091064
0.96076
0.039238
0.55178
0.028227
0.072286
0.34771
1.9011
0.0070276
1.7484e-05
0.082827
0.44946
0.21794
-51651
-47.8
0.0743
0.9717
129.43
8.5547
-85.745
1.3912
0.00036714
0.033474
0.021852
0.24597
0.12785
0.74806
0.00053288
0.00032969
6.9704e-06
0.097728
0.11957
0.98196
0.0090222
0.081058
0.98716
0.99163
0.0013648
0.0040067
0.98702
0.18289
0.0040212
0.16609
4.9824e-06
6.5827e-06
0.56918
13.051
0.93396
13.055
4.2816
13.051
0.0011024
0.018964
0.006295
0.019548
0.13782
0.12032
0.00091064
0.97512
0.024881
0.62848
0.020454
0.059391
0.29167
1.8062
0.0069631
-2.3779e-05
0.084026
0.45414
0.16581
-45911
-47.8
0.0743
0.9717
129.43
8.5547
-85.745
1.3913
0.00036774
0.033526
0.021869
0.24607
0.12787
0.74821
0.00053333
0.00033241
6.9704e-06
0.097714
0.11953
0.98196
0.0090222
0.081057
0.98716
0.99163
0.0013648
0.0040067
0.98702
0.18289
0.0040212
0.16609
4.9837e-06
6.5855e-06
0.56922
13.049
0.9339
13.053
4.2813
13.049
0.0011104
0.018964
0.0063205
0.020666
0.13782
0.12032
0.00091084
0.96237
0.037626
0.55966
0.027449
0.070947
0.34194
1.8906
0.0070237
1.5009e-05
0.083049
0.45023
0.21224
-51014
-47.8
0.0743
0.9717
129.43
8.5547
-85.745
1.3913
0.00036808
0.033555
0.021867
0.24609
0.12784
0.7482
0.00053329
0.00033444
6.9704e-06
0.097666
0.11945
0.98196
0.0090222
0.081056
0.98716
0.99163
0.0013648
0.0040067
0.98702
0.18288
0.0040212
0.16609
4.9749e-06
6.5761e-06
0.5693
13.046
0.93381
13.05
4.2809
13.047
0.0011161
0.018961
0.0063372
0.021362
0.13782
0.12033
0.00091109
0.95291
0.047085
0.52045
0.031911
0.07757
0.37007
1.9335
0.0070332
2.1193e-05
0.082932
0.44929
0.23864
-53753
-47.8
0.0743
0.9717
129.43
8.5547
-85.745
1.3913
0.00036796
0.033544
0.021855
0.24604
0.12781
0.74816
0.00053299
0.00033458
6.9704e-06
0.097634
0.11941
0.98196
0.0090222
0.081055
0.98716
0.99163
0.0013648
0.0040067
0.98702
0.18288
0.0040212
0.16609
4.9679e-06
6.5683e-06
0.56936
13.044
0.93375
13.048
4.2806
13.044
0.0011164
0.018956
0.0063375
0.021678
0.13782
0.12033
0.00091131
0.94824
0.051756
0.50319
0.033929
0.080488
0.38239
1.9507
0.0070325
2.0768e-05
0.08295
0.44924
0.25014
-54886
-47.8
0.0743
0.9717
129.43
8.5547
-85.745
1.3911
0.00036717
0.033475
0.021828
0.24591
0.12778
0.74803
0.00053229
0.00033148
6.9704e-06
0.097624
0.11942
0.98196
0.0090222
0.081055
0.98716
0.99163
0.0013648
0.0040067
0.98702
0.18288
0.0040212
0.16609
4.9629e-06
6.5621e-06
0.56937
13.043
0.93371
13.047
4.2804
13.043
0.0011074
0.018951
0.0063099
0.020242
0.13782
0.12034
0.00091146
0.96744
0.032558
0.58537
0.024841
0.066619
0.32317
1.8605
0.0070069
4.219e-06
0.083435
0.45155
0.1947
-49143
-47.8
0.0743
0.9717
129.43
8.5547
-85.745
1.3911
0.00036677
0.03344
0.021804
0.2458
0.12773
0.74793
0.00053168
0.00033087
6.9704e-06
0.097578
0.11937
0.98196
0.0090222
0.081054
0.98716
0.99163
0.0013648
0.0040067
0.98702
0.18288
0.0040212
0.16609
4.9516e-06
6.5492e-06
0.56945
13.041
0.93364
13.044
4.2801
13.041
0.0011054
0.018944
0.0063022
0.020102
0.13782
0.12034
0.00091172
0.96904
0.030962
0.59369
0.023969
0.065227
0.31712
1.8515
0.0070015
7.3375e-07
0.083471
0.45171
0.18934
-48577
-47.8
0.0743
0.9717
129.43
8.5547
-85.745
1.391
0.00036686
0.033446
0.021785
0.24573
0.12767
0.74788
0.0005312
0.00033381
6.9704e-06
0.097491
0.11925
0.98196
0.0090222
0.081053
0.98716
0.99163
0.0013648
0.0040067
0.98702
0.18288
0.0040212
0.16609
4.9329e-06
6.5282e-06
0.56959
13.037
0.93353
13.041
4.2796
13.037
0.0011132
0.018933
0.0063225
0.023489
0.13782
0.12035
0.00091211
0.91609
0.083911
0.40925
0.045216
0.096543
0.44899
2.0466
0.006984
-9.6833e-06
0.082711
0.44819
0.31471
-61156
-47.8
0.0743
0.9717
129.43
8.5547
-85.745
1.3906
0.00036519
0.033301
0.021717
0.24541
0.12758
0.74736
0.00052945
0.00032674
6.9704e-06
0.097458
0.11924
0.98196
0.0090222
0.081052
0.98716
0.99163
0.0013648
0.0040067
0.98702
0.18288
0.0040212
0.16609
4.9142e-06
6.5041e-06
0.56961
13.035
0.93348
13.039
4.2793
13.036
0.0010925
0.018925
0.0062571
0.018689
0.13782
0.12036
0.00091225
0.98302
0.01698
0.68365
0.015276
0.050247
0.25083
1.7407
0.0068975
-6.5583e-05
0.084361
0.4555
0.13217
-42100
-47.8
0.0743
0.9717
129.43
8.5547
-85.745
1.3908
0.00036661
0.033423
0.021751
0.24561
0.12759
0.74768
0.00053034
0.00033413
6.9704e-06
0.097386
0.11911
0.98196
0.0090222
0.081051
0.98716
0.99163
0.0013648
0.0040067
0.98702
0.18288
0.0040212
0.16609
4.9107e-06
6.5034e-06
0.56976
13.031
0.93335
13.035
4.2788
13.032
0.0011139
0.018921
0.0063235
0.022835
0.13781
0.12037
0.00091271
0.92875
0.071248
0.44217
0.041234
0.090901
0.4257
2.015
0.0070117
7.7857e-06
0.082757
0.44809
0.29247
-59069
-47.8
0.0743
0.9717
129.43
8.5547
-85.745
1.3909
0.000367
0.033457
0.021756
0.24566
0.12758
0.7477
0.00053049
0.00033568
6.9704e-06
0.09736
0.11906
0.98196
0.0090222
0.08105
0.98716
0.99163
0.0013648
0.0040067
0.98702
0.18288
0.0040212
0.16609
4.9069e-06
6.4998e-06
0.56981
13.029
0.93328
13.033
4.2784
13.029
0.0011184
0.018919
0.0063369
0.023037
0.13781
0.12037
0.00091301
0.92451
0.075486
0.43272
0.04274
0.092511
0.43203
2.0237
0.0070014
1.2448e-06
0.083063
0.44858
0.29824
-59639
-47.8
0.0743
0.9717
129.43
8.5547
-85.745
1.391
0.0003669
0.03345
0.021775
0.24573
0.12764
0.7479
0.00053096
0.000334
6.9704e-06
0.097438
0.11917
0.98196
0.0090222
0.08105
0.98716
0.99163
0.0013648
0.0040067
0.98702
0.18288
0.0040212
0.16609
4.9256e-06
6.5215e-06
0.5697
13.03
0.93332
13.034
4.2786
13.031
0.001114
0.018924
0.0063265
0.02232
0.13781
0.12036
0.00091312
0.93798
0.062021
0.46868
0.037957
0.086367
0.407
1.9873
0.0070291
1.8746e-05
0.082773
0.44846
0.27428
-57269
-47.8
0.0743
0.9717
129.43
8.5547
-85.745
1.391
0.00036572
0.033349
0.021764
0.24563
0.12769
0.74783
0.00053063
0.00032685
6.9704e-06
0.097555
0.11935
0.98196
0.0090223
0.081049
0.98716
0.99163
0.0013648
0.0040067
0.98702
0.18288
0.0040212
0.16609
4.9434e-06
6.5398e-06
0.5695
13.033
0.93341
13.037
4.279
13.033
0.0010937
0.018928
0.006266
0.018957
0.13781
0.12036
0.00091308
0.9808
0.019199
0.66544
0.016803
0.053255
0.2645
1.7614
0.0069277
-4.6318e-05
0.084136
0.45518
0.14312
-43306
-47.8
0.0743
0.9717
129.43
8.5547
-85.745
1.3913
0.00036626
0.033398
0.021802
0.2458
0.12776
0.74816
0.00053159
0.000328
6.9704e-06
0.097617
0.11942
0.98196
0.0090223
0.081048
0.98716
0.99163
0.0013648
0.0040067
0.98702
0.18288
0.0040212
0.16609
4.9633e-06
6.5641e-06
0.56943
13.034
0.93342
13.037
4.2791
13.034
0.0010976
0.018933
0.0062812
0.019644
0.13781
0.12035
0.00091326
0.97428
0.025719
0.62082
0.020931
0.060676
0.29757
1.8164
0.0069852
-9.6731e-06
0.083523
0.45307
0.1716
-46514
-47.8
0.0743
0.9717
129.43
8.5547
-85.745
1.3913
0.00036679
0.033444
0.021816
0.24589
0.12777
0.74826
0.00053196
0.00032997
6.9704e-06
0.097605
0.11938
0.98196
0.0090223
0.081048
0.98716
0.99163
0.0013648
0.0040067
0.98702
0.18288
0.0040212
0.16609
4.964e-06
6.5659e-06
0.56946
13.032
0.93336
13.036
4.2788
13.032
0.0011034
0.018933
0.0062996
0.019981
0.13781
0.12036
0.00091355
0.97056
0.029437
0.60072
0.023108
0.064036
0.31213
1.8407
0.0070028
1.5743e-06
0.083503
0.45242
0.18456
-47967
-47.8
0.0743
0.9717
129.43
8.5547
-85.745
1.3914
0.00036724
0.033482
0.02182
0.24593
0.12776
0.74832
0.00053207
0.00033286
6.9704e-06
0.097559
0.11931
0.98196
0.0090223
0.081047
0.98716
0.99163
0.0013648
0.0040067
0.98702
0.18287
0.0040212
0.16609
4.9573e-06
6.5592e-06
0.56954
13.029
0.93328
13.033
4.2784
13.029
0.0011117
0.018929
0.0063242
0.021662
0.13781
0.12036
0.00091388
0.94884
0.05116
0.50304
0.033605
0.080519
0.38284
1.9507
0.0070444
2.8365e-05
0.082625
0.44885
0.25103
-54911
-47.8
0.0743
0.9717
129.43
8.5547
-85.745
1.3911
0.00036608
0.033381
0.021768
0.24569
0.12768
0.74793
0.00053074
0.0003283
6.9704e-06
0.097521
0.11928
0.98196
0.0090223
0.081046
0.98716
0.99163
0.0013648
0.0040067
0.98702
0.18287
0.0040212
0.16609
4.9402e-06
6.5377e-06
0.56958
13.028
0.93323
13.031
4.2782
13.028
0.0010981
0.018921
0.0062804
0.019132
0.13781
0.12037
0.00091407
0.97915
0.020853
0.65493
0.017911
0.054995
0.27216
1.7743
0.0069398
-3.8654e-05
0.084245
0.45513
0.14938
-44044
-47.8
0.0743
0.9717
129.43
8.5547
-85.745
1.3912
0.00036667
0.033432
0.021781
0.24577
0.12768
0.74814
0.00053108
0.00033227
6.9704e-06
0.097468
0.1192
0.98196
0.0090223
0.081046
0.98716
0.99163
0.0013648
0.0040067
0.98702
0.18287
0.0040212
0.16609
4.9371e-06
6.5365e-06
0.56969
13.025
0.93314
13.028
4.2778
13.025
0.0011097
0.018916
0.0063164
0.021873
0.13781
0.12037
0.00091443
0.94566
0.054337
0.49131
0.034891
0.082516
0.39128
1.9637
0.0070418
2.6783e-05
0.082482
0.44838
0.2593
-55752
-47.8
0.0743
0.9717
129.43
8.5547
-85.745
1.3909
0.00036543
0.033323
0.021723
0.24551
0.12758
0.74771
0.00052958
0.00032744
6.9704e-06
0.097408
0.11915
0.98196
0.0090223
0.081045
0.98716
0.99163
0.0013648
0.0040067
0.98702
0.18287
0.0040212
0.16609
4.9161e-06
6.5107e-06
0.56977
13.022
0.93307
13.026
4.2775
13.023
0.0010953
0.018904
0.0062701
0.018986
0.13781
0.12038
0.00091463
0.98046
0.01954
0.66406
0.017037
0.053487
0.26542
1.7642
0.006926
-4.7392e-05
0.084207
0.45511
0.14388
-43450
-47.8
0.0743
0.9717
129.43
8.5547
-85.745
1.391
0.00036621
0.03339
0.021734
0.2456
0.12757
0.74789
0.0005299
0.00033225
6.9704e-06
0.097318
0.11901
0.98196
0.0090223
0.081045
0.98716
0.99163
0.0013648
0.0040067
0.98702
0.18287
0.0040212
0.16609
4.9075e-06
6.504e-06
0.56995
13.018
0.93294
13.022
4.2769
13.019
0.0011094
0.018897
0.0063142
0.021453
0.13781
0.12039
0.00091504
0.9518
0.048205
0.51421
0.032332
0.07865
0.37481
1.943
0.0070409
2.6096e-05
0.082458
0.44812
0.24406
-54340
-47.8
0.0743
0.9717
129.43
8.5547
-85.745
1.3908
0.00036585
0.033357
0.021696
0.24546
0.12748
0.74763
0.00052895
0.00033196
6.9704e-06
0.09721
0.11887
0.98196
0.0090223
0.081044
0.98716
0.99163
0.0013648
0.0040067
0.98702
0.18287
0.0040212
0.16609
4.8837e-06
6.4772e-06
0.57012
13.014
0.93281
13.018
4.2763
13.014
0.0011083
0.018885
0.0063092
0.02062
0.13781
0.1204
0.00091537
0.96266
0.037338
0.56231
0.027311
0.070531
0.33985
1.8928
0.0070229
1.4437e-05
0.082912
0.44929
0.21124
-51069
-47.8
0.0743
0.9717
129.43
8.5547
-85.745
1.3906
0.00036584
0.033355
0.021666
0.24535
0.12739
0.74744
0.00052821
0.00033417
6.9704e-06
0.097089
0.11871
0.98196
0.0090223
0.081044
0.98716
0.99163
0.0013648
0.0040067
0.98702
0.18287
0.0040212
0.16609
4.8587e-06
6.449e-06
0.57032
13.01
0.93267
13.013
4.2756
13.01
0.0011142
0.018872
0.0063245
0.022172
0.13781
0.12042
0.00091576
0.94012
0.059877
0.47673
0.037185
0.085015
0.40107
1.9823
0.0070234
1.5133e-05
0.082775
0.44804
0.26884
-56883
-47.8
0.0743
0.9717
129.43
8.5547
-85.745
1.3905
0.00036552
0.033326
0.021636
0.24524
0.12732
0.74725
0.00052745
0.00033409
6.9704e-06
0.09701
0.11861
0.98196
0.0090223
0.081043
0.98716
0.99163
0.0013648
0.0040067
0.98702
0.18287
0.0040212
0.16609
4.8406e-06
6.4283e-06
0.57044
13.006
0.93258
13.01
4.2752
13.007
0.0011137
0.018863
0.0063214
0.021768
0.13781
0.12043
0.00091605
0.94647
0.053526
0.49834
0.034675
0.081357
0.38563
1.9627
0.0070291
1.8639e-05
0.082735
0.44776
0.25464
-55550
-47.8
0.0743
0.9717
129.43
8.5547
-85.745
1.3904
0.00036549
0.033322
0.021622
0.24518
0.12728
0.74716
0.0005271
0.00033498
6.9704e-06
0.096965
0.11855
0.98196
0.0090223
0.081043
0.98716
0.99163
0.0013648
0.0040067
0.98702
0.18287
0.0040212
0.16609
4.83e-06
6.4159e-06
0.57051
13.004
0.93251
13.008
4.2749
13.005
0.0011159
0.018857
0.0063262
0.022905
0.13781
0.12043
0.00091631
0.92688
0.073123
0.43923
0.041952
0.091425
0.42739
2.021
0.0069996
9.4673e-08
0.08288
0.44776
0.29434
-59408
-47.8
0.0743
0.9717
129.43
8.5547
-85.745
1.3905
0.00036547
0.033321
0.021634
0.24522
0.12732
0.74729
0.00052739
0.00033427
6.9704e-06
0.097011
0.11861
0.98196
0.0090223
0.081042
0.98716
0.99163
0.0013648
0.0040067
0.98702
0.18287
0.0040212
0.16609
4.8403e-06
6.428e-06
0.57044
13.005
0.93253
13.009
4.275
13.005
0.001114
0.018859
0.0063217
0.022828
0.13781
0.12043
0.00091641
0.92856
0.071439
0.44275
0.041338
0.09082
0.42509
2.017
0.0070042
3.032e-06
0.082757
0.44771
0.29208
-59157
-47.8
0.0743
0.9717
129.43
8.5547
-85.745
1.3906
0.00036499
0.033282
0.021649
0.24526
0.12739
0.74742
0.00052773
0.00032989
6.9704e-06
0.097127
0.11878
0.98196
0.0090223
0.081042
0.98716
0.99163
0.0013648
0.0040067
0.98702
0.18287
0.0040212
0.16609
4.8635e-06
6.4539e-06
0.57026
13.008
0.93262
13.012
4.2754
13.008
0.001102
0.018867
0.0062881
0.019901
0.13781
0.12042
0.00091635
0.9711
0.028898
0.60584
0.022812
0.063211
0.30814
1.8408
0.0069873
-8.3381e-06
0.083451
0.45147
0.18168
-47878
-47.8
0.0743
0.9717
129.43
8.5547
-85.745
1.391
0.00036566
0.033341
0.021696
0.24545
0.12749
0.74785
0.00052893
0.00033172
6.9704e-06
0.097216
0.11888
0.98196
0.0090223
0.081041
0.98716
0.99163
0.0013648
0.0040067
0.98702
0.18287
0.0040212
0.16609
4.8884e-06
6.4838e-06
0.57014
13.01
0.93268
13.013
4.2757
13.01
0.0011078
0.018874
0.0063086
0.021693
0.13781
0.12041
0.00091644
0.94831
0.051691
0.50081
0.033797
0.080923
0.38447
1.957
0.0070377
2.4152e-05
0.082344
0.4478
0.25316
-55262
-47.8
0.0743
0.9717
129.43
8.5547
-85.745
1.3909
0.00036463
0.033253
0.021676
0.24533
0.12749
0.7477
0.00052837
0.00032636
6.9704e-06
0.097283
0.119
0.98196
0.0090223
0.081041
0.98716
0.99163
0.0013648
0.0040067
0.98702
0.18287
0.0040212
0.16609
4.8948e-06
6.4888e-06
0.57001
13.012
0.93273
13.015
4.2759
13.012
0.0010923
0.018876
0.006261
0.019318
0.13781
0.12041
0.00091642
0.97743
0.022566
0.6408
0.018985
0.057361
0.28285
1.7951
0.0069564
-2.8037e-05
0.08351
0.45313
0.15902
-45221
-47.8
0.0743
0.9717
129.43
8.5547
-85.745
1.3907
0.00036415
0.033211
0.021653
0.24522
0.12746
0.74752
0.00052779
0.00032457
6.9704e-06
0.09727
0.11899
0.98196
0.0090223
0.08104
0.98716
0.99163
0.0013648
0.0040067
0.98702
0.18287
0.0040212
0.16609
4.887e-06
6.4787e-06
0.57002
13.011
0.93271
13.015
4.2758
13.011
0.0010868
0.018872
0.0062426
0.018633
0.13781
0.12042
0.00091656
0.98357
0.016428
0.68548
0.014875
0.049946
0.2497
1.7379
0.0068973
-6.5682e-05
0.083962
0.45515
0.13128
-41974
-47.8
0.0743
0.9717
129.43
8.5547
-85.745
1.391
0.00036565
0.033341
0.02169
0.24544
0.12748
0.74785
0.00052879
0.00033199
6.9704e-06
0.097195
0.11885
0.98196
0.0090223
0.08104
0.98716
0.99163
0.0013648
0.0040067
0.98702
0.18287
0.0040212
0.16609
4.8846e-06
6.4798e-06
0.57018
13.007
0.93259
13.011
4.2753
13.007
0.0011085
0.018869
0.0063107
0.021964
0.13781
0.12042
0.00091695
0.9441
0.055903
0.48642
0.03552
0.083363
0.3947
1.971
0.0070337
2.166e-05
0.082396
0.44786
0.2627
-56196
-47.8
0.0743
0.9717
129.43
8.5547
-85.745
1.3908
0.00036538
0.033316
0.021664
0.24535
0.12742
0.74765
0.00052813
0.00033126
6.9704e-06
0.09712
0.11875
0.98196
0.0090223
0.08104
0.98716
0.99163
0.0013648
0.0040067
0.98702
0.18287
0.0040212
0.16609
4.8689e-06
6.4623e-06
0.5703
13.004
0.9325
13.008
4.2748
13.004
0.0011064
0.018862
0.0063037
0.02063
0.13781
0.12043
0.0009172
0.96263
0.037372
0.56114
0.027306
0.070732
0.34082
1.8946
0.0070239
1.5082e-05
0.082731
0.44895
0.21223
-51188
-47.8
0.0743
0.9717
129.43
8.5547
-85.745
1.3906
0.00036505
0.033286
0.021631
0.24523
0.12734
0.74741
0.0005273
0.00033127
6.9704e-06
0.097027
0.11863
0.98196
0.0090223
0.081039
0.98716
0.99163
0.0013648
0.0040067
0.98702
0.18287
0.0040212
0.16609
4.8484e-06
6.4388e-06
0.57045
13.001
0.93239
13.004
4.2744
13.001
0.0011061
0.018851
0.006301
0.020527
0.1378
0.12044
0.00091747
0.96379
0.036208
0.56754
0.026732
0.069658
0.33607
1.8883
0.0070181
1.14e-05
0.082849
0.44911
0.20792
-50771
-47.8
0.0743
0.9717
129.43
8.5547
-85.745
1.3905
0.00036525
0.033302
0.021611
0.24516
0.12727
0.7473
0.00052682
0.0003342
6.9704e-06
0.096921
0.11849
0.98196
0.0090223
0.081039
0.98716
0.99163
0.0013648
0.0040067
0.98702
0.18287
0.0040212
0.16609
4.8273e-06
6.4153e-06
0.57062
12.997
0.93227
13
4.2738
12.997
0.001114
0.018841
0.0063223
0.022914
0.1378
0.12045
0.00091781
0.92694
0.073062
0.43839
0.041883
0.091566
0.42816
2.0211
0.0069994
1.907e-08
0.082757
0.44776
0.29486
-59438
-47.8
0.0743
0.9717
129.43
8.5547
-85.745
1.3904
0.00036488
0.033269
0.021597
0.2451
0.12725
0.74722
0.00052643
0.00033263
6.9704e-06
0.096895
0.11846
0.98196
0.0090223
0.081039
0.98716
0.99163
0.0013648
0.0040067
0.98702
0.18287
0.0040212
0.16609
4.8228e-06
6.4106e-06
0.57067
12.995
0.93223
12.999
4.2736
12.996
0.0011097
0.018837
0.0063101
0.021132
0.1378
0.12045
0.00091795
0.95586
0.044139
0.5324
0.03055
0.075606
0.36145
1.9299
0.0070319
2.026e-05
0.082461
0.44739
0.23232
-53378
-47.8
0.0743
0.9717
129.43
8.5547
-85.745
1.3904
0.0003648
0.033262
0.021588
0.24507
0.12723
0.74718
0.00052622
0.00033268
6.9704e-06
0.096869
0.11843
0.98196
0.0090223
0.081039
0.98716
0.99163
0.0013648
0.0040067
0.98702
0.18287
0.0040212
0.16609
4.8177e-06
6.4049e-06
0.57071
12.994
0.93219
12.998
4.2734
12.994
0.0011097
0.018834
0.00631
0.021173
0.1378
0.12046
0.00091811
0.95528
0.044718
0.53017
0.030818
0.075983
0.36303
1.9323
0.0070323
2.0512e-05
0.082465
0.44734
0.23383
-53536
-47.8
0.0743
0.9717
129.43
8.5547
-85.745
1.3904
0.00036505
0.033283
0.021587
0.24508
0.12721
0.74716
0.00052621
0.00033438
6.9704e-06
0.096845
0.11839
0.98196
0.0090223
0.081038
0.98716
0.99163
0.0013648
0.0040067
0.98702
0.18287
0.0040212
0.16609
4.8119e-06
6.3982e-06
0.57075
12.993
0.93215
12.997
4.2733
12.993
0.0011144
0.018831
0.0063224
0.022623
0.1378
0.12046
0.0009183
0.93216
0.067844
0.45341
0.040123
0.089003
0.41747
2.0072
0.0070098
6.5208e-06
0.082779
0.44766
0.28485
-58507
-47.8
0.0743
0.9717
129.43
8.5547
-85.745
1.3905
0.00036518
0.033295
0.021606
0.24515
0.12726
0.74731
0.00052667
0.00033399
6.9704e-06
0.0969
0.11846
0.98196
0.0090223
0.081038
0.98716
0.99163
0.0013648
0.0040067
0.98702
0.18287
0.0040212
0.16609
4.8246e-06
6.4129e-06
0.57066
12.994
0.93219
12.998
4.2734
12.994
0.0011135
0.018835
0.0063213
0.022305
0.1378
0.12045
0.00091833
0.93782
0.062176
0.46967
0.038051
0.086225
0.40605
1.9904
0.007021
1.3585e-05
0.082724
0.44776
0.27387
-57414
-47.8
0.0743
0.9717
129.43
8.5547
-85.745
1.3907
0.00036497
0.03328
0.021632
0.24523
0.12735
0.74756
0.00052731
0.00033119
6.9704e-06
0.09702
0.11863
0.98196
0.0090223
0.081038
0.98716
0.99163
0.0013648
0.0040067
0.98702
0.18287
0.0040212
0.16609
4.851e-06
6.4432e-06
0.57048
12.997
0.93229
13.001
4.2739
12.998
0.0011061
0.018844
0.006302
0.020955
0.1378
0.12044
0.00091823
0.95858
0.041419
0.54138
0.029228
0.074086
0.35531
1.9192
0.0070391
2.484e-05
0.082228
0.44739
0.22665
-52722
-47.8
0.0743
0.9717
129.43
8.5547
-85.745
1.3907
0.00036418
0.033212
0.021626
0.24516
0.12738
0.74751
0.00052712
0.00032647
6.9704e-06
0.097114
0.11877
0.98196
0.0090223
0.081038
0.98716
0.99163
0.0013648
0.0040067
0.98702
0.18287
0.0040212
0.16609
4.8641e-06
6.4562e-06
0.57031
13
0.93238
13.004
4.2743
13.001
0.0010925
0.018849
0.0062604
0.019245
0.1378
0.12044
0.00091813
0.97804
0.021962
0.6458
0.018606
0.056535
0.27906
1.7901
0.0069525
-3.0509e-05
0.083603
0.45325
0.15598
-44914
-47.8
0.0743
0.9717
129.43
8.5547
-85.745
1.3908
0.00036445
0.033236
0.021642
0.24523
0.12741
0.74763
0.00052753
0.00032723
6.9704e-06
0.097146
0.11881
0.98196
0.0090223
0.081037
0.98716
0.99163
0.0013648
0.0040067
0.98702
0.18287
0.0040212
0.16609
4.8718e-06
6.4651e-06
0.57026
13.001
0.9324
13.005
4.2744
13.001
0.0010947
0.018852
0.0062678
0.019488
0.1378
0.12044
0.00091819
0.97567
0.024331
0.63035
0.020089
0.059109
0.29046
1.8092
0.0069729
-1.7536e-05
0.083447
0.45254
0.16598
-46039
-47.8
0.0743
0.9717
129.43
8.5547
-85.745
1.391
0.00036534
0.033313
0.021667
0.24536
0.12743
0.74785
0.00052819
0.00033195
6.9704e-06
0.097129
0.11877
0.98196
0.0090223
0.081037
0.98716
0.99163
0.0013648
0.0040067
0.98702
0.18287
0.0040212
0.16609
4.8729e-06
6.4676e-06
0.5703
13
0.93237
13.004
4.2743
13
0.0011082
0.018852
0.0063084
0.022812
0.1378
0.12044
0.00091838
0.92964
0.070362
0.44219
0.040812
0.090905
0.4261
2.0149
0.0070177
1.1654e-05
0.082367
0.44767
0.29302
-59107
-47.8
0.0743
0.9717
129.43
8.5547
-85.745
1.3907
0.0003639
0.033188
0.021621
0.24513
0.12738
0.74747
0.00052698
0.00032489
6.9704e-06
0.097151
0.11883
0.98196
0.0090223
0.081037
0.98716
0.99163
0.0013648
0.0040067
0.98702
0.18287
0.0040212
0.16609
4.867e-06
6.4581e-06
0.57024
13.001
0.9324
13.005
4.2744
13.001
0.0010877
0.01885
0.0062444
0.018621
0.1378
0.12044
0.0009183
0.98362
0.016382
0.68662
0.014843
0.049762
0.24877
1.7372
0.0069014
-6.3034e-05
0.084025
0.45515
0.13073
-41930
-47.8
0.0743
0.9717
129.43
8.5547
-85.745
1.3909
0.00036466
0.033254
0.021653
0.24528
0.12743
0.7478
0.00052782
0.00032844
6.9704e-06
0.097142
0.1188
0.98196
0.0090223
0.081037
0.98716
0.99163
0.0013648
0.0040067
0.98702
0.18287
0.0040212
0.16609
4.8763e-06
6.4717e-06
0.57029
13
0.93237
13.004
4.2742
13
0.0010985
0.018851
0.0062807
0.020545
0.1378
0.12044
0.00091844
0.96411
0.03589
0.56417
0.026479
0.070226
0.33913
1.8912
0.0070391
2.4757e-05
0.082219
0.44831
0.21128
-51000
-47.8
0.0743
0.9717
129.43
8.5547
-85.745
1.3906
0.00036408
0.033202
0.021607
0.2451
0.12733
0.74739
0.00052664
0.00032696
6.9704e-06
0.097053
0.11869
0.98196
0.0090223
0.081037
0.98716
0.99163
0.0013648
0.0040067
0.98702
0.18286
0.0040212
0.16609
4.8507e-06
6.4409e-06
0.57041
12.997
0.93228
13.001
4.2739
12.997
0.0010936
0.018841
0.0062622
0.019181
0.1378
0.12045
0.00091859
0.97856
0.021436
0.6505
0.018274
0.055757
0.27547
1.7851
0.0069482
-3.3286e-05
0.083766
0.45346
0.15307
-44611
-47.8
0.0743
0.9717
129.43
8.5547
-85.745
1.3906
0.00036514
0.033293
0.021611
0.24517
0.12728
0.74742
0.00052682
0.00033376
6.9704e-06
0.096934
0.1185
0.98196
0.0090223
0.081037
0.98716
0.99163
0.0013648
0.0040067
0.98702
0.18286
0.0040212
0.16609
4.8313e-06
6.4205e-06
0.57061
12.993
0.93215
12.997
4.2733
12.993
0.0011127
0.018834
0.0063184
0.02337
0.1378
0.12046
0.00091891
0.91818
0.081822
0.4153
0.044628
0.095528
0.44454
2.0438
0.0069902
-5.763e-06
0.082669
0.44765
0.31117
-60939
-47.8
0.0743
0.9717
129.43
8.5547
-85.745
1.3906
0.00036515
0.033294
0.021612
0.24518
0.12728
0.74742
0.00052683
0.00033329
6.9704e-06
0.09692
0.11848
0.98196
0.0090223
0.081037
0.98716
0.99163
0.0013648
0.0040067
0.98702
0.18286
0.0040212
0.16609
4.8313e-06
6.4213e-06
0.57065
12.992
0.93213
12.996
4.2732
12.992
0.0011117
0.018833
0.0063173
0.021753
0.1378
0.12046
0.00091895
0.94688
0.053121
0.49865
0.034475
0.081301
0.38557
1.9616
0.0070379
2.4271e-05
0.082606
0.44776
0.25476
-55516
-47.8
0.0743
0.9717
129.43
8.5547
-85.745
1.3907
0.00036486
0.033269
0.021615
0.24518
0.12731
0.74746
0.00052687
0.00033111
6.9704e-06
0.096955
0.11854
0.98196
0.0090223
0.081037
0.98716
0.99163
0.0013648
0.0040067
0.98702
0.18286
0.0040212
0.16609
4.8395e-06
6.4309e-06
0.5706
12.993
0.93216
12.997
4.2733
12.993
0.0011058
0.018834
0.0063009
0.020609
0.1378
0.12045
0.00091889
0.9628
0.037196
0.56232
0.027219
0.070543
0.33992
1.8948
0.0070294
1.8617e-05
0.082685
0.44869
0.21188
-51181
-47.8
0.0743
0.9717
129.43
8.5547
-85.745
1.3907
0.0003648
0.033265
0.021621
0.2452
0.12733
0.74753
0.00052702
0.00033043
6.9704e-06
0.09698
0.11857
0.98196
0.0090223
0.081037
0.98716
0.99163
0.0013648
0.0040067
0.98702
0.18286
0.0040212
0.16609
4.8457e-06
6.4383e-06
0.57056
12.994
0.93218
12.998
4.2734
12.994
0.001104
0.018836
0.0062963
0.020481
0.1378
0.12045
0.00091886
0.96447
0.035535
0.56973
0.026369
0.069288
0.33461
1.8852
0.0070255
1.6085e-05
0.082737
0.44915
0.20671
-50600
