-85.362
1.3922
0.00039874
0.036237
0.022017
0.2528
0.12795
0.74927
0.00053741
0.00043631
7.4295e-06
0.10946
0.13682
0.96375
0.010831
0.11706
0.98602
0.99059
0.0014549
0.0041095
0.97704
0.15687
0.0041224
0.16046
5.3911e-06
6.2385e-06
0.53642
12.471
0.91531
12.478
4.1966
12.471
0.0014222
0.021469
0.0072875
0.034581
0.13809
0.1178
0.00078034
0.70691
0.29309
0.25845
0.12087
0.093334
0.52735
2.0356
0.0041967
-0.0018288
0.10528
0.51369
-2.0308
-33142
-47.8
0.0743
0.9717
129.43
8.5547
-85.362
1.3921
0.0003976
0.036137
0.021992
0.25263
0.12794
0.74916
0.00053675
0.00043153
7.4295e-06
0.10956
0.13698
0.96375
0.010831
0.11706
0.98602
0.99059
0.0014549
0.0041095
0.97704
0.15687
0.0041224
0.16046
5.3973e-06
6.241e-06
0.53624
12.474
0.9154
12.481
4.197
12.474
0.0014059
0.021488
0.0072438
-0.023334
0.13809
0.11778
0.00077989
0.93548
0.064522
0.51815
0.046323
0.063927
0.3716
1.712
0.0046117
-0.0015449
0.10665
0.51789
-6.02
-1.2566e+13
-47.8
0.0743
0.9717
129.43
8.5547
-85.362
1.3921
0.0003983
0.036194
0.022
0.25268
0.12792
0.74919
0.000537
0.00043647
7.4295e-06
0.10952
0.13692
0.96375
0.010831
0.11706
0.98602
0.99059
0.0014549
0.0041095
0.97704
0.15687
0.0041224
0.16046
5.3894e-06
6.2334e-06
0.5363
12.472
0.91534
12.479
4.1968
12.472
0.0014185
0.021478
0.0072743
0.018736
0.13809
0.11779
0.0007802
0.84797
0.15203
0.37759
0.081626
0.080714
0.46007
1.8755
0.0044084
-0.0016826
0.10593
0.51552
-2.5128
-2.4589e+07
-47.8
0.0743
0.9717
129.43
8.5547
-85.362
1.392
0.00039815
0.03618
0.021975
0.25259
0.12786
0.74899
0.00053638
0.0004371
7.4295e-06
0.10946
0.13683
0.96375
0.010831
0.11706
0.98602
0.99059
0.0014549
0.0041095
0.97704
0.15687
0.0041224
0.16046
5.3705e-06
6.2136e-06
0.53638
12.47
0.91526
12.476
4.1964
12.47
0.0014197
0.021468
0.0072759
0.017392
0.13809
0.1178
0.00078044
0.8571
0.1429
0.38899
0.078591
0.079405
0.45302
1.8622
0.0044255
-0.0016709
0.10614
0.51571
-2.5501
-7.2705e+07
-47.8
0.0743
0.9717
129.43
8.5547
-85.362
1.3918
0.00039796
0.036163
0.021952
0.2525
0.1278
0.74884
0.0005358
0.0004374
7.4295e-06
0.10938
0.13674
0.96375
0.010831
0.11706
0.98602
0.99059
0.0014549
0.0041095
0.97704
0.15687
0.0041224
0.16046
5.3536e-06
6.1963e-06
0.53647
12.467
0.91516
12.473
4.196
12.467
0.0014206
0.021458
0.0072773
0.018617
0.13809
0.11781
0.00078071
0.84846
0.15154
0.37907
0.08157
0.080512
0.45885
1.8751
0.0044079
-0.0016829
0.10608
0.51538
-2.5099
-2.5608e+07
-47.8
0.0743
0.9717
129.43
8.5547
-85.362
1.3918
0.00039794
0.036163
0.021945
0.25249
0.12778
0.74881
0.0005356
0.00043711
7.4295e-06
0.10933
0.13668
0.96375
0.010831
0.11706
0.98602
0.99059
0.0014549
0.0041095
0.97704
0.15687
0.0041224
0.16046
5.3461e-06
6.1896e-06
0.53655
12.464
0.91508
12.471
4.1956
12.464
0.0014224
0.02145
0.0072826
0.029294
0.13809
0.11782
0.00078099
0.75992
0.24008
0.29636
0.10779
0.089427
0.50641
1.9839
0.0042627
-0.0017829
0.10545
0.51367
-2.1816
-34681
-47.8
0.0743
0.9717
129.43
8.5547
-85.362
1.3918
0.00039772
0.036143
0.02194
0.25246
0.12778
0.74881
0.00053548
0.00043628
7.4295e-06
0.10935
0.1367
0.96375
0.010831
0.11706
0.98602
0.99059
0.0014549
0.0041095
0.97704
0.15687
0.0041224
0.16046
5.348e-06
6.1911e-06
0.53653
12.464
0.91507
12.471
4.1955
12.464
0.0014182
0.021454
0.0072715
0.013306
0.13809
0.11782
0.00078099
0.8801
0.1199
0.41953
0.070331
0.075864
0.43428
1.8263
0.004472
-0.0016393
0.10639
0.51619
-2.7187
-1.324e+09
-47.8
0.0743
0.9717
129.43
8.5547
-85.362
1.392
0.0003983
0.036196
0.021969
0.25261
0.12783
0.74902
0.00053621
0.00043732
7.4295e-06
0.10937
0.13671
0.96375
0.010831
0.11706
0.98602
0.99059
0.0014549
0.0041095
0.97704
0.15686
0.0041224
0.16046
5.3605e-06
6.2057e-06
0.53653
12.463
0.91505
12.47
4.1955
12.463
0.0014235
0.021455
0.0072875
0.029727
0.13809
0.11782
0.00078115
0.75417
0.24583
0.29192
0.10929
0.089893
0.5089
1.9888
0.0042556
-0.0017878
0.1055
0.5139
-2.1668
-33613
-47.8
0.0743
0.9717
129.43
8.5547
-85.362
1.3922
0.00039847
0.03621
0.021998
0.25271
0.12792
0.74927
0.00053696
0.00043701
7.4295e-06
0.10949
0.13684
0.96375
0.010831
0.11705
0.98602
0.99059
0.0014549
0.0041095
0.97704
0.15686
0.0041224
0.16046
5.3858e-06
6.2315e-06
0.53639
12.466
0.91512
12.472
4.1958
12.466
0.0014208
0.021471
0.0072812
0.018834
0.13809
0.1178
0.00078099
0.84531
0.15469
0.37482
0.08255
0.081006
0.46163
1.8783
0.0044031
-0.0016862
0.10601
0.5157
-2.501
-1.9033e+07
-47.8
0.0743
0.9717
129.43
8.5547
-85.362
1.3924
0.00039787
0.03616
0.02201
0.25273
0.12798
0.74945
0.0005372
0.00043206
7.4295e-06
0.10962
0.13702
0.96375
0.010831
0.11705
0.98602
0.99059
0.0014549
0.0041095
0.97704
0.15686
0.0041224
0.16046
5.4115e-06
6.2569e-06
0.53622
12.468
0.91521
12.475
4.1962
12.468
0.0014074
0.02149
0.0072493
-0.01505
0.13809
0.11778
0.00078073
0.93079
0.069211
0.50677
0.048628
0.065344
0.37926
1.7239
0.0045979
-0.0015541
0.10657
0.51788
-5.457
-4.674e+12
-47.8
0.0743
0.9717
129.43
8.5547
-85.362
1.3924
0.0003983
0.036197
0.022017
0.25278
0.12798
0.74949
0.00053741
0.00043419
7.4295e-06
0.10958
0.13696
0.96375
0.010831
0.11705
0.98602
0.99059
0.0014549
0.0041095
0.97704
0.15686
0.0041224
0.16046
5.4086e-06
6.255e-06
0.53628
12.466
0.91515
12.473
4.1959
12.466
0.0014135
0.021484
0.007265
0.00374
0.13809
0.11779
0.00078103
0.90809
0.091908
0.46209
0.058985
0.07084
0.40808
1.7738
0.0045391
-0.0015938
0.10652
0.51744
-3.7542
-8.6372e+10
-47.8
0.0743
0.9717
129.43
8.5547
-85.362
1.3923
0.00039885
0.036246
0.02201
0.2528
0.12793
0.74937
0.00053725
0.0004376
7.4295e-06
0.10946
0.13679
0.96375
0.010831
0.11705
0.98602
0.99059
0.0014549
0.0041095
0.97704
0.15686
0.0041224
0.16046
5.3874e-06
6.2351e-06
0.53646
12.462
0.91502
12.469
4.1953
12.462
0.0014247
0.021465
0.007293
0.027442
0.13809
0.11781
0.00078155
0.77345
0.22655
0.30677
0.1041
0.088376
0.50075
1.9661
0.004285
-0.0017674
0.10566
0.51462
-2.2329
-45391
-47.8
0.0743
0.9717
129.43
8.5547
-85.362
1.3922
0.00039853
0.036215
0.021991
0.25271
0.12789
0.74927
0.00053676
0.00043756
7.4295e-06
0.10944
0.13676
0.96375
0.010831
0.11705
0.98602
0.99059
0.0014549
0.0041095
0.97704
0.15686
0.0041224
0.16046
5.3782e-06
6.2251e-06
0.53649
12.461
0.91497
12.468
4.1951
12.461
0.0014224
0.021461
0.0072854
0.018848
0.13809
0.11781
0.00078172
0.84454
0.15546
0.3742
0.082827
0.081078
0.4619
1.8788
0.0044025
-0.0016866
0.10609
0.51579
-2.4949
-1.8056e+07
-47.8
0.0743
0.9717
129.43
8.5547
-85.362
1.3922
0.00039776
0.036148
0.021971
0.2526
0.12788
0.74924
0.00053625
0.00043416
7.4295e-06
0.10946
0.13681
0.96375
0.010831
0.11705
0.98602
0.99059
0.0014549
0.0041095
0.97704
0.15686
0.0041224
0.16046
5.379e-06
6.2249e-06
0.53645
12.461
0.91497
12.467
4.1951
12.461
0.0014127
0.021464
0.0072606
0.0018899
0.13809
0.11781
0.00078178
0.9125
0.087497
0.47064
0.057099
0.069795
0.40247
1.7657
0.0045498
-0.0015865
0.10654
0.51725
-3.9687
-1.6845e+11
-47.8
0.0743
0.9717
129.43
8.5547
-85.362
1.3922
0.00039788
0.036158
0.021962
0.25258
0.12784
0.7492
0.00053603
0.00043593
7.4295e-06
0.10939
0.13672
0.96375
0.010831
0.11705
0.98602
0.99059
0.0014549
0.0041095
0.97704
0.15686
0.0041224
0.16046
5.3673e-06
6.2139e-06
0.53655
12.458
0.91488
12.465
4.1947
12.458
0.0014173
0.021452
0.0072717
0.014188
0.13809
0.11782
0.00078215
0.87635
0.12365
0.41344
0.071655
0.076608
0.43829
1.8324
0.0044661
-0.0016433
0.10622
0.5162
-2.6434
-7.9086e+08
-47.8
0.0743
0.9717
129.43
8.5547
-85.362
1.3921
0.00039782
0.036153
0.021944
0.25251
0.12779
0.74911
0.00053557
0.00043668
7.4295e-06
0.1093
0.13661
0.96375
0.010831
0.11705
0.98602
0.99059
0.0014549
0.0041095
0.97704
0.15686
0.0041224
0.16046
5.3507e-06
6.1979e-06
0.53668
12.455
0.91478
12.462
4.1942
12.455
0.0014208
0.021437
0.0072797
0.023514
0.13809
0.11784
0.00078256
0.8101
0.1899
0.33866
0.093624
0.085
0.48272
1.9261
0.0043415
-0.0017284
0.10563
0.51454
-2.3481
-4.3132e+05
-47.8
0.0743
0.9717
129.43
8.5547
-85.362
1.3919
0.000397
0.036081
0.021909
0.25235
0.12773
0.74894
0.00053466
0.00043402
7.4295e-06
0.10926
0.13658
0.96375
0.010831
0.11705
0.98602
0.99059
0.0014549
0.0041095
0.97704
0.15686
0.0041224
0.16046
5.3375e-06
6.184e-06
0.53673
12.453
0.91471
12.46
4.1939
12.453
0.0014121
0.021432
0.0072568
0.0049323
0.13808
0.11784
0.00078275
0.90624
0.093762
0.45986
0.059814
0.071114
0.40922
1.78
0.0045348
-0.0015967
0.10642
0.51663
-3.5905
-5.6314e+10
-47.8
0.0743
0.9717
129.43
8.5547
-85.362
1.3919
0.00039715
0.036095
0.021898
0.25233
0.12769
0.7489
0.00053439
0.00043578
7.4295e-06
0.10916
0.13644
0.96375
0.010831
0.11705
0.98602
0.99059
0.0014549
0.0041095
0.97704
0.15686
0.0041224
0.16046
5.3222e-06
6.17e-06
0.53688
12.449
0.91459
12.456
4.1933
12.449
0.0014189
0.021414
0.0072739
0.028095
0.13808
0.11786
0.00078324
0.7717
0.2283
0.30519
0.10451
0.088572
0.50172
1.9726
0.0042821
-0.0017694
0.10526
0.51347
-2.2057
-40215
-47.8
0.0743
0.9717
129.43
8.5547
-85.362
1.3918
0.00039654
0.03604
0.021868
0.2522
0.12764
0.74875
0.00053364
0.0004341
7.4295e-06
0.10911
0.1364
0.96375
0.010831
0.11704
0.98602
0.99059
0.0014549
0.0041095
0.97704
0.15686
0.0041224
0.16046
5.3099e-06
6.157e-06
0.53693
12.447
0.91453
12.454
4.193
12.447
0.0014123
0.021409
0.007256
0.0084823
0.13808
0.11786
0.00078342
0.8971
0.1029
0.44468
0.063607
0.072955
0.41875
1.7984
0.004514
-0.0016108
0.10629
0.51614
-3.1733
-1.3328e+10
-47.8
0.0743
0.9717
129.43
8.5547
-85.362
1.3918
0.00039682
0.036066
0.021872
0.25225
0.12763
0.7488
0.00053372
0.00043522
7.4295e-06
0.10905
0.13631
0.96375
0.010831
0.11704
0.98602
0.99059
0.0014549
0.0041095
0.97704
0.15686
0.0041224
0.16046
5.305e-06
6.1541e-06
0.53704
12.445
0.91444
12.451
4.1926
12.444
0.0014179
0.021397
0.0072718
0.034521
0.13808
0.11788
0.00078384
0.7111
0.2889
0.26123
0.11986
0.093087
0.52583
2.0363
0.0042022
-0.0018249
0.10497
0.51257
-2.0122
-33116
-47.8
0.0743
0.9717
129.43
8.5547
-85.362
1.3918
0.00039651
0.036037
0.021862
0.25219
0.12762
0.74874
0.00053347
0.00043432
7.4295e-06
0.10908
0.13635
0.96375
0.010831
0.11704
0.98602
0.99059
0.0014549
0.0041095
0.97704
0.15686
0.0041224
0.16046
5.3046e-06
6.1525e-06
0.537
12.445
0.91445
12.452
4.1927
12.445
0.0014129
0.021401
0.0072573
0.010338
0.13808
0.11787
0.00078385
0.89191
0.10809
0.43641
0.06567
0.073969
0.42395
1.8078
0.0045042
-0.0016174
0.10626
0.51601
-2.9861
-6.3973e+09
-47.8
0.0743
0.9717
129.43
8.5547
-85.362
1.3919
0.00039701
0.036083
0.021888
0.25231
0.12767
0.74895
0.00053414
0.0004355
7.4295e-06
0.10911
0.13637
0.96375
0.010831
0.11704
0.98602
0.99059
0.0014549
0.0041095
0.97704
0.15686
0.0041224
0.16046
5.3168e-06
6.1664e-06
0.53699
12.445
0.91445
12.452
4.1927
12.445
0.0014182
0.021402
0.0072723
0.029347
0.13808
0.11787
0.00078404
0.76272
0.23728
0.29777
0.10681
0.089422
0.506
1.9825
0.0042731
-0.0017757
0.10519
0.51333
-2.1667
-35445
-47.8
0.0743
0.9717
129.43
8.5547
-85.362
1.3921
0.00039665
0.036051
0.021898
0.25232
0.12772
0.74909
0.00053439
0.0004329
7.4295e-06
0.10921
0.13651
0.96375
0.010831
0.11704
0.98602
0.99059
0.0014549
0.0041095
0.97704
0.15686
0.0041224
0.16046
5.3365e-06
6.1856e-06
0.53684
12.447
0.91453
12.454
4.1931
12.447
0.0014091
0.021417
0.0072494
0.0051983
0.13808
0.11786
0.0007839
0.90689
0.093112
0.45997
0.059446
0.071196
0.40939
1.7793
0.004543
-0.0015911
0.10628
0.51654
-3.5944
-6.3587e+10
-47.8
0.0743
0.9717
129.43
8.5547
-85.362
1.3922
0.00039672
0.036057
0.021911
0.25236
0.12776
0.74923
0.00053471
0.00043306
7.4295e-06
0.10925
0.13656
0.96375
0.010831
0.11704
0.98602
0.99059
0.0014549
0.0041095
0.97704
0.15685
0.0041224
0.16046
5.3469e-06
6.1965e-06
0.5368
12.448
0.91455
12.455
4.1931
12.448
0.0014093
0.021419
0.0072505
0.011845
0.13808
0.11785
0.00078401
0.88857
0.11143
0.42959
0.066841
0.074855
0.42872
1.8143
0.0045007
-0.0016198
0.10596
0.51592
-2.8671
-3.8431e+09
-47.8
0.0743
0.9717
129.43
8.5547
-85.362
1.392
0.00039607
0.036
0.02188
0.25222
0.1277
0.74905
0.0005339
0.00043089
7.4295e-06
0.10921
0.13652
0.96375
0.010831
0.11704
0.98602
0.99059
0.0014549
0.0041095
0.97704
0.15685
0.0041224
0.16046
5.3331e-06
6.1816e-06
0.53684
12.446
0.9145
12.453
4.1929
12.446
0.0014032
0.021413
0.0072337
-0.0039249
0.13808
0.11786
0.00078419
0.92352
0.076478
0.49104
0.052021
0.067425
0.38952
1.7449
0.0045876
-0.0015611
0.10624
0.51669
-4.611
-1.0296e+12
-47.8
0.0743
0.9717
129.43
8.5547
-85.362
1.3918
0.00039628
0.036017
0.021846
0.25211
0.12759
0.74878
0.00053309
0.00043503
7.4295e-06
0.10903
0.1363
0.96375
0.010831
0.11704
0.98602
0.99059
0.0014549
0.0041095
0.97704
0.15685
0.0041224
0.16046
5.2962e-06
6.1447e-06
0.53708
12.441
0.91433
12.448
4.1921
12.441
0.0014146
0.021386
0.0072598
0.02318
0.13808
0.11789
0.00078482
0.82062
0.17938
0.3481
0.090247
0.084134
0.47752
1.9165
0.0043668
-0.0017111
0.1054
0.51386
-2.3555
-1.078e+06
-47.8
0.0743
0.9717
129.43
8.5547
-85.362
1.3915
0.00039577
0.035971
0.021797
0.25191
0.12747
0.74844
0.00053184
0.00043524
7.4294e-06
0.10889
0.13613
0.96375
0.010831
0.11704
0.98602
0.99059
0.0014549
0.0041095
0.97704
0.15685
0.0041224
0.16046
5.2617e-06
6.1092e-06
0.53726
12.437
0.91419
12.443
4.1915
12.437
0.0014154
0.021364
0.0072591
0.026991
0.13808
0.11791
0.0007853
0.79045
0.20955
0.32049
0.099169
0.08711
0.49324
1.9546
0.0043172
-0.0017453
0.10521
0.51294
-2.2352
-79440
-47.8
0.0743
0.9717
129.43
8.5547
-85.362
1.3913
0.00039509
0.035909
0.021758
0.25173
0.12739
0.74824
0.00053086
0.00043463
7.4294e-06
0.10881
0.13606
0.96375
0.010831
0.11704
0.98602
0.99059
0.0014549
0.0041095
0.97704
0.15685
0.0041224
0.16046
5.2419e-06
6.0881e-06
0.53734
12.435
0.91411
12.441
4.1911
12.435
0.0014117
0.021352
0.0072475
0.022322
0.13808
0.11792
0.00078558
0.83037
0.16963
0.3584
0.087246
0.083009
0.47134
1.9068
0.0043836
-0.0016996
0.10534
0.51326
-2.3788
-2.5079e+06
-47.8
0.0743
0.9717
129.43
8.5547
-85.362
1.3912
0.00039448
0.035855
0.021728
0.25159
0.12733
0.74811
0.00053009
0.00043331
7.4294e-06
0.10876
0.13601
0.96375
0.010831
0.11704
0.98602
0.99059
0.0014549
0.0041095
0.97704
0.15685
0.0041224
0.16046
5.2282e-06
6.0737e-06
0.5374
12.433
0.91405
12.439
4.1909
12.433
0.0014076
0.021343
0.0072357
0.018184
0.13808
0.11793
0.00078583
0.8611
0.1389
0.39336
0.077034
0.079093
0.45051
1.8646
0.0044426
-0.0016594
0.10551
0.51363
-2.5065
-7.8109e+07
-47.8
0.0743
0.9717
129.43
8.5547
-85.362
1.3911
0.00039429
0.035839
0.021706
0.2515
0.12727
0.748
0.00052954
0.0004337
7.4294e-06
0.10867
0.13591
0.96375
0.010831
0.11704
0.98602
0.99059
0.0014549
0.0041095
0.97704
0.15685
0.0041224
0.16046
5.2117e-06
6.0574e-06
0.53752
12.43
0.91396
12.436
4.1904
12.43
0.0014095
0.021329
0.0072393
0.025898
0.13808
0.11794
0.0007862
0.80481
0.19519
0.33314
0.094971
0.085796
0.4861
1.9417
0.0043404
-0.0017293
0.10495
0.51214
-2.267
-1.8448e+05
-47.8
0.0743
0.9717
129.43
8.5547
-85.362
1.391
0.00039402
0.035815
0.021684
0.25141
0.12722
0.74786
0.00052898
0.00043364
7.4294e-06
0.1086
0.13583
0.96375
0.010831
0.11704
0.98602
0.99059
0.0014549
0.0041095
0.97704
0.15685
0.0041224
0.16046
5.197e-06
6.0426e-06
0.53761
12.427
0.91388
12.434
4.1901
12.427
0.0014091
0.021318
0.0072374
0.026073
0.13808
0.11795
0.00078648
0.80417
0.19583
0.3326
0.095156
0.085869
0.48638
1.943
0.0043401
-0.0017295
0.10494
0.51197
-2.2598
-1.7259e+05
-47.8
0.0743
0.9717
129.43
8.5547
-85.362
1.391
0.0003939
0.035804
0.021673
0.25137
0.1272
0.74781
0.0005287
0.00043354
7.4294e-06
0.10856
0.13578
0.96375
0.010831
0.11704
0.98602
0.99059
0.0014549
0.0041095
0.97704
0.15685
0.0041224
0.16046
5.1895e-06
6.0354e-06
0.53767
12.426
0.91383
12.432
4.1898
12.426
0.0014091
0.021311
0.007237
0.02723
0.13808
0.11796
0.0007867
0.79504
0.20496
0.32429
0.097774
0.08678
0.49115
1.9542
0.0043265
-0.0017389
0.10487
0.51175
-2.2231
-88717
-47.8
0.0743
0.9717
129.43
8.5547
-85.362
1.391
0.00039402
0.035815
0.02168
0.25141
0.12721
0.74788
0.00052889
0.0004336
7.4294e-06
0.10856
0.13577
0.96375
0.010831
0.11704
0.98602
0.99059
0.0014549
0.0041095
0.97704
0.15685
0.0041224
0.16046
5.1935e-06
6.0405e-06
0.53769
12.425
0.9138
12.432
4.1897
12.425
0.0014092
0.021311
0.0072382
0.02578
0.13807
0.11796
0.00078683
0.80702
0.19298
0.33507
0.094272
0.085651
0.48501
1.939
0.0043477
-0.0017243
0.105
0.51215
-2.2661
-2.344e+05
-47.8
0.0743
0.9717
129.43
8.5547
-85.362
1.3913
0.00039432
0.035845
0.021712
0.25156
0.12729
0.74815
0.00052966
0.00043265
7.4294e-06
0.10862
0.13583
0.96375
0.010831
0.11703
0.98602
0.99059
0.0014549
0.0041095
0.97704
0.15685
0.0041224
0.16046
5.2144e-06
6.0638e-06
0.53765
12.426
0.91383
12.432
4.1898
12.426
0.0014088
0.021318
0.0072409
0.036828
0.13808
0.11796
0.00078689
0.70573
0.29427
0.25662
0.12063
0.093828
0.52893
2.0485
0.0042059
-0.0018224
0.10441
0.51089
-1.9367
-33434
-47.8
0.0743
0.9717
129.43
8.5547
-85.362
1.3914
0.00039421
0.035834
0.021732
0.25162
0.12736
0.74832
0.00053017
0.00043055
7.4294e-06
0.10875
0.13599
0.96375
0.010831
0.11703
0.98602
0.99059
0.0014549
0.0041095
0.97704
0.15685
0.0041224
0.16046
5.2377e-06
6.0866e-06
0.53748
12.429
0.91394
12.436
4.1903
12.429
0.0014012
0.021337
0.0072219
0.0075296
0.13808
0.11794
0.0007866
0.90491
0.095091
0.45647
0.060193
0.071785
0.41155
1.7885
0.0045491
-0.0015871
0.10589
0.51504
-3.363
-3.875e+10
-47.8
0.0743
0.9717
129.43
8.5547
-85.362
1.3917
0.00039514
0.035917
0.021779
0.25183
0.12745
0.74862
0.00053136
0.00043317
7.4294e-06
0.10881
0.13604
0.96375
0.010831
0.11703
0.98602
0.99059
0.0014549
0.0041095
0.97704
0.15685
0.0041224
0.16046
5.2592e-06
6.1101e-06
0.53742
12.431
0.91398
12.437
4.1905
12.431
0.0014098
0.021343
0.0072454
0.028599
0.13808
0.11793
0.00078665
0.78324
0.21676
0.31305
0.10085
0.088098
0.498
1.9645
0.0043154
-0.0017464
0.10484
0.51248
-2.1837
-55759
-47.8
0.0743
0.9717
129.43
8.5547
-85.362
1.3918
0.0003949
0.035897
0.021795
0.25188
0.12751
0.74878
0.00053175
0.00043064
7.4294e-06
0.10893
0.13619
0.96375
0.010831
0.11703
0.98602
0.99059
0.0014549
0.0041095
0.97704
0.15685
0.0041224
0.16046
5.2806e-06
6.1312e-06
0.53726
12.433
0.91407
12.44
4.191
12.433
0.0014018
0.02136
0.0072263
0.0096099
0.13808
0.11791
0.00078644
0.89953
0.10047
0.44632
0.062348
0.073053
0.41828
1.7979
0.0045393
-0.0015937
0.10581
0.51526
-3.1489
-1.8022e+10
-47.8
0.0743
0.9717
129.43
8.5547
-85.362
1.3918
0.00039465
0.035875
0.021791
0.25185
0.12752
0.74876
0.00053164
0.00042919
7.4294e-06
0.10895
0.13623
0.96375
0.010831
0.11703
0.98602
0.99059
0.0014549
0.0041095
0.97704
0.15685
0.0041224
0.16046
5.2832e-06
6.1333e-06
0.53722
12.434
0.91409
12.441
4.191
12.434
0.0013977
0.021363
0.0072159
0.00054862
0.13808
0.11791
0.00078643
0.91982
0.080183
0.4828
0.053616
0.068619
0.39496
1.7564
0.0045913
-0.0015586
0.10594
0.51577
-4.2078
-4.9865e+11
-47.8
0.0743
0.9717
129.43
8.5547
-85.362
1.3917
0.00039512
0.035914
0.021779
0.25183
0.12745
0.74862
0.00053138
0.00043342
7.4294e-06
0.10884
0.13607
0.96375
0.010831
0.11703
0.98602
0.99059
0.0014549
0.0041095
0.97704
0.15685
0.0041224
0.16046
5.2613e-06
6.1116e-06
0.53738
12.431
0.91399
12.437
4.1906
12.431
0.0014092
0.021345
0.0072432
0.025211
0.13808
0.11793
0.00078684
0.81326
0.18674
0.33988
0.092202
0.085256
0.48266
1.9287
0.0043659
-0.0017117
0.10506
0.51301
-2.2862
-5.0766e+05
-47.8
0.0743
0.9717
129.43
8.5547
-85.362
1.3914
0.0003946
0.035867
0.02174
0.25166
0.12736
0.74834
0.00053039
0.00043308
7.4294e-06
0.10875
0.13598
0.96375
0.010831
0.11703
0.98602
0.99059
0.0014549
0.0041095
0.97704
0.15685
0.0041224
0.16046
5.237e-06
6.0857e-06
0.53747
12.428
0.91391
12.435
4.1902
12.428
0.0014072
0.021333
0.007236
0.01976
0.13808
0.11794
0.00078707
0.85452
0.14548
0.38436
0.079128
0.080303
0.45621
1.8737
0.0044416
-0.00166
0.10546
0.51369
-2.4523
-4.2167e+07
-47.8
0.0743
0.9717
129.43
8.5547
-85.362
1.3912
0.00039413
0.035825
0.021706
0.25151
0.12729
0.74813
0.00052953
0.00043278
7.4294e-06
0.10867
0.13589
0.96375
0.010831
0.11703
0.98602
0.99059
0.0014549
0.0041095
0.97704
0.15685
0.0041224
0.16046
5.2164e-06
6.0641e-06
0.53757
12.426
0.91383
12.432
4.1898
12.426
0.001406
0.021321
0.0072313
0.020094
0.13807
0.11795
0.00078733
0.85315
0.14685
0.38288
0.079601
0.080471
0.45705
1.877
0.0044385
-0.0016621
0.10537
0.51332
-2.4404
-3.3239e+07
-47.8
0.0743
0.9717
129.43
8.5547
-85.362
1.3911
0.00039396
0.03581
0.021684
0.25143
0.12723
0.748
0.00052897
0.00043319
7.4294e-06
0.10858
0.13579
0.96375
0.010831
0.11703
0.98602
0.99059
0.0014549
0.0041095
0.97704
0.15685
0.0041224
0.16046
5.1993e-06
6.0471e-06
0.53768
12.423
0.91374
12.43
4.1894
12.423
0.0014079
0.021307
0.0072349
0.027242
0.13807
0.11797
0.00078763
0.79944
0.20056
0.32751
0.096316
0.086594
0.48958
1.9486
0.0043425
-0.0017278
0.10487
0.51194
-2.2173
-1.3222e+05
-47.8
0.0743
0.9717
129.43
8.5547
-85.362
1.3911
0.00039372
0.03579
0.021672
0.25137
0.1272
0.74796
0.00052866
0.00043257
7.4294e-06
0.10854
0.13575
0.96375
0.010831
0.11703
0.98602
0.99059
0.0014549
0.0041094
0.97704
0.15685
0.0041224
0.16046
5.1931e-06
6.0411e-06
0.53774
12.422
0.9137
12.428
4.1893
12.422
0.001407
0.021301
0.0072323
0.031113
0.13807
0.11797
0.00078781
0.76677
0.23323
0.29979
0.1053
0.089543
0.50537
1.987
0.0042925
-0.0017623
0.10457
0.5112
-2.0996
-35450
-47.8
0.0743
0.9717
129.43
8.5547
-85.362
1.3911
0.00039322
0.035745
0.021658
0.25129
0.12719
0.74793
0.00052831
0.00043081
7.4294e-06
0.10856
0.13578
0.96375
0.010831
0.11703
0.98602
0.99059
0.0014549
0.0041094
0.97704
0.15685
0.0041224
0.16046
5.1928e-06
6.0401e-06
0.53771
12.422
0.91371
12.429
4.1893
12.422
0.0014005
0.021302
0.0072152
0.016414
0.13807
0.11797
0.0007878
0.87862
0.12138
0.41556
0.070532
0.076733
0.43718
1.8393
0.0044925
-0.0016254
0.10543
0.51346
-2.5526
-7.3695e+08
-47.8
0.0743
0.9717
129.43
8.5547
-85.362
1.3911
0.00039335
0.035756
0.021656
0.25129
0.12718
0.74792
0.00052826
0.00043208
7.4294e-06
0.10852
0.13573
0.96375
0.010831
0.11703
0.98602
0.99059
0.0014549
0.0041094
0.97704
0.15685
0.0041224
0.16046
5.187e-06
6.0348e-06
0.53777
12.421
0.91367
12.427
4.1891
12.421
0.0014043
0.021295
0.0072244
0.027448
0.13807
0.11798
0.00078799
0.80066
0.19934
0.32822
0.095879
0.086557
0.48935
1.9491
0.0043454
-0.0017258
0.10466
0.51152
-2.2126
-1.3394e+05
-47.8
0.0743
0.9717
129.43
8.5547
-85.362
1.391
0.00039306
0.03573
0.02164
0.25122
0.12715
0.74783
0.00052786
0.00043118
7.4294e-06
0.10849
0.1357
0.96375
0.010831
0.11703
0.98602
0.99059
0.0014549
0.0041094
0.97704
0.15685
0.0041224
0.16046
5.1795e-06
6.027e-06
0.53781
12.42
0.91364
12.426
4.189
12.42
0.0014013
0.021291
0.0072165
0.018863
0.13807
0.11798
0.00078807
0.86424
0.13576
0.39636
0.075729
0.078979
0.44893
1.8628
0.0044629
-0.0016455
0.10529
0.51297
-2.4769
-1.1455e+08
-47.8
0.0743
0.9717
129.43
8.5547
-85.362
1.391
0.00039328
0.035751
0.021642
0.25125
0.12714
0.74783
0.00052789
0.00043198
7.4294e-06
0.10844
0.13563
0.96375
0.010831
0.11703
0.98602
0.99059
0.0014549
0.0041094
0.97704
0.15685
0.0041224
0.16046
5.1742e-06
6.0229e-06
0.53789
12.418
0.91358
12.425
4.1887
12.418
0.0014056
0.021283
0.0072279
0.033883
0.13807
0.11799
0.0007883
0.74364
0.25636
0.28206
0.1112
0.091425
0.51532
2.0128
0.0042619
-0.0017835
0.10438
0.51064
-2.0157
-32372
-47.8
0.0743
0.9717
129.43
8.5547
-85.362
1.391
0.00039329
0.035753
0.021648
0.25127
0.12715
0.7479
0.00052804
0.00043171
7.4294e-06
0.10846
0.13565
0.96375
0.010831
0.11703
0.98602
0.99059
0.0014549
0.0041094
0.97704
0.15685
0.0041224
0.16046
5.1796e-06
6.0287e-06
0.53787
12.419
0.91359
12.425
4.1888
12.419
0.0014049
0.021285
0.0072266
0.033604
0.13807
0.11799
0.0007883
0.74668
0.25332
0.28415
0.11039
0.091223
0.51424
2.0097
0.0042665
-0.0017803
0.10435
0.51068
-2.0249
-32428
-47.8
0.0743
0.9717
129.43
8.5547
-85.362
1.3911
0.00039286
0.035714
0.021648
0.25124
0.12718
0.74794
0.00052803
0.00042933
7.4294e-06
0.10854
0.13576
0.96375
0.010831
0.11703
0.98602
0.99059
0.0014549
0.0041094
0.97704
0.15685
0.0041224
0.16046
5.1908e-06
6.0388e-06
0.53775
12.421
0.91367
12.427
4.1891
12.421
0.0013965
0.021297
0.0072052
0.011472
0.13807
0.11798
0.00078804
0.89744
0.10256
0.44355
0.063189
0.073458
0.4198
1.8065
0.0045384
-0.0015944
0.10553
0.51388
-2.9736
-1.0698e+10
-47.8
0.0743
0.9717
129.43
8.5547
-85.362
1.3911
0.00039338
0.035758
0.021662
0.25132
0.12719
0.74801
0.00052841
0.00043202
7.4294e-06
0.10853
0.13574
0.96375
0.010831
0.11703
0.98602
0.99059
0.0014549
0.0041094
0.97704
0.15685
0.0041224
0.16046
5.192e-06
6.0407e-06
0.53777
12.421
0.91366
12.427
4.1891
12.421
0.0014035
0.021294
0.0072228
0.025947
0.13807
0.11798
0.00078813
0.81415
0.18585
0.34058
0.091864
0.085259
0.48229
1.9321
0.0043702
-0.0017088
0.10477
0.51187
-2.2605
-4.5172e+05
