-85.526
1.3965
0.00040904
0.037166
0.023558
0.25552
0.13049
0.75424
0.00057697
0.00042155
7.2299e-06
0.09705
0.11753
0.98213
0.0091795
0.08013
0.98651
0.9913
0.0014157
0.0040655
0.9871
0.18215
0.0040777
0.16485
5.4527e-06
7.2961e-06
0.57229
12.999
0.93236
13.005
4.2741
12.999
0.0014012
0.01903
0.0073563
0.025053
0.13781
0.12029
0.00091762
0.83473
0.16527
0.36881
0.077853
0.10008
0.45326
1.8607
0.0063563
-0.00040003
0.10401
0.52829
0.24507
-6.7117e+07
-47.8
0.0743
0.9717
129.43
8.5547
-85.526
1.3965
0.00040916
0.037178
0.023549
0.25554
0.13046
0.7542
0.00057672
0.00042167
7.2299e-06
0.097003
0.11746
0.98213
0.0091795
0.080129
0.98651
0.9913
0.0014157
0.0040655
0.9871
0.18215
0.0040777
0.16485
5.441e-06
7.2826e-06
0.57236
12.997
0.93229
13.003
4.2738
12.997
0.0014047
0.019022
0.007372
0.023149
0.13781
0.1203
0.00091771
0.90632
0.093675
0.47272
0.055037
0.083959
0.38828
1.7473
0.0068092
-0.0001121
0.10562
0.53065
0.20207
-8.4275e+11
-47.8
0.0743
0.9717
129.43
8.5547
-85.526
1.3965
0.00040889
0.037154
0.023566
0.25562
0.13053
0.75429
0.00057715
0.00041904
7.2299e-06
0.097009
0.11747
0.98213
0.0091795
0.080128
0.98651
0.9913
0.0014157
0.0040655
0.9871
0.18215
0.0040777
0.16485
5.4627e-06
7.3138e-06
0.57243
12.994
0.93218
13
4.2733
12.994
0.0013937
0.019031
0.0073392
0.026129
0.13781
0.12029
0.00091786
0.78261
0.21739
0.31614
0.091071
0.10763
0.48515
1.9215
0.0061156
-0.00055391
0.10325
0.52763
0.26396
-5.2808e+05
-47.8
0.0743
0.9717
129.43
8.5547
-85.526
1.3966
0.00040935
0.037196
0.023588
0.25577
0.13057
0.75441
0.00057771
0.00041993
7.2299e-06
0.096981
0.11742
0.98213
0.0091795
0.080127
0.98651
0.9913
0.0014157
0.0040655
0.9871
0.18214
0.0040777
0.16485
5.4706e-06
7.3273e-06
0.57253
12.99
0.93208
12.996
4.2728
12.99
0.0013969
0.019029
0.007351
0.025411
0.13781
0.12029
0.00091805
0.81977
0.18023
0.35016
0.081567
0.10282
0.46545
1.8774
0.0062797
-0.00044891
0.10363
0.52875
0.25155
-1.6951e+07
-47.8
0.0743
0.9717
129.43
8.5547
-85.526
1.3967
0.00040898
0.037165
0.023599
0.25583
0.13063
0.75448
0.00057795
0.00041668
7.2299e-06
0.096997
0.11744
0.98213
0.0091795
0.080127
0.98651
0.9913
0.0014157
0.0040655
0.9871
0.18214
0.0040777
0.16485
5.4876e-06
7.3508e-06
0.57256
12.988
0.93201
12.994
4.2725
12.988
0.0013861
0.019034
0.0073239
0.026758
0.13781
0.12028
0.00091818
0.74859
0.25141
0.28692
0.098576
0.11163
0.50287
1.9555
0.0059844
-0.00063808
0.10269
0.52771
0.27372
-1.1516e+05
-47.8
0.0743
0.9717
129.43
8.5547
-85.526
1.3967
0.0004088
0.037148
0.023596
0.25581
0.13063
0.75452
0.00057786
0.00041606
7.2299e-06
0.097012
0.11746
0.98213
0.0091795
0.080126
0.98651
0.9913
0.0014157
0.0040655
0.9871
0.18214
0.0040777
0.16485
5.4897e-06
7.3529e-06
0.57253
12.988
0.93199
12.994
4.2725
12.988
0.0013842
0.019035
0.0073187
0.026772
0.13781
0.12028
0.00091825
0.74785
0.25215
0.28616
0.098684
0.11174
0.50342
1.9569
0.0059812
-0.00064013
0.10256
0.52755
0.27436
-1.1275e+05
-47.8
0.0743
0.9717
129.43
8.5547
-85.526
1.3966
0.00040848
0.03712
0.023557
0.2556
0.13053
0.75437
0.00057688
0.00041734
7.2299e-06
0.097003
0.11745
0.98213
0.0091795
0.080125
0.98651
0.9913
0.0014157
0.0040655
0.9871
0.18214
0.0040777
0.16485
5.4647e-06
7.3178e-06
0.57248
12.989
0.93203
12.995
4.2726
12.989
0.0013886
0.019029
0.0073268
0.026368
0.13781
0.12029
0.00091824
0.76997
0.23003
0.30466
0.093892
0.10924
0.4922
1.9357
0.0060651
-0.00058628
0.10288
0.52735
0.26819
-2.255e+05
-47.8
0.0743
0.9717
129.43
8.5547
-85.526
1.3964
0.00040837
0.03711
0.023493
0.25532
0.13035
0.75408
0.00057527
0.00042068
7.2299e-06
0.096939
0.11738
0.98213
0.0091795
0.080124
0.98651
0.9913
0.0014157
0.0040655
0.9871
0.18214
0.0040777
0.16485
5.4128e-06
7.2475e-06
0.57245
12.99
0.93207
12.996
4.2728
12.99
0.0014028
0.019008
0.0073664
0.022776
0.13781
0.12031
0.00091823
0.91687
0.083133
0.49467
0.050994
0.080428
0.37391
1.7268
0.0068968
-5.6639e-05
0.10582
0.53063
0.19362
-4.8292e+12
-47.8
0.0743
0.9717
129.43
8.5547
-85.526
1.3962
0.00040807
0.037082
0.023465
0.25519
0.13028
0.75396
0.00057456
0.00042114
7.2299e-06
0.096915
0.11735
0.98213
0.0091795
0.080123
0.98651
0.9913
0.0014157
0.0040655
0.9871
0.18214
0.0040777
0.16485
5.3968e-06
7.2263e-06
0.57246
12.989
0.93204
12.995
4.2727
12.989
0.0014036
0.019003
0.0073655
0.022959
0.13781
0.12031
0.00091831
0.91113
0.088865
0.48428
0.053317
0.082121
0.38028
1.7393
0.006853
-8.4363e-05
0.10575
0.53017
0.19884
-1.7461e+12
-47.8
0.0743
0.9717
129.43
8.5547
-85.526
1.3963
0.00040807
0.037081
0.023479
0.25526
0.13033
0.75405
0.00057492
0.00042078
7.2299e-06
0.096899
0.11733
0.98213
0.0091795
0.080122
0.98651
0.9913
0.0014157
0.0040655
0.9871
0.18214
0.0040777
0.16485
5.4094e-06
7.2459e-06
0.57255
12.986
0.93194
12.992
4.2722
12.986
0.0013999
0.019007
0.0073528
0.024447
0.13781
0.12031
0.00091854
0.86045
0.13955
0.40035
0.070418
0.095352
0.43388
1.8261
0.0065022
-0.0003071
0.10446
0.52872
0.23245
-1.2771e+09
-47.8
0.0743
0.9717
129.43
8.5547
-85.526
1.3964
0.00040792
0.037068
0.023492
0.25536
0.13039
0.75413
0.00057523
0.00041869
7.2299e-06
0.096861
0.11727
0.98213
0.0091795
0.080121
0.98651
0.9913
0.0014157
0.0040655
0.9871
0.18214
0.0040777
0.16485
5.4234e-06
7.2689e-06
0.57269
12.981
0.93179
12.987
4.2715
12.981
0.0013922
0.019008
0.0073328
0.025722
0.13781
0.12031
0.00091883
0.80402
0.19598
0.33503
0.085682
0.10502
0.47428
1.8992
0.0062078
-0.00049487
0.10325
0.52759
0.25762
-3.1055e+06
-47.8
0.0743
0.9717
129.43
8.5547
-85.526
1.3964
0.00040767
0.037047
0.023484
0.25539
0.13039
0.75408
0.00057503
0.00041694
7.2299e-06
0.096788
0.11718
0.98213
0.0091795
0.08012
0.98651
0.9913
0.0014157
0.0040655
0.9871
0.18214
0.0040777
0.16485
5.422e-06
7.2721e-06
0.57287
12.976
0.93164
12.982
4.2708
12.976
0.0013865
0.019003
0.0073192
0.026483
0.13781
0.12031
0.00091912
0.76401
0.23599
0.29935
0.095167
0.10998
0.4955
1.9424
0.0060419
-0.00060118
0.10276
0.52716
0.27046
-1.7297e+05
-47.8
0.0743
0.9717
129.43
8.5547
-85.526
1.3963
0.00040798
0.037075
0.023478
0.25543
0.13036
0.75407
0.00057488
0.00041879
7.2299e-06
0.096695
0.11705
0.98213
0.0091795
0.08012
0.98651
0.9913
0.0014157
0.0040655
0.9871
0.18214
0.0040777
0.16485
5.4087e-06
7.2594e-06
0.57304
12.972
0.9315
12.978
4.2702
12.972
0.0013932
0.01899
0.0073411
0.025059
0.13781
0.12033
0.00091939
0.83647
0.16353
0.36754
0.076966
0.10029
0.4552
1.8571
0.0063644
-0.0003949
0.10377
0.52892
0.24496
-1.0103e+08
-47.8
0.0743
0.9717
129.43
8.5547
-85.526
1.3964
0.00040709
0.036998
0.023475
0.25543
0.13041
0.75409
0.00057477
0.00041313
7.2299e-06
0.096694
0.11706
0.98213
0.0091795
0.080119
0.98651
0.9913
0.0014157
0.0040655
0.9871
0.18214
0.0040777
0.16485
5.4262e-06
7.2852e-06
0.57311
12.969
0.9314
12.975
4.2697
12.969
0.0013744
0.018995
0.0072913
0.01344
0.13781
0.12032
0.00091957
0.70428
0.29572
0.25504
0.10773
0.11581
0.52142
2.0008
0.0058326
-0.00073582
0.10188
0.52662
1.854
-1.969e+05
-47.8
0.0743
0.9717
129.43
8.5547
-85.526
1.3964
0.00040705
0.036996
0.023481
0.25548
0.13043
0.75418
0.00057491
0.00041284
7.2299e-06
0.096682
0.11704
0.98213
0.0091795
0.080118
0.98651
0.9913
0.0014157
0.0040655
0.9871
0.18214
0.0040777
0.16485
5.431e-06
7.293e-06
0.57316
12.967
0.93134
12.973
4.2695
12.967
0.0013742
0.018992
0.0072932
0.026891
0.13781
0.12033
0.00091977
0.74177
0.25823
0.28006
0.099618
0.11259
0.50773
1.9652
0.0059558
-0.00065644
0.10192
0.52703
0.27709
-1.0539e+05
-47.8
0.0743
0.9717
129.43
8.5547
-85.526
1.3963
0.00040597
0.0369
0.023437
0.25527
0.13037
0.75398
0.00057377
0.00040928
7.2299e-06
0.096679
0.11705
0.98213
0.0091795
0.080118
0.98651
0.9913
0.0014157
0.0040655
0.9871
0.18213
0.0040777
0.16485
5.4194e-06
7.2767e-06
0.57314
12.966
0.93132
12.972
4.2694
12.966
0.0013615
0.018991
0.0072547
-0.016165
0.1378
0.12033
0.00091985
0.65035
0.34965
0.2223
0.11815
0.11981
0.53974
2.0536
0.0056681
-0.00084211
0.10095
0.52528
19.119
-9.6797e+06
-47.8
0.0743
0.9717
129.43
8.5547
-85.526
1.3963
0.000407
0.036989
0.02343
0.25521
0.13028
0.75397
0.00057364
0.00041676
7.2299e-06
0.096649
0.117
0.98213
0.0091795
0.080117
0.98651
0.9913
0.0014157
0.0040655
0.9871
0.18213
0.0040777
0.16485
5.3914e-06
7.2382e-06
0.57311
12.967
0.93135
12.973
4.2695
12.967
0.0013864
0.01898
0.0073197
0.025736
0.1378
0.12034
0.0009201
0.80397
0.19603
0.3337
0.085468
0.10524
0.47559
1.9001
0.0062074
-0.00049515
0.10292
0.52746
0.25831
-3.0326e+06
-47.8
0.0743
0.9717
129.43
8.5547
-85.526
1.3961
0.0004072
0.037005
0.023399
0.25506
0.13017
0.75379
0.00057288
0.00041992
7.2299e-06
0.096629
0.11698
0.98213
0.0091795
0.080116
0.98651
0.9913
0.0014157
0.0040655
0.9871
0.18213
0.0040777
0.16485
5.3622e-06
7.1976e-06
0.57306
12.968
0.93139
12.974
4.2697
12.968
0.0013973
0.01897
0.0073471
0.024505
0.1378
0.12035
0.00092029
0.85843
0.14157
0.39712
0.070961
0.095873
0.43605
1.8289
0.0064957
-0.00031123
0.10439
0.52873
0.23411
-1.0764e+09
-47.8
0.0743
0.9717
129.43
8.5547
-85.526
1.3961
0.00040734
0.037019
0.023402
0.25508
0.13017
0.75383
0.00057295
0.00042005
7.2299e-06
0.096652
0.117
0.98213
0.0091795
0.080116
0.98651
0.9913
0.0014157
0.0040655
0.9871
0.18213
0.0040777
0.16485
5.3618e-06
7.1953e-06
0.573
12.968
0.9314
12.974
4.2697
12.969
0.0013998
0.018968
0.0073571
0.023217
0.1378
0.12035
0.00092051
0.90419
0.095809
0.46855
0.055811
0.084662
0.39098
1.7528
0.0068049
-0.00011488
0.10544
0.53019
0.20523
-5.9596e+11
-47.8
0.0743
0.9717
129.43
8.5547
-85.526
1.3964
0.00040724
0.03701
0.023453
0.25528
0.13033
0.75413
0.00057423
0.00041672
7.2299e-06
0.096758
0.11713
0.98213
0.0091795
0.080115
0.98651
0.9913
0.0014157
0.0040655
0.9871
0.18213
0.0040777
0.16485
5.4085e-06
7.2556e-06
0.57292
12.968
0.93138
12.974
4.2696
12.968
0.0013863
0.018986
0.0073188
0.026195
0.1378
0.12033
0.00092074
0.77972
0.22028
0.3124
0.091473
0.10827
0.48786
1.9271
0.0061131
-0.00055549
0.10277
0.52706
0.26649
-3.9101e+05
-47.8
0.0743
0.9717
129.43
8.5547
-85.526
1.3965
0.0004071
0.036998
0.023477
0.25538
0.13041
0.75428
0.00057483
0.00041429
7.2299e-06
0.096825
0.11722
0.98213
0.0091795
0.080114
0.98651
0.9913
0.0014157
0.0040655
0.9871
0.18213
0.0040777
0.16485
5.433e-06
7.2864e-06
0.57285
12.968
0.93137
12.974
4.2696
12.968
0.0013777
0.018996
0.0072965
0.027194
0.1378
0.12032
0.00092093
0.72231
0.27769
0.26777
0.10413
0.11427
0.51383
1.9854
0.0059033
-0.00069025
0.10207
0.52637
0.28212
-1.2232e+05
-47.8
0.0743
0.9717
129.43
8.5547
-85.526
1.3965
0.00040769
0.037049
0.02346
0.25529
0.13032
0.75419
0.00057441
0.00041932
7.2299e-06
0.0968
0.11718
0.98213
0.0091795
0.080114
0.98651
0.9913
0.0014157
0.0040655
0.9871
0.18213
0.0040777
0.16485
5.4057e-06
7.2487e-06
0.57281
12.969
0.93141
12.975
4.2698
12.969
0.0013946
0.018985
0.0073408
0.025078
0.1378
0.12033
0.00092106
0.83452
0.16548
0.36682
0.07765
0.10048
0.45505
1.862
0.0063715
-0.00039033
0.10369
0.52817
0.24668
-6.5274e+07
-47.8
0.0743
0.9717
129.43
8.5547
-85.526
1.3963
0.00040747
0.03703
0.023415
0.25508
0.1302
0.75398
0.00057329
0.00042057
7.2299e-06
0.096774
0.11715
0.98213
0.0091795
0.080113
0.98651
0.9913
0.0014157
0.0040655
0.9871
0.18213
0.0040777
0.16485
5.3734e-06
7.2039e-06
0.57276
12.97
0.93145
12.976
4.27
12.97
0.0014013
0.018973
0.0073595
0.023097
0.1378
0.12034
0.00092113
0.90743
0.092572
0.47578
0.054658
0.083522
0.38604
1.7472
0.0068424
-9.1069e-05
0.10553
0.53003
0.20284
-9.2366e+11
-47.8
0.0743
0.9717
129.43
8.5547
-85.526
1.3962
0.00040715
0.037
0.023399
0.25498
0.13017
0.75393
0.00057288
0.0004206
7.2299e-06
0.096782
0.11717
0.98213
0.0091795
0.080113
0.98651
0.9913
0.0014157
0.0040655
0.9871
0.18213
0.0040777
0.16485
5.368e-06
7.1958e-06
0.57273
12.97
0.93145
12.976
4.27
12.97
0.0013999
0.018974
0.007351
0.024095
0.1378
0.12034
0.00092122
0.8734
0.1266
0.41954
0.066474
0.092467
0.42152
1.8081
0.0066031
-0.00024289
0.1047
0.52857
0.22609
-5.8879e+09
-47.8
0.0743
0.9717
129.43
8.5547
-85.526
1.3962
0.00040701
0.036988
0.023386
0.25494
0.13014
0.75388
0.00057255
0.00042041
7.2299e-06
0.096749
0.11713
0.98213
0.0091795
0.080112
0.98651
0.9913
0.0014157
0.0040655
0.9871
0.18213
0.0040777
0.16485
5.36e-06
7.1865e-06
0.57278
12.969
0.9314
12.975
4.2698
12.969
0.0014
0.018968
0.0073527
0.023439
0.1378
0.12035
0.00092137
0.89642
0.10358
0.45609
0.058714
0.086697
0.3985
1.7693
0.0067613
-0.00014247
0.1052
0.52929
0.2121
-1.5074e+11
-47.8
0.0743
0.9717
129.43
8.5547
-85.526
1.3962
0.0004069
0.036978
0.023383
0.25495
0.13014
0.75388
0.00057247
0.00042007
7.2299e-06
0.096701
0.11706
0.98213
0.0091795
0.080112
0.98651
0.9913
0.0014157
0.0040655
0.9871
0.18213
0.0040777
0.16485
5.3597e-06
7.1896e-06
0.5729
12.965
0.9313
12.971
4.2693
12.966
0.0013976
0.018965
0.0073454
0.024203
0.1378
0.12035
0.00092158
0.86987
0.13013
0.41337
0.067498
0.093426
0.42571
1.8135
0.0065797
-0.0002578
0.10454
0.52857
0.22817
-3.8505e+09
-47.8
0.0743
0.9717
129.43
8.5547
-85.526
1.3962
0.00040671
0.03696
0.02338
0.25498
0.13015
0.75387
0.00057238
0.00041908
7.2299e-06
0.096636
0.11698
0.98213
0.0091795
0.080111
0.98651
0.9913
0.0014157
0.0040655
0.9871
0.18213
0.0040777
0.16485
5.3612e-06
7.1963e-06
0.57306
12.961
0.93116
12.967
4.2687
12.961
0.0013929
0.018962
0.0073318
0.025164
0.1378
0.12036
0.0009218
0.83039
0.16961
0.3627
0.078835
0.10111
0.45736
1.8687
0.0063533
-0.00040196
0.10363
0.52764
0.24951
-4.0193e+07
-47.8
0.0743
0.9717
129.43
8.5547
-85.526
1.3961
0.00040646
0.036939
0.023369
0.25498
0.13014
0.75382
0.00057209
0.00041789
7.2299e-06
0.096552
0.11687
0.98213
0.0091795
0.080111
0.98651
0.9913
0.0014157
0.0040655
0.9871
0.18213
0.0040777
0.16485
5.3563e-06
7.1953e-06
0.57325
12.956
0.93102
12.962
4.268
12.957
0.001389
0.018955
0.007322
0.025703
0.1378
0.12036
0.00092201
0.80522
0.19478
0.33581
0.085272
0.10502
0.4739
1.8993
0.0062298
-0.00048088
0.10312
0.52723
0.25807
-3.4003e+06
-47.8
0.0743
0.9717
129.43
8.5547
-85.526
1.3961
0.00040626
0.036923
0.023358
0.25499
0.13013
0.75379
0.0005718
0.00041708
7.2299e-06
0.096469
0.11677
0.98213
0.0091795
0.08011
0.98651
0.9913
0.0014157
0.0040655
0.9871
0.18213
0.0040777
0.16485
5.3499e-06
7.1919e-06
0.57342
12.952
0.93088
12.958
4.2674
12.952
0.0013869
0.018946
0.0073197
0.025318
0.1378
0.12037
0.00092218
0.82451
0.17549
0.35422
0.080132
0.10236
0.46329
1.8756
0.0063187
-0.00042404
0.10328
0.52783
0.2521
-2.416e+07
-47.8
0.0743
0.9717
129.43
8.5547
-85.526
1.396
0.00040511
0.036822
0.023335
0.25492
0.13015
0.75369
0.00057119
0.00041108
7.2299e-06
0.096433
0.11674
0.98213
0.0091795
0.08011
0.98651
0.9913
0.0014157
0.0040655
0.9871
0.18213
0.0040777
0.16485
5.3561e-06
7.2037e-06
0.57354
12.949
0.93077
12.954
4.2669
12.949
0.001367
0.018948
0.0072657
-0.0026815
0.1378
0.12037
0.00092225
0.6862
0.3138
0.2433
0.11118
0.11741
0.5281
2.0219
0.0057858
-0.00076606
0.10136
0.52537
7.2827
-6.5492e+05
-47.8
0.0743
0.9717
129.43
8.5547
-85.526
1.3961
0.00040567
0.036872
0.023338
0.25498
0.13012
0.75375
0.00057127
0.00041457
7.2299e-06
0.09636
0.11663
0.98213
0.0091795
0.08011
0.98651
0.9913
0.0014157
0.0040655
0.9871
0.18213
0.0040777
0.16485
5.3446e-06
7.1919e-06
0.57367
12.946
0.93069
12.952
4.2665
12.946
0.001379
0.018936
0.0073015
0.025699
0.1378
0.12038
0.00092244
0.80704
0.19296
0.33477
0.084369
0.10518
0.47568
1.8973
0.0062304
-0.00048048
0.10263
0.52746
0.25801
-4.3027e+06
-47.8
0.0743
0.9717
129.43
8.5547
-85.526
1.3959
0.00040443
0.036764
0.023308
0.25484
0.13011
0.7536
0.00057048
0.00040859
7.2299e-06
0.096354
0.11664
0.98213
0.0091795
0.080109
0.98651
0.9913
0.0014157
0.0040655
0.9871
0.18213
0.0040777
0.16485
5.3472e-06
7.1964e-06
0.5737
12.944
0.93063
12.95
4.2662
12.944
0.0013592
0.018938
0.0072456
-0.013899
0.1378
0.12038
0.00092249
0.6602
0.3398
0.22728
0.11601
0.11937
0.53734
2.0468
0.005706
-0.00081766
0.10082
0.52488
15.543
-4.5621e+06
-47.8
0.0743
0.9717
129.43
8.5547
-85.526
1.3961
0.00040504
0.036818
0.023322
0.25491
0.13011
0.75373
0.00057084
0.000412
7.2299e-06
0.096342
0.11662
0.98213
0.0091795
0.080109
0.98651
0.9913
0.0014157
0.0040655
0.9871
0.18213
0.0040777
0.16485
5.3447e-06
7.1935e-06
0.57372
12.944
0.93062
12.95
4.2662
12.944
0.0013712
0.018933
0.00728
0.026388
0.1378
0.12039
0.0009227
0.77093
0.22907
0.30206
0.092907
0.10977
0.49526
1.9391
0.0060747
-0.00058018
0.10184
0.52647
0.27013
-2.2251e+05
-47.8
0.0743
0.9717
129.43
8.5547
-85.526
1.3959
0.00040398
0.036724
0.023278
0.25469
0.13005
0.7535
0.0005697
0.00040835
7.2299e-06
0.096345
0.11664
0.98213
0.0091795
0.080109
0.98651
0.9913
0.0014157
0.0040655
0.9871
0.18213
0.0040777
0.16485
5.3324e-06
7.1758e-06
0.57368
12.944
0.93063
12.95
4.2662
12.944
0.0013584
0.018933
0.0072407
-0.015359
0.1378
0.12038
0.00092278
0.65648
0.34352
0.22547
0.11681
0.11958
0.53814
2.0518
0.0056949
-0.00082485
0.10075
0.52439
17.372
-6.9485e+06
-47.8
0.0743
0.9717
129.43
8.5547
-85.526
1.3959
0.0004053
0.03684
0.023283
0.25472
0.12997
0.75354
0.00056986
0.00041609
7.2299e-06
0.096307
0.11657
0.98213
0.0091795
0.080108
0.98651
0.9913
0.0014157
0.0040655
0.9871
0.18213
0.0040777
0.16485
5.3067e-06
7.1408e-06
0.57367
12.945
0.93065
12.951
4.2663
12.945
0.0013862
0.018917
0.00732
0.024033
0.1378
0.1204
0.00092306
0.87794
0.12206
0.42113
0.064573
0.092219
0.42208
1.8016
0.0066218
-0.00023108
0.10422
0.52889
0.22421
-1.1864e+10
-47.8
0.0743
0.9717
129.43
8.5547
-85.526
1.3959
0.00040503
0.036814
0.023283
0.25468
0.12999
0.75351
0.00056988
0.00041476
7.2299e-06
0.096354
0.11664
0.98213
0.0091795
0.080108
0.98651
0.9913
0.0014157
0.0040655
0.9871
0.18212
0.0040777
0.16485
5.3155e-06
7.1505e-06
0.57359
12.945
0.93067
12.951
4.2664
12.945
0.0013794
0.018925
0.007295
0.026576
0.1378
0.12039
0.00092328
0.75863
0.24137
0.29481
0.096243
0.11076
0.49819
1.9522
0.0060362
-0.00060494
0.10232
0.52595
0.27464
-1.3198e+05
-47.8
0.0743
0.9717
129.43
8.5547
-85.526
1.3959
0.00040569
0.036873
0.023299
0.25477
0.13
0.75361
0.0005703
0.00041747
7.2299e-06
0.096365
0.11664
0.98213
0.0091796
0.080108
0.98651
0.9913
0.0014157
0.0040655
0.9871
0.18212
0.0040777
0.16485
5.3142e-06
7.1477e-06
0.57356
12.946
0.93068
12.952
4.2665
12.946
0.0013897
0.01892
0.0073271
0.024313
0.1378
0.1204
0.00092352
0.86704
0.13296
0.40654
0.068108
0.094492
0.43086
1.8179
0.0065594
-0.00027071
0.10419
0.52867
0.23041
-2.9803e+09
-47.8
0.0743
0.9717
129.43
8.5547
-85.526
1.3961
0.00040533
0.036841
0.023319
0.25482
0.13008
0.75374
0.00057078
0.00041438
7.2299e-06
0.096443
0.11674
0.98213
0.0091796
0.080107
0.98651
0.9913
0.0014157
0.0040655
0.9871
0.18212
0.0040777
0.16485
5.3401e-06
7.18e-06
0.57347
12.946
0.9307
12.952
4.2665
12.946
0.0013781
0.018932
0.0072931
0.026548
0.1378
0.12039
0.00092369
0.76064
0.23936
0.29587
0.095676
0.11063
0.49783
1.9501
0.0060452
-0.00059911
0.10221
0.52608
0.27384
-1.38e+05
-47.8
0.0743
0.9717
129.43
8.5547
-85.526
1.3961
0.00040515
0.036825
0.023312
0.25476
0.13007
0.75373
0.0005706
0.00041405
7.2299e-06
0.096468
0.11678
0.98213
0.0091796
0.080107
0.98651
0.9913
0.0014157
0.0040655
0.9871
0.18212
0.0040777
0.16485
5.3387e-06
7.1763e-06
0.57341
12.947
0.93073
12.953
4.2667
12.947
0.0013772
0.018932
0.0072897
0.026661
0.1378
0.12039
0.00092382
0.75381
0.24619
0.29087
0.097277
0.1113
0.50055
1.958
0.0060196
-0.00061554
0.10212
0.52573
0.27555
-1.1481e+05
-47.8
0.0743
0.9717
129.43
8.5547
-85.526
1.3959
0.00040545
0.036853
0.023272
0.25461
0.12992
0.75352
0.0005696
0.00041793
7.2299e-06
0.096403
0.11669
0.98213
0.0091796
0.080107
0.98651
0.9913
0.0014157
0.0040655
0.9871
0.18212
0.0040777
0.16485
5.2974e-06
7.1209e-06
0.57341
12.948
0.93075
12.954
4.2668
12.948
0.0013934
0.018913
0.0073372
0.022956
0.1378
0.12041
0.00092395
0.91179
0.088215
0.48322
0.052917
0.082335
0.38152
1.7409
0.0068795
-6.7594e-05
0.1053
0.52957
0.20007
-1.7502e+12
-47.8
0.0743
0.9717
129.43
8.5547
-85.526
1.3958
0.00040539
0.036845
0.023259
0.25453
0.12989
0.75344
0.00056929
0.00041882
7.2299e-06
0.096383
0.11667
0.98213
0.0091796
0.080107
0.98651
0.9913
0.0014157
0.0040655
0.9871
0.18212
0.0040777
0.16485
5.2892e-06
7.1104e-06
0.57343
12.947
0.93073
12.953
4.2667
12.947
0.0013945
0.018911
0.0073359
0.024031
0.1378
0.12041
0.00092412
0.87588
0.12412
0.42273
0.065625
0.091993
0.41965
1.8056
0.0066224
-0.00023064
0.10459
0.52826
0.22549
-8.0838e+09
-47.8
0.0743
0.9717
129.43
8.5547
-85.526
1.3959
0.00040557
0.036862
0.023278
0.25465
0.12994
0.75355
0.00056976
0.00041832
7.2299e-06
0.096368
0.11664
0.98213
0.0091796
0.080107
0.98651
0.9913
0.0014157
0.0040655
0.9871
0.18212
0.0040777
0.16485
5.3004e-06
7.1276e-06
0.57351
12.945
0.93066
12.951
4.2663
12.945
0.0013931
0.018911
0.0073351
0.023877
0.1378
0.12041
0.00092436
0.88224
0.11776
0.4307
0.063417
0.090735
0.41515
1.7948
0.0066615
-0.00020581
0.1046
0.52874
0.22171
-1.9544e+10
-47.8
0.0743
0.9717
129.43
8.5547
-85.526
1.3961
0.00040526
0.036836
0.023311
0.25482
0.13007
0.75374
0.00057059
0.00041413
7.2299e-06
0.096392
0.11668
0.98213
0.0091796
0.080106
0.98651
0.9913
0.0014157
0.0040655
0.9871
0.18212
0.0040777
0.16485
5.3356e-06
7.177e-06
0.57358
12.942
0.93056
12.948
4.2659
12.942
0.0013777
0.018922
0.0072937
0.02651
0.1378
0.1204
0.00092459
0.76268
0.23732
0.2975
0.095211
0.1104
0.49689
1.9481
0.0060522
-0.00059455
0.10217
0.5261
0.27331
-1.4449e+05
-47.8
0.0743
0.9717
129.43
8.5547
-85.526
1.3961
0.00040496
0.03681
0.023314
0.25487
0.1301
0.75374
0.00057064
0.00041147
7.2299e-06
0.096372
0.11665
0.98213
0.0091796
0.080106
0.98651
0.9913
0.0014157
0.0040655
0.9871
0.18212
0.0040777
0.16485
5.3445e-06
7.1913e-06
0.57366
12.939
0.93047
12.945
4.2655
12.939
0.0013687
0.018922
0.007271
0.0055146
0.1378
0.1204
0.00092476
0.69941
0.30059
0.25188
0.10861
0.11638
0.52313
2.0099
0.0058316
-0.00073643
0.10146
0.52543
4.0312
-3.1186e+05
-47.8
0.0743
0.9717
129.43
8.5547
-85.526
1.3961
0.00040593
0.036895
0.023317
0.25493
0.13005
0.75375
0.00057074
0.00041684
7.2299e-06
0.0963
0.11654
0.98213
0.0091796
0.080106
0.98651
0.9913
0.0014157
0.0040655
0.9871
0.18212
0.0040777
0.16485
5.3243e-06
7.1669e-06
0.57375
12.938
0.93043
12.944
4.2653
12.938
0.0013879
0.018908
0.0073266
0.024647
0.13779
0.12041
0.000925
0.85423
0.14577
0.38821
0.071807
0.0973
0.44268
1.8361
0.0064807
-0.00032071
0.10373
0.52862
0.23785
-6.1376e+08
-47.8
0.0743
0.9717
129.43
8.5547
-85.526
1.3961
0.00040512
0.036824
0.023309
0.25486
0.13008
0.75373
0.00057053
0.0004127
7.2299e-06
0.096338
0.1166
0.98213
0.0091796
0.080106
0.98651
0.9913
0.0014157
0.0040655
0.9871
0.18212
0.0040777
0.16485
5.3369e-06
7.1828e-06
0.57371
12.938
0.93043
12.943
4.2653
12.938
0.0013729
0.018916
0.0072826
0.027191
0.13779
0.1204
0.00092509
0.72266
0.27734
0.26756
0.10389
0.11437
0.51418
1.9874
0.0059081
-0.00068717
0.10178
0.52579
0.2834
-1.2374e+05
-47.8
0.0743
0.9717
129.43
8.5547
-85.526
1.396
0.0004051
0.036821
0.023292
0.25476
0.13002
0.75367
0.0005701
0.00041414
7.2299e-06
0.096332
0.1166
0.98213
0.0091796
0.080106
0.98651
0.9913
0.0014157
0.0040655
0.9871
0.18212
0.0040777
0.16485
5.3229e-06
7.1628e-06
0.57367
12.939
0.93046
12.945
4.2655
12.939
0.0013782
0.018911
0.0072951
0.026543
0.13779
0.12041
0.00092512
0.76046
0.23954
0.29611
0.095794
0.11058
0.49752
1.9505
0.0060429
-0.00060052
0.10219
0.526
0.27332
-1.3366e+05
-47.8
0.0743
0.9717
129.43
8.5547
-85.526
1.3959
0.00040539
0.036848
0.02326
0.25463
0.1299
0.7535
0.00056928
0.0004174
7.2299e-06
0.096287
0.11654
0.98213
0.0091796
0.080106
0.98651
0.9913
0.0014157
0.0040655
0.9871
0.18212
0.0040777
0.16485
5.2881e-06
7.1154e-06
0.57365
12.94
0.93051
12.946
4.2657
12.94
0.0013926
0.018894
0.0073389
0.022606
0.13779
0.12042
0.00092512
0.92191
0.078087
0.5035
0.048831
0.079021
0.36865
1.719
0.0069588
-1.734e-05
0.10544
0.53007
0.19057
-1.032e+13
-47.8
0.0743
0.9717
129.43
8.5547
-85.526
1.3959
0.00040507
0.036817
0.023269
0.25461
0.12995
0.75354
0.00056952
0.00041612
7.2299e-06
0.096344
0.11662
0.98213
0.0091796
0.080106
0.98651
0.9913
0.0014157
0.0040655
0.9871
0.18212
0.0040777
0.16485
5.3052e-06
7.1365e-06
0.57359
12.941
0.93053
12.947
4.2658
12.941
0.0013842
0.018908
0.0073071
0.026073
0.13779
0.12041
0.00092512
0.78529
0.21471
0.31814
0.09026
0.10753
0.48407
1.925
0.0061434
-0.00053606
0.10265
0.52602
0.26594
-4.7596e+05
-47.8
0.0743
0.9717
129.43
8.5547
-85.526
1.3959
0.00040546
0.036851
0.023277
0.25466
0.12995
0.75358
0.00056973
0.0004181
7.2299e-06
0.096341
0.11661
0.98213
0.0091796
0.080106
0.98651
0.9913
0.0014157
0.0040655
0.9871
0.18212
0.0040777
0.16485
5.3031e-06
7.1335e-06
0.57358
12.941
0.93054
12.947
4.2658
12.941
0.0013905
0.018906
0.0073257
0.024817
0.13779
0.12041
0.00092514
0.84558
0.15442
0.38012
0.074582
0.098525
0.44677
1.8505
0.0064348
-0.00034995
0.10369
0.52756
0.24224
-1.8434e+08
