-85.788
1.3924
0.00036171
0.033011
0.02196
0.24572
0.12843
0.74947
0.00053532
0.0003
6.922e-06
0.097569
0.11973
0.98272
0.0089855
0.079502
0.98727
0.99166
0.0013552
0.0039961
0.98738
0.1842
0.0040146
0.1659
5.1536e-06
6.8406e-06
0.57032
13.071
0.93459
13.075
4.2844
13.071
0.0010121
0.018673
0.0060134
-0.00018676
0.13776
0.12062
0.00093961
0.95953
0.040469
0.66539
0.030664
0.054824
0.24912
1.9659
0.0072249
0.00013721
0.07567
0.43776
-15.328
-39789
-47.8
0.0743
0.9717
129.43
8.5547
-85.788
1.392
0.00036055
0.032908
0.021909
0.24546
0.12835
0.74898
0.00053399
0.00029571
6.922e-06
0.097579
0.11976
0.98272
0.0089855
0.079501
0.98727
0.99166
0.0013552
0.0039961
0.98738
0.18419
0.0040146
0.1659
5.1393e-06
6.8198e-06
0.57025
13.071
0.93459
13.075
4.2845
13.072
0.00099834
0.01867
0.0059584
-0.021162
0.13776
0.12062
0.00093964
0.97953
0.020466
0.77375
0.01793
0.03653
0.1718
1.8575
0.0070534
2.7652e-05
0.075316
0.43624
-19.31
-28904
-47.8
0.0743
0.9717
129.43
8.5547
-85.788
1.3926
0.0003617
0.033011
0.02198
0.24578
0.12848
0.74967
0.00053581
0.00029906
6.922e-06
0.097661
0.11985
0.98272
0.0089855
0.0795
0.98727
0.99166
0.0013552
0.0039961
0.98738
0.18419
0.0040146
0.1659
5.1725e-06
6.8613e-06
0.57016
13.071
0.9346
13.075
4.2845
13.072
0.0010095
0.01868
0.0060055
-0.0067644
0.13776
0.12061
0.0009399
0.96331
0.036693
0.68364
0.028508
0.051709
0.23614
1.9498
0.0071938
0.00011749
0.075488
0.43761
-15.995
-38316
-47.8
0.0743
0.9717
129.43
8.5547
-85.788
1.3927
0.00036141
0.032986
0.021984
0.24575
0.12851
0.74983
0.0005359
0.00029812
6.922e-06
0.097725
0.11996
0.98272
0.0089855
0.079499
0.98727
0.99166
0.0013552
0.0039961
0.98738
0.18419
0.0040146
0.1659
5.183e-06
6.8718e-06
0.57004
13.073
0.93464
13.077
4.2847
13.073
0.0010068
0.01868
0.0059979
-0.0038582
0.13776
0.12061
0.00094025
0.9622
0.037802
0.67777
0.029139
0.05274
0.24036
1.9564
0.0072037
0.00012381
0.075308
0.43733
-15.731
-38913
-47.8
0.0743
0.9717
129.43
8.5547
-85.788
1.3919
0.00035846
0.032725
0.021855
0.24507
0.12831
0.74885
0.00053257
0.0002902
6.922e-06
0.09772
0.12005
0.98272
0.0089855
0.079498
0.98727
0.99166
0.0013552
0.0039961
0.98738
0.18419
0.0040146
0.1659
5.1437e-06
6.8163e-06
0.56991
13.075
0.93471
13.078
4.285
13.075
0.00098141
0.018665
0.0058998
-0.02342
0.13776
0.12062
0.00094068
0.97902
0.020983
0.7678
0.018269
0.037562
0.17637
1.8744
0.0070688
3.7633e-05
0.073993
0.43353
-18.992
-30621
-47.8
0.0743
0.9717
129.43
8.5547
-85.788
1.3903
0.00035482
0.032402
0.021635
0.24406
0.12789
0.74702
0.00052695
0.00028167
6.922e-06
0.097567
0.11993
0.98272
0.0089855
0.079497
0.98727
0.99166
0.0013552
0.0039961
0.98738
0.18419
0.0040146
0.1659
5.0447e-06
6.6858e-06
0.56995
13.074
0.93468
13.077
4.2849
13.074
0.0009535
0.01862
0.0057794
0.096826
0.13776
0.12067
0.00094156
0.99236
0.0076379
0.87232
0.0075699
0.02032
0.09979
1.7286
0.0068414
-0.00010724
0.073566
0.43063
-17.4
-12347
-47.8
0.0743
0.9717
129.43
8.5547
-85.788
1.3916
0.00035688
0.032587
0.021806
0.24476
0.12825
0.74857
0.00053128
0.00028537
6.922e-06
0.097795
0.12021
0.98272
0.0089855
0.079497
0.98727
0.99166
0.0013552
0.0039961
0.98738
0.18419
0.0040146
0.1659
5.1403e-06
6.8062e-06
0.56972
13.077
0.93477
13.08
4.2853
13.077
0.00096608
0.01866
0.0058414
-0.014491
0.13776
0.12063
0.00094114
0.98404
0.015961
0.7989
0.014507
0.032389
0.15421
1.8372
0.0070176
4.9376e-06
0.073405
0.43203
-19.618
-26569
-47.8
0.0743
0.9717
129.43
8.5547
-85.788
1.3923
0.00035831
0.032714
0.021894
0.24517
0.12842
0.74933
0.00053353
0.00028823
6.922e-06
0.097873
0.12027
0.98272
0.0089855
0.079496
0.98727
0.99166
0.0013552
0.0039961
0.98738
0.18419
0.0040146
0.1659
5.1814e-06
6.8595e-06
0.56968
13.076
0.93475
13.08
4.2852
13.077
0.0009757
0.018674
0.0058837
-0.022953
0.13776
0.12061
0.00094102
0.97999
0.020012
0.7711
0.017552
0.037
0.17435
1.8681
0.0070619
3.3424e-05
0.073647
0.43343
-19.155
-30043
-47.8
0.0743
0.9717
129.43
8.5547
-85.788
1.3916
0.00035722
0.032617
0.021802
0.24481
0.12823
0.74853
0.00053121
0.00028634
6.922e-06
0.097734
0.12009
0.98272
0.0089855
0.079495
0.98727
0.99166
0.0013552
0.0039961
0.98738
0.18419
0.0040146
0.1659
5.1303e-06
6.7967e-06
0.56985
13.072
0.93462
13.076
4.2846
13.072
0.00096897
0.018656
0.0058497
-0.0037559
0.13776
0.12063
0.00094125
0.98572
0.014276
0.81165
0.01319
0.030264
0.1449
1.8161
0.0069882
-1.3807e-05
0.073808
0.43277
-19.646
-24178
-47.8
0.0743
0.9717
129.43
8.5547
-85.788
1.3912
0.000357
0.032596
0.021744
0.24463
0.12808
0.74804
0.00052974
0.00028723
6.922e-06
0.09757
0.11985
0.98272
0.0089855
0.079494
0.98727
0.99166
0.0013552
0.0039961
0.98738
0.18419
0.0040146
0.1659
5.086e-06
6.7451e-06
0.57011
13.066
0.93444
13.07
4.2838
13.067
0.00097134
0.018639
0.0058524
0.015852
0.13776
0.12065
0.00094152
0.98771
0.012289
0.82978
0.011583
0.027275
0.13136
1.7907
0.0069424
-4.311e-05
0.074248
0.43298
-19.389
-21043
-47.8
0.0743
0.9717
129.43
8.5547
-85.788
1.3923
0.00036005
0.032864
0.021883
0.24535
0.1283
0.74937
0.00053333
0.00029699
6.922e-06
0.097552
0.11974
0.98272
0.0089855
0.079493
0.98727
0.99166
0.0013552
0.0039961
0.98738
0.18419
0.0040146
0.1659
5.13e-06
6.809e-06
0.57031
13.061
0.93428
13.065
4.283
13.061
0.0010031
0.018653
0.0059819
0.010419
0.13776
0.12064
0.00094152
0.95488
0.045124
0.64128
0.033096
0.059109
0.26651
1.9922
0.0072596
0.00015932
0.075036
0.43623
-14.392
-42074
-47.8
0.0743
0.9717
129.43
8.5547
-85.788
1.3919
0.00035966
0.03283
0.021842
0.24521
0.12821
0.74894
0.0005323
0.0002953
6.922e-06
0.097453
0.1196
0.98272
0.0089855
0.079493
0.98727
0.99166
0.0013552
0.0039961
0.98738
0.18418
0.0040146
0.1659
5.1055e-06
6.7813e-06
0.57048
13.057
0.93414
13.06
4.2824
13.057
0.0009971
0.018645
0.005954
-0.023679
0.13776
0.12064
0.00094143
0.9784
0.021598
0.76699
0.018743
0.037663
0.17661
1.869
0.0070491
2.5052e-05
0.075059
0.4356
-19.102
-30148
-47.8
0.0743
0.9717
129.43
8.5547
-85.788
1.3922
0.00036054
0.032906
0.021861
0.24536
0.12822
0.74925
0.00053282
0.00029986
6.922e-06
0.097368
0.11945
0.98272
0.0089855
0.079492
0.98727
0.99166
0.0013552
0.0039961
0.98738
0.18418
0.0040146
0.1659
5.0998e-06
6.779e-06
0.57067
13.052
0.93401
13.056
4.2818
13.053
0.0010113
0.018639
0.006008
0.016516
0.13776
0.12065
0.00094162
0.94871
0.051286
0.61275
0.036163
0.063883
0.28721
2.0106
0.0072931
0.00018084
0.075606
0.43716
-13.826
-43730
-47.8
0.0743
0.9717
129.43
8.5547
-85.788
1.3916
0.00035903
0.032773
0.021785
0.245
0.12809
0.74856
0.00053086
0.00029468
6.922e-06
0.097312
0.11941
0.98272
0.0089855
0.079491
0.98727
0.99166
0.0013552
0.0039961
0.98738
0.18418
0.0040146
0.1659
5.0714e-06
6.7427e-06
0.57072
13.051
0.93396
13.054
4.2816
13.051
0.00099473
0.01863
0.0059421
-0.021603
0.13776
0.12066
0.00094155
0.98031
0.019693
0.77784
0.017354
0.035852
0.16895
1.8558
0.0070355
1.6252e-05
0.075021
0.43511
-19.357
-28740
-47.8
0.0743
0.9717
129.43
8.5547
-85.788
1.392
0.00035984
0.032845
0.021826
0.24521
0.12816
0.74905
0.0005319
0.00029801
6.922e-06
0.097311
0.11939
0.98272
0.0089855
0.07949
0.98727
0.99166
0.0013552
0.0039961
0.98738
0.18418
0.0040146
0.1659
5.0857e-06
6.7631e-06
0.57078
13.049
0.9339
13.053
4.2813
13.049
0.0010055
0.018632
0.0059872
0.0028802
0.13776
0.12066
0.00094172
0.95884
0.041165
0.65792
0.030951
0.056096
0.25503
1.9752
0.0072326
0.00014224
0.07519
0.43634
-14.979
-40661
-47.8
0.0743
0.9717
129.43
8.5547
-85.788
1.3916
0.00035885
0.032757
0.021768
0.24495
0.12805
0.74852
0.00053043
0.00029465
6.922e-06
0.097264
0.11934
0.98272
0.0089855
0.07949
0.98727
0.99166
0.0013552
0.0039961
0.98738
0.18418
0.0040146
0.1659
5.0615e-06
6.732e-06
0.57082
13.047
0.93385
13.051
4.2811
13.048
0.0009946
0.018622
0.0059414
-0.022207
0.13776
0.12067
0.00094188
0.98021
0.019785
0.77623
0.017417
0.036119
0.17024
1.8573
0.0070414
1.9983e-05
0.07495
0.43494
-19.328
-28942
-47.8
0.0743
0.9717
129.43
8.5547
-85.788
1.3921
0.00036011
0.032868
0.021823
0.24523
0.12813
0.74914
0.00053186
0.00029945
6.922e-06
0.097262
0.11931
0.98272
0.0089855
0.079489
0.98727
0.99166
0.0013552
0.0039961
0.98738
0.18418
0.0040146
0.1659
5.0778e-06
6.7552e-06
0.57087
13.045
0.93378
13.049
4.2807
13.045
0.0010098
0.018623
0.006002
0.0075056
0.13776
0.12067
0.00094228
0.95545
0.04455
0.64234
0.032775
0.05873
0.26616
1.9866
0.0072505
0.00015372
0.075499
0.43687
-14.554
-41703
-47.8
0.0743
0.9717
129.43
8.5547
-85.788
1.3921
0.00035954
0.032818
0.021804
0.24512
0.12811
0.74908
0.00053136
0.00029786
6.922e-06
0.097263
0.11933
0.98272
0.0089855
0.079488
0.98727
0.99166
0.0013552
0.0039961
0.98738
0.18418
0.0040146
0.1659
5.0746e-06
6.7506e-06
0.57086
13.045
0.93377
13.048
4.2807
13.045
0.001005
0.018619
0.0059851
0.0008936
0.13776
0.12067
0.00094259
0.96004
0.039964
0.6634
0.030282
0.055144
0.25117
1.9707
0.007223
0.00013614
0.075155
0.43617
-15.153
-40269
-47.8
0.0743
0.9717
129.43
8.5547
-85.788
1.3912
0.00035685
0.032581
0.021679
0.24449
0.12791
0.74806
0.00052813
0.0002902
6.922e-06
0.097205
0.11933
0.98272
0.0089855
0.079488
0.98727
0.99166
0.0013552
0.0039961
0.98738
0.18418
0.0040146
0.1659
5.0319e-06
6.6937e-06
0.57085
13.044
0.93376
13.048
4.2807
13.045
0.0009805
0.0186
0.0058888
-0.020637
0.13776
0.12069
0.00094294
0.98213
0.017867
0.7858
0.015968
0.034548
0.16368
1.8511
0.0070379
1.7651e-05
0.074037
0.43269
-19.442
-28232
-47.8
0.0743
0.9717
129.43
8.5547
-85.788
1.3906
0.00035556
0.032466
0.021588
0.24409
0.12772
0.74735
0.00052581
0.00028771
6.922e-06
0.097086
0.11919
0.98272
0.0089854
0.079487
0.98727
0.99166
0.0013552
0.0039961
0.98738
0.18418
0.0040146
0.1659
4.9854e-06
6.6353e-06
0.57098
13.041
0.93366
13.045
4.2802
13.042
0.0009722
0.018577
0.0058511
0.010913
0.13775
0.12071
0.00094362
0.98757
0.012429
0.82791
0.011695
0.027588
0.1328
1.7962
0.0069476
-4.0104e-05
0.074113
0.43189
-19.431
-21786
-47.8
0.0743
0.9717
129.43
8.5547
-85.788
1.3917
0.00035838
0.032714
0.021719
0.24476
0.12793
0.74864
0.0005292
0.00029684
6.922e-06
0.097097
0.11914
0.98272
0.0089854
0.079487
0.98727
0.99166
0.0013552
0.0039961
0.98738
0.18418
0.0040146
0.1659
5.0292e-06
6.6968e-06
0.5711
13.037
0.93354
13.041
4.2797
13.038
0.0010015
0.018589
0.0059698
0.0054908
0.13775
0.1207
0.00094411
0.95849
0.041508
0.65597
0.031116
0.056469
0.25645
1.9819
0.0072408
0.00014742
0.0749
0.43511
-14.754
-41176
-47.8
0.0743
0.9717
129.43
8.5547
-85.788
1.3918
0.00035897
0.032765
0.021726
0.24485
0.12792
0.74874
0.0005294
0.00029949
6.922e-06
0.097026
0.11902
0.98272
0.0089854
0.079486
0.98727
0.99166
0.0013552
0.0039961
0.98738
0.18418
0.0040146
0.1659
5.0215e-06
6.6904e-06
0.57124
13.033
0.93342
13.037
4.2791
13.034
0.0010093
0.01858
0.0059959
0.020445
0.13775
0.12071
0.00094468
0.945
0.055
0.59321
0.037773
0.067196
0.30182
2.0279
0.0073252
0.00020145
0.075451
0.43607
-13.554
-45123
-47.8
0.0743
0.9717
129.43
8.5547
-85.788
1.391
0.00035692
0.032585
0.021634
0.24439
0.12778
0.74787
0.00052702
0.00029193
6.922e-06
0.096987
0.11901
0.98272
0.0089854
0.079486
0.98727
0.99166
0.0013552
0.0039961
0.98738
0.18418
0.0040146
0.1659
4.9926e-06
6.6521e-06
0.57125
13.033
0.93339
13.036
4.279
13.033
0.0009856
0.018567
0.005904
-0.01334
0.13775
0.12072
0.00094498
0.98354
0.016465
0.7986
0.014914
0.032423
0.15406
1.834
0.0070116
7.6543e-07
0.074592
0.43339
-19.578
-26311
-47.8
0.0743
0.9717
129.43
8.5547
-85.788
1.3916
0.00035799
0.03268
0.021704
0.24471
0.12791
0.74861
0.00052879
0.00029514
6.922e-06
0.097024
0.11905
0.98272
0.0089854
0.079485
0.98727
0.99166
0.0013552
0.0039961
0.98738
0.18418
0.0040146
0.1659
5.025e-06
6.6958e-06
0.57127
13.031
0.93335
13.035
4.2788
13.031
0.0009963
0.018572
0.0059516
-0.0092539
0.13775
0.12072
0.00094543
0.96693
0.033068
0.69583
0.026231
0.049645
0.22829
1.945
0.0071911
0.00011567
0.074525
0.43462
-16.201
-37890
-47.8
0.0743
0.9717
129.43
8.5547
-85.788
1.3914
0.00035751
0.032638
0.021666
0.24456
0.12783
0.74831
0.00052783
0.00029369
6.922e-06
0.096945
0.11895
0.98272
0.0089854
0.079485
0.98727
0.99166
0.0013552
0.0039961
0.98738
0.18418
0.0040146
0.1659
5.0043e-06
6.6715e-06
0.57139
13.028
0.93324
13.031
4.2783
13.028
0.00099167
0.018558
0.0059309
-0.023297
0.13775
0.12073
0.00094612
0.9791
0.020896
0.76773
0.01821
0.037554
0.17651
1.8709
0.0070755
4.1608e-05
0.074506
0.43392
-19.024
-30401
-47.8
0.0743
0.9717
129.43
8.5547
-85.788
1.3917
0.00035827
0.032704
0.02168
0.24468
0.12783
0.74865
0.00052821
0.00029805
6.922e-06
0.096848
0.1188
0.98272
0.0089854
0.079484
0.98727
0.99166
0.0013552
0.0039961
0.98738
0.18418
0.0040146
0.1659
4.9968e-06
6.6668e-06
0.57158
13.023
0.9331
13.027
4.2776
13.023
0.0010052
0.018544
0.005983
0.011473
0.13775
0.12075
0.00094713
0.95491
0.045087
0.6383
0.033003
0.059463
0.26924
1.9941
0.0072771
0.00017066
0.075164
0.43562
-14.294
-42294
-47.8
0.0743
0.9717
129.43
8.5547
-85.788
1.3912
0.00035679
0.032573
0.021594
0.24428
0.12766
0.7481
0.00052603
0.00029529
6.922e-06
0.096722
0.11868
0.98272
0.0089854
0.079484
0.98727
0.99166
0.0013552
0.0039961
0.98738
0.18418
0.0040146
0.1659
4.9581e-06
6.6195e-06
0.57175
13.019
0.93298
13.023
4.2771
13.02
0.00099653
0.018521
0.0059498
0.0041193
0.13775
0.12077
0.00094809
0.96105
0.038949
0.66864
0.029693
0.054356
0.24731
1.976
0.007244
0.0001493
0.074541
0.4339
-14.978
-40539
-47.8
0.0743
0.9717
129.43
8.5547
-85.788
1.3897
0.0003535
0.032281
0.021389
0.24335
0.12726
0.74632
0.00052079
0.00028711
6.922e-06
0.096486
0.11844
0.98272
0.0089854
0.079483
0.98727
0.99166
0.0013552
0.0039961
0.98738
0.18417
0.0040146
0.1659
4.8625e-06
6.4982e-06
0.57198
13.014
0.93283
13.018
4.2764
13.015
0.00096974
0.018475
0.0058347
0.031453
0.13774
0.12081
0.00094924
0.98907
0.010932
0.84502
0.01044
0.024803
0.11973
1.7798
0.0069241
-5.528e-05
0.074152
0.43075
-19.018
-19509
-47.8
0.0743
0.9717
129.43
8.5547
-85.788
1.3909
0.0003564
0.032537
0.021534
0.24408
0.12751
0.7478
0.00052453
0.00029645
6.922e-06
0.096505
0.1184
0.98272
0.0089854
0.079483
0.98727
0.99166
0.0013552
0.0039961
0.98738
0.18417
0.0040146
0.1659
4.9154e-06
6.5723e-06
0.57211
13.01
0.93271
13.014
4.2758
13.011
0.00099995
0.018487
0.0059599
0.015689
0.13774
0.1208
0.00095001
0.9541
0.045899
0.63791
0.033473
0.059721
0.2689
2.0045
0.0072955
0.0001821
0.074783
0.43393
-14.019
-42921
-47.8
0.0743
0.9717
129.43
8.5547
-85.788
1.3913
0.00035757
0.03264
0.021577
0.24433
0.12757
0.74816
0.00052563
0.0002999
6.922e-06
0.096468
0.11831
0.98272
0.0089854
0.079483
0.98727
0.99166
0.0013552
0.0039961
0.98738
0.18417
0.0040146
0.1659
4.9242e-06
6.5871e-06
0.57222
13.007
0.93259
13.01
4.2753
13.007
0.0010105
0.018481
0.0059976
0.023565
0.13774
0.12081
0.00095083
0.94155
0.058452
0.58327
0.039435
0.069065
0.30823
2.0409
0.0073571
0.00022165
0.075535
0.43559
-13.607
-45904
-47.8
0.0743
0.9717
129.43
8.5547
-85.788
1.3911
0.00035677
0.03257
0.021561
0.24422
0.12757
0.74794
0.00052518
0.00029526
6.922e-06
0.09651
0.11839
0.98272
0.0089854
0.079482
0.98727
0.99166
0.0013552
0.0039961
0.98738
0.18417
0.0040145
0.1659
4.9302e-06
6.5931e-06
0.57215
13.007
0.9326
13.01
4.2753
13.007
0.00099658
0.018481
0.0059473
-0.020169
0.13774
0.12081
0.00095139
0.97547
0.024526
0.75145
0.020797
0.040319
0.18743
1.897
0.0071136
6.6042e-05
0.074627
0.43386
-18.2
-32889
-47.8
0.0743
0.9717
129.43
8.5547
-85.788
1.3916
0.00035737
0.032624
0.021603
0.24441
0.12766
0.7485
0.00052627
0.00029755
6.922e-06
0.096548
0.11844
0.98272
0.0089854
0.079482
0.98727
0.99166
0.0013552
0.0039961
0.98738
0.18417
0.0040145
0.1659
4.9511e-06
6.6199e-06
0.57211
13.007
0.93259
13.01
4.2753
13.007
0.0010042
0.018476
0.0059808
0.019847
0.13774
0.12082
0.00095238
0.9509
0.049103
0.62422
0.035123
0.062082
0.27858
2.0107
0.007319
0.00019722
0.075104
0.43533
-13.804
-43528
-47.8
0.0743
0.9717
129.43
8.5547
-85.788
1.3911
0.00035519
0.032433
0.021529
0.24396
0.12756
0.74801
0.00052434
0.00029075
6.922e-06
0.096573
0.11856
0.98272
0.0089854
0.079482
0.98727
0.99166
0.0013552
0.0039961
0.98738
0.18417
0.0040145
0.1659
4.9386e-06
6.6003e-06
0.57199
13.008
0.93265
13.012
4.2756
13.009
0.0009831
0.018464
0.0059037
-0.013719
0.13774
0.12083
0.00095322
0.97302
0.026985
0.73489
0.022416
0.043173
0.19952
1.9219
0.0071614
9.6628e-05
0.073591
0.43209
-17.234
-35284
-47.8
0.0743
0.9717
129.43
8.5547
-85.788
1.3896
0.00035113
0.032073
0.021311
0.24291
0.12717
0.74619
0.00051877
0.00028051
6.922e-06
0.096412
0.11846
0.98272
0.0089854
0.079481
0.98727
0.99166
0.0013552
0.0039961
0.98738
0.18417
0.0040145
0.1659
4.8507e-06
6.4845e-06
0.57206
13.007
0.93262
13.011
4.2754
13.008
0.00094956
0.018419
0.0057638
0.040109
0.13773
0.12087
0.00095456
0.99009
0.0099097
0.85082
0.0095622
0.023871
0.11575
1.7767
0.006963
-3.0366e-05
0.072852
0.42833
-18.886
-18973
-47.8
0.0743
0.9717
129.43
8.5547
-85.788
1.3897
0.00035099
0.032062
0.021314
0.24291
0.12718
0.74631
0.00051882
0.00028004
6.922e-06
0.096395
0.11845
0.98272
0.0089854
0.079481
0.98727
0.99166
0.0013552
0.0039961
0.98738
0.18417
0.0040145
0.1659
4.8554e-06
6.4919e-06
0.57211
13.005
0.93256
13.009
4.2751
13.006
0.00094824
0.018412
0.0057615
0.024492
0.13773
0.12088
0.0009555
0.98908
0.010923
0.84145
0.010425
0.025416
0.12271
1.7929
0.0069963
-9.1784e-06
0.072637
0.42815
-19.208
-21003
-47.8
0.0743
0.9717
129.43
8.5547
-85.788
1.3907
0.00035377
0.032308
0.021456
0.24364
0.12744
0.74756
0.00052246
0.00028665
6.922e-06
0.096429
0.11842
0.98272
0.0089854
0.079481
0.98727
0.99166
0.0013552
0.0039961
0.98738
0.18417
0.0040145
0.1659
4.9095e-06
6.5672e-06
0.57221
13.001
0.93243
13.005
4.2745
13.002
0.00097009
0.018425
0.0058543
-0.014352
0.13773
0.12087
0.00095629
0.98148
0.01852
0.78869
0.016469
0.034157
0.16068
1.8638
0.0070944
5.3682e-05
0.073433
0.43112
-19.14
-29189
-47.8
0.0743
0.9717
129.43
8.5547
-85.788
1.3915
0.00035673
0.03257
0.021565
0.24428
0.12758
0.74848
0.00052527
0.0002956
6.922e-06
0.096356
0.11823
0.98272
0.0089854
0.079481
0.98727
0.99166
0.0013552
0.0039961
0.98738
0.18417
0.0040145
0.1659
4.9316e-06
6.6035e-06
0.57246
12.994
0.93221
12.998
4.2735
12.995
0.00099953
0.018423
0.0059689
0.0086338
0.13773
0.12087
0.00095751
0.96073
0.03927
0.67917
0.030099
0.052847
0.23788
1.9727
0.0072545
0.00015579
0.074796
0.43495
-15.092
-39952
-47.8
0.0743
0.9717
129.43
8.5547
-85.788
1.3916
0.0003575
0.032637
0.021572
0.2444
0.12756
0.74854
0.00052548
0.00029848
6.922e-06
0.096248
0.11805
0.98272
0.0089854
0.07948
0.98727
0.99166
0.0013552
0.0039961
0.98738
0.18417
0.0040145
0.1659
4.9199e-06
6.5934e-06
0.57267
12.989
0.93204
12.993
4.2727
12.989
0.0010089
0.018407
0.0060021
0.018662
0.13772
0.12089
0.00095882
0.95359
0.046407
0.65012
0.034105
0.058031
0.25774
1.9961
0.0072952
0.0001814
0.075468
0.4362
-14.236
-41989
-47.8
0.0743
0.9717
129.43
8.5547
-85.788
1.3915
0.00035658
0.032556
0.021537
0.24421
0.12751
0.74838
0.00052458
0.00029598
6.922e-06
0.096216
0.11805
0.98272
0.0089854
0.07948
0.98727
0.99166
0.0013552
0.0039961
0.98738
0.18417
0.0040145
0.1659
4.9113e-06
6.5827e-06
0.5727
12.987
0.932
12.991
4.2725
12.988
0.0010013
0.018392
0.0059755
0.015499
0.13772
0.1209
0.00096006
0.95735
0.042654
0.66709
0.032075
0.055243
0.24559
1.9864
0.0072821
0.00017291
0.074928
0.4351
-14.59
-41044
-47.8
0.0743
0.9717
129.43
8.5547
-85.788
1.3907
0.00035354
0.032287
0.021415
0.24353
0.12733
0.74746
0.00052142
0.00028669
6.9219e-06
0.096192
0.11812
0.98272
0.0089854
0.07948
0.98727
0.99166
0.0013552
0.0039961
0.98738
0.18417
0.0040145
0.1659
4.8792e-06
6.5379e-06
0.57263
12.989
0.93203
12.992
4.2727
12.989
0.0009705
0.018367
0.0058541
0.00031687
0.13772
0.12092
0.00096133
0.98404
0.015958
0.81177
0.014529
0.030333
0.14337
1.8352
0.0070601
3.1828e-05
0.07398
0.43206
-19.394
-25849
-47.8
0.0743
0.9717
129.43
8.5547
-85.788
1.3908
0.00035224
0.032175
0.021392
0.24332
0.12733
0.74766
0.00052081
0.00028382
6.9219e-06
0.096228
0.11826
0.98272
0.0089854
0.07948
0.98727
0.99166
0.0013552
0.0039961
0.98738
0.18417
0.0040145
0.1659
4.887e-06
6.546e-06
0.57254
12.99
0.93208
12.994
4.273
12.991
0.00096261
0.018355
0.0058357
-0.010419
0.13772
0.12094
0.00096273
0.97655
0.023446
0.76351
0.020048
0.038526
0.17792
1.9089
0.0071371
8.1262e-05
0.072632
0.42982
-17.818
-33502
-47.8
0.0743
0.9717
129.43
8.5547
-85.788
1.3889
0.00034767
0.031768
0.021123
0.24201
0.12681
0.74539
0.00051396
0.00027405
6.9219e-06
0.095982
0.11806
0.98272
0.0089854
0.07948
0.98727
0.99166
0.0013552
0.0039961
0.98738
0.18417
0.0040145
0.1659
4.7687e-06
6.3915e-06
0.5727
12.988
0.932
12.991
4.2726
12.988
0.00092935
0.018292
0.0056853
0.076296
0.13771
0.121
0.00096474
0.99197
0.0080304
0.87115
0.0079025
0.020576
0.10037
1.7567
0.0069579
-3.3364e-05
0.071862
0.42564
-18.096
-15828
-47.8
0.0743
0.9717
129.43
8.5547
-85.788
1.3885
0.00034655
0.031668
0.021067
0.24172
0.1267
0.74498
0.00051251
0.0002719
6.9219e-06
0.095921
0.11802
0.98272
0.0089854
0.07948
0.98727
0.99166
0.0013552
0.0039961
0.98738
0.18417
0.0040145
0.1659
4.7474e-06
6.3643e-06
0.57275
12.986
0.93195
12.989
4.2723
12.986
0.00092208
0.018274
0.0056554
0.066079
0.13771
0.12101
0.000966
0.99185
0.0081502
0.86957
0.0080066
0.020845
0.10158
1.7651
0.0069685
-2.6591e-05
0.07132
0.42421
-18.376
-16888
-47.8
0.0743
0.9717
129.43
8.5547
-85.788
1.3893
0.00034869
0.031858
0.021172
0.24228
0.12689
0.74586
0.0005152
0.00027638
6.9219e-06
0.095965
0.11801
0.98272
0.0089854
0.079479
0.98727
0.99166
0.0013552
0.0039961
0.98738
0.18417
0.0040145
0.1659
4.7863e-06
6.4172e-06
0.57278
12.983
0.93188
12.987
4.272
12.984
0.00093715
0.018283
0.0057171
0.056347
0.13771
0.12101
0.00096677
0.99062
0.0093805
0.86124
0.0090906
0.022203
0.10746
1.7737
0.0069832
-1.7171e-05
0.072368
0.42712
-18.607
-18068
-47.8
0.0743
0.9717
129.43
8.5547
-85.788
1.3915
0.00035386
0.03232
0.021462
0.24371
0.12744
0.74844
0.0005226
0.00028818
6.9219e-06
0.09617
0.11815
0.98272
0.0089854
0.079479
0.98727
0.99166
0.0013552
0.0039961
0.98738
0.18417
0.0040145
0.1659
4.9077e-06
6.5783e-06
0.57271
12.982
0.93184
12.986
4.2719
12.983
0.00097883
0.018326
0.0059002
0.0068533
0.13771
0.12097
0.00096705
0.96697
0.033029
0.71896
0.0265
0.047073
0.20747
1.9567
0.0072205
0.00013266
0.073355
0.43202
-15.86
-37939
-47.8
0.0743
0.9717
129.43
8.5547
-85.788
1.3913
0.00035375
0.032309
0.021457
0.24371
0.12744
0.74826
0.00052246
0.00028661
6.9219e-06
0.096156
0.11812
0.98272
0.0089854
0.079479
0.98727
0.99166
0.0013552
0.0039961
0.98738
0.18417
0.0040145
0.1659
4.9074e-06
6.5787e-06
0.57275
12.981
0.93179
12.984
4.2716
12.981
0.00097234
0.018321
0.0058755
-0.0079379
0.13771
0.12097
0.00096766
0.97646
0.023544
0.77144
0.020191
0.037193
0.17118
1.8974
0.0070986
5.6988e-05
0.073676
0.43248
-18.228
-32219
-47.8
0.0743
0.9717
129.43
8.5547
-85.788
1.3903
0.00035134
0.032094
0.021315
0.24303
0.12717
0.74702
0.00051884
0.00028103
6.9219e-06
0.096024
0.11801
0.98272
0.0089854
0.079479
0.98727
0.99166
0.0013552
0.0039961
0.98738
0.18417
0.0040145
0.1659
4.8452e-06
6.4976e-06
0.57283
12.979
0.93174
12.983
4.2714
12.979
0.00095291
0.018288
0.0057867
0.038202
0.1377
0.121
0.0009687
0.98832
0.011684
0.84518
0.011064
0.024832
0.11893
1.7928
0.0070042
-3.4932e-06
0.07341
0.43068
-18.996
-20528
-47.8
0.0743
0.9717
129.43
8.5547
-85.788
1.3909
0.00035126
0.03209
0.021356
0.24315
0.12728
0.74774
0.00051987
0.00028103
6.9219e-06
0.096099
0.11816
0.98272
0.0089854
0.079479
0.98727
0.99166
0.0013552
0.0039961
0.98738
0.18417
0.0040145
0.1659
4.8782e-06
6.5397e-06
0.57275
12.981
0.93179
12.984
4.2716
12.981
0.00095446
0.018293
0.0058093
-0.0071397
0.1377
0.121
0.00096931
0.97802
0.021983
0.77947
0.019051
0.035947
0.16553
1.8989
0.0070863
4.9175e-05
0.072532
0.4297
-18.221
-32192
-47.8
0.0743
0.9717
129.43
8.5547
-85.788
1.3893
0.00034726
0.031733
0.021126
0.242
0.12683
0.74584
0.00051402
0.00027281
6.9219e-06
0.0959
0.11801
0.98272
0.0089854
0.079479
0.98727
0.99166
0.0013552
0.0039961
0.98738
0.18417
0.0040145
0.1659
4.7791e-06
6.4098e-06
0.57286
12.98
0.93175
12.983
4.2715
12.98
0.00092594
0.018244
0.0056782
0.053491
0.1377
0.12105
0.00097052
0.99068
0.0093185
0.86195
0.0090317
0.0221
0.10692
1.779
0.0069766
-2.1028e-05
0.071656
0.42586
-18.712
-18599
-47.8
0.0743
0.9717
129.43
8.5547
-85.788
1.3881
0.00034444
0.031482
0.020966
0.24119
0.12652
0.74453
0.00050993
0.00026754
6.9219e-06
0.095753
0.11791
0.98272
0.0089854
0.079479
0.98727
0.99166
0.0013552
0.0039961
0.98738
0.18417
0.0040145
0.1659
4.71e-06
6.3194e-06
0.57296
12.979
0.93173
12.982
4.2713
12.979
0.00090819
0.01821
0.0056
0.097733
0.1377
0.12108
0.00097137
0.99322
0.0067816
0.88373
0.0067668
0.018542
0.090964
1.7461
0.0069328
-4.8854e-05
0.070595
0.42229
-17.608
-14036
