-85.744
1.3911
0.00036779
0.033529
0.021854
0.24599
0.12781
0.74803
0.00053297
0.00033403
6.9721e-06
0.097569
0.11935
0.98201
0.0090236
0.080952
0.98715
0.99162
0.0013652
0.0040072
0.98704
0.183
0.0040218
0.16611
4.9649e-06
6.5677e-06
0.56948
13.051
0.93397
13.055
4.2816
13.052
0.0011147
0.018945
0.0063318
0.021373
0.13782
0.12034
0.00091162
0.95283
0.04717
0.51956
0.031929
0.077724
0.37079
1.9353
0.0070147
9.4641e-06
0.082832
0.44894
0.23876
-53903
-47.8
0.0743
0.9717
129.43
8.5547
-85.744
1.391
0.00036725
0.033482
0.021831
0.24589
0.12778
0.74787
0.00053237
0.0003318
6.9721e-06
0.097557
0.11934
0.98201
0.0090236
0.080951
0.98715
0.99162
0.0013652
0.0040072
0.98704
0.183
0.0040218
0.16611
4.9581e-06
6.5591e-06
0.5695
13.05
0.93393
13.054
4.2814
13.05
0.0011082
0.018942
0.0063111
0.020009
0.13782
0.12035
0.00091164
0.97002
0.029985
0.59836
0.023401
0.06447
0.31377
1.851
0.0069811
-1.2201e-05
0.083143
0.45048
0.18658
-48511
-47.8
0.0743
0.9717
129.43
8.5547
-85.744
1.3911
0.0003677
0.03352
0.021836
0.24593
0.12776
0.74797
0.00053251
0.00033487
6.9721e-06
0.097513
0.11927
0.98201
0.0090236
0.08095
0.98715
0.99162
0.0013652
0.0040072
0.98704
0.183
0.0040218
0.16611
4.952e-06
6.5533e-06
0.56958
13.047
0.93385
13.051
4.2811
13.048
0.0011169
0.018938
0.0063367
0.02236
0.13782
0.12035
0.00091185
0.93725
0.062754
0.46699
0.038262
0.086639
0.40811
1.9871
0.0070001
4.0325e-07
0.082975
0.44897
0.27359
-57318
-47.8
0.0743
0.9717
129.43
8.5547
-85.744
1.391
0.00036719
0.033476
0.021819
0.24585
0.12775
0.74791
0.00053208
0.00033266
6.9721e-06
0.097502
0.11927
0.98201
0.0090236
0.080949
0.98715
0.99162
0.0013652
0.0040072
0.98704
0.183
0.0040218
0.16611
4.9495e-06
6.5506e-06
0.56961
13.046
0.93381
13.05
4.2808
13.046
0.0011107
0.018936
0.0063188
0.020707
0.13782
0.12035
0.00091195
0.96184
0.038155
0.55612
0.027666
0.07158
0.34464
1.9006
0.007013
8.2146e-06
0.082549
0.44838
0.2154
-51600
-47.8
0.0743
0.9717
129.43
8.5547
-85.744
1.3908
0.00036656
0.033421
0.021784
0.2457
0.12768
0.74767
0.00053116
0.00033092
6.9722e-06
0.097449
0.11921
0.98201
0.0090236
0.080948
0.98715
0.99162
0.0013652
0.0040072
0.98704
0.183
0.0040218
0.16611
4.9337e-06
6.5318e-06
0.56968
13.043
0.93373
13.047
4.2805
13.044
0.0011053
0.018928
0.0063005
0.019862
0.13782
0.12036
0.00091216
0.97161
0.028386
0.60709
0.02249
0.063016
0.30741
1.842
0.0069765
-1.5175e-05
0.083118
0.45046
0.18117
-47943
-47.8
0.0743
0.9717
129.43
8.5547
-85.744
1.3908
0.00036714
0.033469
0.021775
0.2457
0.12762
0.74763
0.00053097
0.00033552
6.9722e-06
0.097349
0.11906
0.98201
0.0090237
0.080947
0.98715
0.99162
0.0013652
0.0040072
0.98704
0.18299
0.0040218
0.16611
4.9139e-06
6.51e-06
0.56985
13.039
0.93359
13.043
4.2798
13.039
0.001118
0.018919
0.0063362
0.023103
0.13781
0.12037
0.00091257
0.92336
0.076643
0.4293
0.043093
0.093094
0.43451
2.0267
0.0069774
-1.3927e-05
0.08304
0.44855
0.29951
-59868
-47.8
0.0743
0.9717
129.43
8.5547
-85.744
1.3908
0.00036722
0.033476
0.021773
0.24571
0.12761
0.74764
0.00053094
0.00033579
6.9722e-06
0.097332
0.11903
0.98201
0.0090237
0.080946
0.98715
0.99162
0.0013652
0.0040072
0.98704
0.18299
0.0040218
0.16611
4.9116e-06
6.5079e-06
0.56989
13.037
0.93353
13.041
4.2796
13.037
0.0011189
0.018917
0.0063393
0.022722
0.13781
0.12037
0.00091281
0.93047
0.069529
0.4488
0.040746
0.089755
0.4207
2.0072
0.0069923
-4.5126e-06
0.083102
0.44871
0.28625
-58598
-47.8
0.0743
0.9717
129.43
8.5547
-85.744
1.3909
0.00036712
0.033469
0.02179
0.24578
0.12767
0.74779
0.00053135
0.00033364
6.9722e-06
0.097397
0.11912
0.98201
0.0090237
0.080945
0.98715
0.99162
0.0013652
0.0040072
0.98704
0.18299
0.0040218
0.16611
4.9284e-06
6.5278e-06
0.5698
13.037
0.93354
13.041
4.2796
13.038
0.0011133
0.018922
0.0063257
0.020805
0.13781
0.12037
0.00091293
0.96041
0.039592
0.55121
0.028404
0.072406
0.34798
1.9061
0.0070187
1.1854e-05
0.082726
0.44853
0.21868
-51946
-47.8
0.0743
0.9717
129.43
8.5547
-85.744
1.3912
0.00036748
0.033501
0.02182
0.2459
0.12774
0.74804
0.00053209
0.00033399
6.9722e-06
0.09746
0.11919
0.98201
0.0090237
0.080944
0.98715
0.99162
0.0013652
0.0040072
0.98704
0.18299
0.0040218
0.16611
4.9455e-06
6.5482e-06
0.56971
13.038
0.93355
13.041
4.2797
13.038
0.0011147
0.018927
0.0063319
0.021243
0.13781
0.12036
0.00091311
0.95461
0.045387
0.52675
0.031135
0.076513
0.3656
1.9284
0.0070252
1.6116e-05
0.082829
0.44895
0.23442
-53451
-47.8
0.0743
0.9717
129.43
8.5547
-85.744
1.3913
0.00036751
0.033505
0.02184
0.24598
0.1278
0.74823
0.0005326
0.00033297
6.9722e-06
0.097535
0.11929
0.98201
0.0090237
0.080944
0.98715
0.99162
0.0013652
0.0040072
0.98704
0.18299
0.0040218
0.16611
4.9627e-06
6.5681e-06
0.5696
13.039
0.93358
13.042
4.2798
13.039
0.0011121
0.018932
0.0063258
0.021045
0.13781
0.12036
0.00091327
0.95755
0.042453
0.53713
0.029745
0.074761
0.35836
1.9171
0.0070305
1.9469e-05
0.082655
0.44892
0.22784
-52739
-47.8
0.0743
0.9717
129.43
8.5547
-85.744
1.3913
0.00036677
0.033442
0.021831
0.24591
0.12781
0.74817
0.00053232
0.00032868
6.9722e-06
0.097603
0.11939
0.98201
0.0090237
0.080943
0.98715
0.99162
0.0013652
0.0040072
0.98704
0.18299
0.0040218
0.16611
4.972e-06
6.5772e-06
0.56949
13.04
0.93361
13.043
4.2799
13.04
0.0010997
0.018934
0.0062884
0.019292
0.13781
0.12035
0.00091339
0.97768
0.02232
0.64233
0.018826
0.05711
0.28173
1.794
0.0069566
-2.785e-05
0.083487
0.45292
0.15818
-45170
-47.8
0.0743
0.9717
129.43
8.5547
-85.744
1.3914
0.00036707
0.033469
0.021851
0.246
0.12786
0.74836
0.00053284
0.00032938
6.9722e-06
0.097634
0.11943
0.98201
0.0090237
0.080942
0.98715
0.99162
0.0013652
0.0040072
0.98704
0.18299
0.0040218
0.16611
4.9828e-06
6.5906e-06
0.56945
13.039
0.93359
13.043
4.2798
13.039
0.0011021
0.018936
0.0062972
0.019686
0.13781
0.12035
0.00091366
0.97381
0.026193
0.61706
0.021192
0.061325
0.30042
1.825
0.0069897
-6.7174e-06
0.083115
0.45163
0.17473
-47017
-47.8
0.0743
0.9717
129.43
8.5547
-85.744
1.3915
0.00036747
0.033504
0.021863
0.24607
0.12787
0.74848
0.00053316
0.00033114
6.9722e-06
0.097624
0.1194
0.98201
0.0090237
0.080941
0.98715
0.99162
0.0013652
0.0040072
0.98704
0.18299
0.0040218
0.16611
4.9846e-06
6.5938e-06
0.56948
13.037
0.93353
13.041
4.2796
13.038
0.0011073
0.018935
0.0063138
0.020416
0.13781
0.12035
0.00091399
0.9657
0.0343
0.57218
0.025672
0.068866
0.33328
1.8803
0.0070319
2.0262e-05
0.082457
0.44903
0.2053
-50381
-47.8
0.0743
0.9717
129.43
8.5547
-85.744
1.3913
0.00036704
0.033466
0.021834
0.24596
0.12781
0.74825
0.00053242
0.00032973
6.9722e-06
0.097586
0.11936
0.98201
0.0090237
0.080941
0.98715
0.99162
0.0013652
0.0040072
0.98704
0.18299
0.0040218
0.16611
4.971e-06
6.577e-06
0.56953
13.035
0.93346
13.039
4.2793
13.035
0.0011028
0.018929
0.0062979
0.019398
0.13781
0.12036
0.00091429
0.9766
0.023399
0.63617
0.019512
0.058137
0.28619
1.8015
0.0069712
-1.8522e-05
0.083566
0.45286
0.16224
-45619
-47.8
0.0743
0.9717
129.43
8.5547
-85.744
1.3915
0.00036781
0.033532
0.021853
0.24606
0.12782
0.74845
0.00053292
0.00033418
6.9722e-06
0.097553
0.11929
0.98201
0.0090237
0.08094
0.98715
0.99162
0.0013652
0.0040072
0.98704
0.18299
0.0040218
0.16611
4.9694e-06
6.5768e-06
0.5696
13.033
0.93339
13.036
4.2789
13.033
0.0011155
0.018926
0.0063362
0.022589
0.13781
0.12036
0.0009147
0.93362
0.066378
0.45462
0.039523
0.088732
0.41713
1.9964
0.0070221
1.4504e-05
0.082892
0.44935
0.28279
-58019
-47.8
0.0743
0.9717
129.43
8.5547
-85.744
1.3914
0.00036674
0.03344
0.02183
0.24593
0.12782
0.74831
0.00053231
0.00032839
6.9722e-06
0.097602
0.11938
0.98201
0.0090237
0.080939
0.98715
0.99162
0.0013652
0.0040072
0.98704
0.18299
0.0040218
0.16611
4.9749e-06
6.5817e-06
0.56951
13.033
0.93341
13.037
4.279
13.034
0.001099
0.018925
0.0062869
0.019239
0.13781
0.12036
0.0009148
0.97823
0.021767
0.64555
0.018471
0.056573
0.2794
1.7895
0.0069667
-2.1399e-05
0.083486
0.45309
0.1565
-44925
-47.8
0.0743
0.9717
129.43
8.5547
-85.744
1.3915
0.0003666
0.033429
0.02184
0.24596
0.12785
0.74846
0.00053253
0.00032738
6.9722e-06
0.097639
0.11944
0.98201
0.0090237
0.080938
0.98715
0.99162
0.0013652
0.0040072
0.98704
0.18299
0.0040218
0.16611
4.9857e-06
6.5948e-06
0.56947
13.033
0.93341
13.037
4.279
13.034
0.0010964
0.018925
0.0062808
0.019356
0.13781
0.12036
0.000915
0.97725
0.022752
0.63691
0.019079
0.058011
0.286
1.7998
0.0069822
-1.1561e-05
0.083122
0.45239
0.16229
-45546
-47.8
0.0743
0.9717
129.43
8.5547
-85.744
1.3915
0.00036642
0.033413
0.021832
0.24593
0.12784
0.74844
0.00053232
0.00032672
6.9722e-06
0.097624
0.11942
0.98201
0.0090237
0.080938
0.98715
0.99162
0.0013652
0.0040072
0.98704
0.18298
0.0040218
0.16611
4.9828e-06
6.5918e-06
0.5695
13.032
0.93336
13.036
4.2788
13.032
0.0010945
0.01892
0.0062748
0.019128
0.13781
0.12037
0.00091526
0.9794
0.020604
0.65151
0.017705
0.055581
0.27521
1.7812
0.0069647
-2.2721e-05
0.083283
0.45314
0.1529
-44465
-47.8
0.0743
0.9717
129.43
8.5547
-85.744
1.3915
0.0003665
0.03342
0.021821
0.2459
0.12781
0.74841
0.00053206
0.00032779
6.9722e-06
0.097563
0.11934
0.98201
0.0090237
0.080937
0.98715
0.99162
0.0013652
0.0040072
0.98704
0.18298
0.0040218
0.16611
4.9722e-06
6.5806e-06
0.56961
13.029
0.93326
13.032
4.2784
13.029
0.0010976
0.018913
0.006284
0.019362
0.13781
0.12038
0.0009156
0.97711
0.022887
0.63685
0.01917
0.058023
0.28595
1.8004
0.0069814
-1.2052e-05
0.083194
0.45243
0.16226
-45572
-47.8
0.0743
0.9717
129.43
8.5547
-85.744
1.3914
0.00036673
0.033439
0.021807
0.24588
0.12775
0.74836
0.00053174
0.00033019
6.9722e-06
0.097465
0.1192
0.98201
0.0090237
0.080937
0.98715
0.99162
0.0013652
0.0040072
0.98704
0.18298
0.0040218
0.16611
4.9554e-06
6.563e-06
0.56978
13.024
0.93313
13.028
4.2778
13.025
0.0011044
0.018904
0.0063045
0.020234
0.13781
0.12039
0.00091601
0.96781
0.032194
0.58277
0.024554
0.06709
0.32558
1.8689
0.0070336
2.1297e-05
0.082468
0.44922
0.19858
-49667
-47.8
0.0743
0.9717
129.43
8.5547
-85.744
1.3911
0.00036623
0.033393
0.021757
0.24568
0.12764
0.748
0.00053046
0.00032997
6.9722e-06
0.097337
0.11903
0.98201
0.0090237
0.080936
0.98715
0.99162
0.0013652
0.0040072
0.98704
0.18298
0.0040218
0.16611
4.9243e-06
6.527e-06
0.56997
13.02
0.93299
13.024
4.2771
13.02
0.0011032
0.018889
0.0062974
0.019693
0.13781
0.1204
0.0009164
0.97351
0.026491
0.61709
0.021379
0.061337
0.3002
1.8284
0.006998
-1.4825e-06
0.083141
0.45112
0.17535
-47176
-47.8
0.0743
0.9717
129.43
8.5547
-85.744
1.3911
0.00036661
0.033424
0.021739
0.24564
0.12756
0.74795
0.00053005
0.00033429
6.9722e-06
0.09721
0.11886
0.98201
0.0090237
0.080935
0.98715
0.99162
0.0013652
0.0040072
0.98704
0.18298
0.0040218
0.16611
4.9005e-06
6.5011e-06
0.57019
13.015
0.93284
13.019
4.2764
13.015
0.0011151
0.018875
0.0063307
0.023008
0.13781
0.12041
0.00091687
0.92553
0.074466
0.43344
0.042313
0.092379
0.43187
2.0212
0.0070059
4.2733e-06
0.082851
0.44864
0.29773
-59571
-47.8
0.0743
0.9717
129.43
8.5547
-85.744
1.3909
0.00036557
0.033334
0.021703
0.24546
0.12752
0.74776
0.00052911
0.00033009
6.9722e-06
0.097182
0.11885
0.98201
0.0090237
0.080935
0.98715
0.99162
0.0013652
0.0040072
0.98704
0.18298
0.0040218
0.16611
4.893e-06
6.4924e-06
0.57023
13.013
0.93279
13.017
4.2762
13.014
0.0011032
0.018869
0.0062952
0.020153
0.13781
0.12042
0.00091705
0.96848
0.031522
0.58776
0.0242
0.066274
0.32176
1.8676
0.0070263
1.6626e-05
0.082447
0.44857
0.1958
-49510
-47.8
0.0743
0.9717
129.43
8.5547
-85.744
1.3906
0.00036471
0.033258
0.021658
0.24526
0.12743
0.74744
0.00052793
0.0003275
6.9722e-06
0.097121
0.11879
0.98201
0.0090237
0.080934
0.98715
0.99162
0.0013652
0.0040072
0.98704
0.18298
0.0040218
0.16611
4.8739e-06
6.4692e-06
0.57031
13.011
0.93272
13.015
4.2759
13.012
0.0010952
0.018858
0.0062682
0.019113
0.1378
0.12043
0.0009173
0.97916
0.020843
0.65322
0.017868
0.055329
0.27358
1.7866
0.0069551
-2.8832e-05
0.083301
0.45195
0.15245
-44659
-47.8
0.0743
0.9717
129.43
8.5547
-85.744
1.3907
0.00036577
0.033349
0.021668
0.24535
0.1274
0.74755
0.00052825
0.00033403
6.9722e-06
0.097024
0.11863
0.98201
0.0090237
0.080934
0.98715
0.99162
0.0013652
0.0040072
0.98704
0.18298
0.0040218
0.16611
4.8592e-06
6.4542e-06
0.57049
13.007
0.93259
13.011
4.2753
13.007
0.0011137
0.018851
0.006323
0.022837
0.1378
0.12044
0.00091775
0.92862
0.07138
0.44207
0.041287
0.090924
0.42572
2.0158
0.0070118
7.9742e-06
0.082744
0.44798
0.29261
-59169
-47.8
0.0743
0.9717
129.43
8.5547
-85.744
1.3908
0.00036596
0.033365
0.021671
0.24538
0.1274
0.74759
0.00052834
0.0003348
6.9722e-06
0.097015
0.11861
0.98201
0.0090237
0.080933
0.98715
0.99162
0.0013652
0.0040072
0.98704
0.18298
0.0040218
0.16611
4.8584e-06
6.4537e-06
0.5705
13.006
0.93256
13.01
4.2751
13.006
0.0011159
0.018849
0.0063293
0.023316
0.1378
0.12044
0.00091799
0.91915
0.080854
0.41841
0.044389
0.094977
0.44223
2.0389
0.0069905
-5.4543e-06
0.082893
0.4482
0.30834
-60670
-47.8
0.0743
0.9717
129.43
8.5547
-85.744
1.3909
0.00036533
0.033313
0.021687
0.24541
0.12749
0.74777
0.0005287
0.00032973
6.9722e-06
0.097138
0.11879
0.98201
0.0090237
0.080933
0.98715
0.99162
0.0013652
0.0040072
0.98704
0.18298
0.0040218
0.16611
4.8856e-06
6.4849e-06
0.57032
13.009
0.93264
13.012
4.2755
13.009
0.0011022
0.018857
0.0062921
0.020178
0.1378
0.12043
0.00091795
0.96824
0.031759
0.58589
0.024316
0.066592
0.3232
1.8703
0.0070299
1.8924e-05
0.082312
0.44824
0.19727
-49681
-47.8
0.0743
0.9717
129.43
8.5547
-85.744
1.3909
0.00036461
0.033252
0.021685
0.24536
0.12752
0.74777
0.0005286
0.00032529
6.9722e-06
0.097226
0.11893
0.98201
0.0090237
0.080932
0.98715
0.99162
0.0013652
0.0040072
0.98704
0.18298
0.0040218
0.16611
4.8996e-06
6.4996e-06
0.57017
13.011
0.93271
13.015
4.2758
13.011
0.0010895
0.01886
0.0062539
0.018819
0.1378
0.12043
0.00091796
0.98197
0.018029
0.67105
0.015975
0.052359
0.26061
1.7612
0.0069373
-4.0108e-05
0.083238
0.45287
0.14126
-43254
-47.8
0.0743
0.9717
129.43
8.5547
-85.744
1.3911
0.0003652
0.033304
0.021714
0.24551
0.12757
0.74801
0.00052936
0.00032702
6.9722e-06
0.097256
0.11895
0.98201
0.0090237
0.080932
0.98715
0.99162
0.0013652
0.0040072
0.98704
0.18298
0.0040218
0.16611
4.9118e-06
6.5149e-06
0.57014
13.011
0.9327
13.014
4.2758
13.011
0.0010949
0.018863
0.0062728
0.019428
0.1378
0.12043
0.00091816
0.97639
0.023614
0.6318
0.019608
0.058885
0.28971
1.8106
0.0069886
-7.4305e-06
0.082831
0.45112
0.16622
-46133
-47.8
0.0743
0.9717
129.43
8.5547
-85.744
1.3912
0.00036587
0.033362
0.02173
0.24561
0.12758
0.74811
0.00052978
0.00032981
6.9722e-06
0.097227
0.11889
0.98201
0.0090237
0.080932
0.98715
0.99162
0.0013652
0.0040072
0.98704
0.18298
0.0040218
0.16611
4.9106e-06
6.515e-06
0.5702
13.008
0.93264
13.012
4.2755
13.009
0.0011031
0.018863
0.0062986
0.020084
0.1378
0.12043
0.00091845
0.96938
0.030617
0.59182
0.023702
0.06558
0.3189
1.8601
0.0070262
1.6573e-05
0.082524
0.44929
0.19267
-49108
-47.8
0.0743
0.9717
129.43
8.5547
-85.744
1.3912
0.00036619
0.033389
0.021728
0.24563
0.12756
0.7481
0.00052975
0.00033191
6.9722e-06
0.097178
0.11881
0.98201
0.0090237
0.080931
0.98715
0.99162
0.0013652
0.0040072
0.98704
0.18298
0.0040218
0.16611
4.9023e-06
6.5062e-06
0.57029
13.006
0.93256
13.01
4.2751
13.006
0.001109
0.018859
0.0063162
0.021044
0.1378
0.12043
0.00091874
0.95759
0.042414
0.53665
0.029705
0.074855
0.35879
1.9191
0.0070494
3.1568e-05
0.082444
0.44845
0.2292
-52886
-47.8
0.0743
0.9717
129.43
8.5547
-85.744
1.391
0.0003655
0.033328
0.021694
0.24548
0.1275
0.74782
0.00052887
0.00032923
6.9722e-06
0.097145
0.11878
0.98201
0.0090237
0.080931
0.98715
0.99162
0.0013652
0.0040072
0.98704
0.18298
0.0040218
0.16611
4.8896e-06
6.4903e-06
0.57033
13.005
0.93252
13.008
4.2749
13.005
0.001101
0.018853
0.0062899
0.019465
0.1378
0.12044
0.00091892
0.9758
0.024205
0.63125
0.020002
0.058979
0.28977
1.812
0.006985
-9.7133e-06
0.083236
0.45157
0.16625
-46200
-47.8
0.0743
0.9717
129.43
8.5547
-85.744
1.3911
0.00036616
0.033386
0.021712
0.24557
0.12751
0.74798
0.00052933
0.00033259
6.9722e-06
0.097118
0.11873
0.98201
0.0090237
0.080931
0.98715
0.99162
0.0013652
0.0040072
0.98704
0.18298
0.0040218
0.16611
4.8894e-06
6.4918e-06
0.57039
13.003
0.93246
13.007
4.2747
13.003
0.0011108
0.018852
0.0063203
0.021087
0.1378
0.12044
0.00091919
0.95687
0.043133
0.53471
0.030064
0.075185
0.36004
1.9217
0.0070489
3.1258e-05
0.08256
0.44849
0.23047
-53041
-47.8
0.0743
0.9717
129.43
8.5547
-85.744
1.3912
0.00036627
0.033395
0.021719
0.2456
0.12753
0.74807
0.00052951
0.00033308
6.9722e-06
0.097129
0.11874
0.98201
0.0090237
0.08093
0.98715
0.99162
0.0013652
0.0040072
0.98704
0.18298
0.0040218
0.16611
4.893e-06
6.4961e-06
0.57037
13.003
0.93245
13.006
4.2746
13.003
0.0011122
0.018851
0.0063245
0.021723
0.1378
0.12044
0.00091935
0.94775
0.05225
0.49996
0.034081
0.08105
0.38491
1.9552
0.0070465
2.988e-05
0.082657
0.44865
0.25331
-55271
-47.8
0.0743
0.9717
129.43
8.5547
-85.744
1.3911
0.00036517
0.033301
0.0217
0.24548
0.12754
0.74796
0.00052899
0.00032733
6.9722e-06
0.097201
0.11887
0.98201
0.0090237
0.08093
0.98715
0.99162
0.0013652
0.0040072
0.98704
0.18298
0.0040218
0.16611
4.902e-06
6.5046e-06
0.57024
13.005
0.93252
13.008
4.2749
13.005
0.0010957
0.018853
0.0062746
0.019283
0.1378
0.12044
0.0009193
0.97774
0.022256
0.64158
0.018767
0.057254
0.2824
1.7983
0.0069796
-1.3199e-05
0.08307
0.45177
0.15988
-45420
-47.8
0.0743
0.9717
129.43
8.5547
-85.744
1.3911
0.00036484
0.033273
0.021702
0.24546
0.12756
0.748
0.00052902
0.00032527
6.9722e-06
0.097251
0.11895
0.98201
0.0090237
0.08093
0.98715
0.99162
0.0013652
0.0040072
0.98704
0.18298
0.0040218
0.16611
4.9111e-06
6.5145e-06
0.57016
13.006
0.93255
13.01
4.2751
13.006
0.0010898
0.018855
0.0062573
0.018854
0.1378
0.12043
0.00091934
0.98174
0.018261
0.66852
0.016132
0.052774
0.26258
1.763
0.0069474
-3.3691e-05
0.083196
0.45298
0.14286
-43396
-47.8
0.0743
0.9717
129.43
8.5547
-85.744
1.3913
0.00036548
0.033329
0.021729
0.2456
0.1276
0.74822
0.00052972
0.00032753
6.9722e-06
0.097262
0.11894
0.98201
0.0090237
0.080929
0.98715
0.99162
0.0013652
0.0040072
0.98704
0.18298
0.0040218
0.16611
4.9196e-06
6.5259e-06
0.57016
13.005
0.93253
13.009
4.275
13.006
0.0010967
0.018857
0.0062804
0.019601
0.1378
0.12043
0.00091948
0.97473
0.025275
0.62087
0.020617
0.060705
0.29781
1.8231
0.007006
3.6519e-06
0.08271
0.45077
0.17341
-46910
-47.8
0.0743
0.9717
129.43
8.5547
-85.744
1.3913
0.00036578
0.033355
0.021732
0.24564
0.1276
0.74823
0.00052982
0.00032877
6.9722e-06
0.097237
0.1189
0.98201
0.0090237
0.080929
0.98715
0.99162
0.0013652
0.0040072
0.98704
0.18298
0.0040218
0.16611
4.916e-06
6.5224e-06
0.57021
13.004
0.93249
13.008
4.2748
13.004
0.0011003
0.018856
0.0062915
0.01971
0.1378
0.12043
0.00091964
0.9735
0.026496
0.61484
0.021358
0.061711
0.30209
1.8304
0.007009
5.5607e-06
0.082837
0.45078
0.17711
-47344
-47.8
0.0743
0.9717
129.43
8.5547
-85.744
1.3913
0.00036604
0.033377
0.021734
0.24566
0.12759
0.74825
0.00052988
0.00033024
6.9722e-06
0.097206
0.11885
0.98201
0.0090237
0.080929
0.98715
0.99162
0.0013652
0.0040072
0.98704
0.18298
0.0040218
0.16611
4.9118e-06
6.5183e-06
0.57027
13.002
0.93244
13.006
4.2746
13.003
0.0011046
0.018853
0.0063046
0.020163
0.1378
0.12044
0.00091979
0.96852
0.031476
0.58716
0.024173
0.066358
0.32231
1.8648
0.0070323
2.0489e-05
0.082512
0.44926
0.19575
-49427
-47.8
0.0743
0.9717
129.43
8.5547
-85.744
1.3913
0.00036585
0.033361
0.021724
0.24561
0.12757
0.74823
0.00052961
0.00033026
6.9722e-06
0.097182
0.11882
0.98201
0.0090237
0.080929
0.98715
0.99162
0.0013652
0.0040072
0.98704
0.18298
0.0040218
0.16611
4.9067e-06
6.5126e-06
0.57031
13.001
0.93241
13.005
4.2745
13.002
0.0011045
0.01885
0.0063039
0.020544
0.1378
0.12044
0.00091989
0.96417
0.035831
0.56392
0.026438
0.070271
0.33937
1.8917
0.0070476
3.0342e-05
0.082137
0.44813
0.21168
-51111
-47.8
0.0743
0.9717
129.43
8.5547
-85.744
1.391
0.00036446
0.033239
0.021666
0.24533
0.12748
0.74781
0.0005281
0.00032518
6.9722e-06
0.097151
0.11882
0.98201
0.0090237
0.080928
0.98715
0.99162
0.0013652
0.0040072
0.98704
0.18298
0.0040218
0.16611
4.8891e-06
6.4897e-06
0.57033
13.001
0.9324
13.005
4.2744
13.001
0.0010893
0.018841
0.0062538
0.018718
0.1378
0.12045
0.0009199
0.98283
0.01717
0.67773
0.015381
0.051251
0.25564
1.7522
0.0069298
-4.4883e-05
0.083324
0.45325
0.13714
-42765
-47.8
0.0743
0.9717
129.43
8.5547
-85.744
1.391
0.00036463
0.033253
0.021661
0.24531
0.12745
0.74784
0.00052799
0.00032706
6.9722e-06
0.097093
0.11874
0.98201
0.0090237
0.080928
0.98715
0.99162
0.0013652
0.0040072
0.98704
0.18298
0.0040218
0.16611
4.8805e-06
6.4811e-06
0.57043
12.999
0.93234
13.003
4.2741
12.999
0.0010947
0.018835
0.0062701
0.019424
0.1378
0.12045
0.00092006
0.97636
0.023638
0.63202
0.019623
0.058855
0.2895
1.812
0.0069877
-8.0453e-06
0.082784
0.45075
0.16629
-46208
-47.8
0.0743
0.9717
129.43
8.5547
-85.744
1.391
0.00036511
0.033292
0.021653
0.24531
0.1274
0.74784
0.00052784
0.00033138
6.9722e-06
0.096993
0.1186
0.98201
0.0090237
0.080928
0.98715
0.99162
0.0013652
0.0040072
0.98704
0.18298
0.0040219
0.16611
4.8632e-06
6.4625e-06
0.5706
12.996
0.93224
12.999
4.2737
12.996
0.0011068
0.018827
0.0063051
0.022187
0.1378
0.12046
0.00092031
0.94067
0.059326
0.47423
0.036815
0.085438
0.40352
1.9832
0.0070369
2.3873e-05
0.082272
0.44762
0.27137
-57086
-47.8
0.0743
0.9717
129.43
8.5547
-85.744
1.3904
0.00036341
0.033143
0.021569
0.24493
0.12726
0.74714
0.00052567
0.0003251
6.9722e-06
0.096912
0.11852
0.98201
0.0090237
0.080928
0.98715
0.99162
0.0013652
0.0040072
0.98704
0.18298
0.0040219
0.16611
4.8311e-06
6.4221e-06
0.57068
12.994
0.93218
12.997
4.2734
12.994
0.0010878
0.018815
0.0062425
0.01846
0.1378
0.12047
0.00092034
0.98477
0.015233
0.69546
0.013999
0.048333
0.24221
1.7331
0.0068968
-6.5914e-05
0.083511
0.45325
0.12668
-41638
-47.8
0.0743
0.9717
129.43
8.5547
-85.744
1.3906
0.00036488
0.03327
0.021601
0.24512
0.12726
0.74743
0.00052654
0.00033306
6.9722e-06
0.096826
0.11838
0.98201
0.0090237
0.080928
0.98715
0.99162
0.0013652
0.0040072
0.98704
0.18297
0.0040219
0.16611
4.8248e-06
6.4182e-06
0.57085
12.99
0.93207
12.994
4.2729
12.991
0.0011109
0.018811
0.0063135
0.022946
0.1378
0.12048
0.00092062
0.92674
0.073258
0.4361
0.04186
0.091958
0.43008
2.023
0.0070049
3.6352e-06
0.082542
0.44751
0.29693
-59644
-47.8
0.0743
0.9717
129.43
8.5547
-85.744
1.3907
0.00036513
0.033292
0.021611
0.24518
0.12728
0.74747
0.00052679
0.0003333
6.9722e-06
0.096822
0.11836
0.98201
0.0090237
0.080928
0.98715
0.99162
0.0013652
0.0040072
0.98704
0.18297
0.0040219
0.16611
4.8274e-06
6.4221e-06
0.57087
12.99
0.93205
12.993
4.2728
12.99
0.0011119
0.018812
0.0063187
0.021769
0.1378
0.12048
0.00092066
0.94672
0.053276
0.4978
0.034532
0.081441
0.38623
1.9617
0.0070344
2.2154e-05
0.082623
0.44786
0.25505
-55614
-47.8
0.0743
0.9717
129.43
8.5547
-85.744
1.3907
0.00036496
0.033279
0.021621
0.24522
0.12732
0.74755
0.00052704
0.00033117
6.9722e-06
0.096878
0.11844
0.98201
0.0090237
0.080928
0.98715
0.99162
0.0013652
0.0040072
0.98704
0.18297
0.0040219
0.16611
4.84e-06
6.4367e-06
0.57079
12.991
0.9321
12.995
4.273
12.991
0.0011062
0.018816
0.0063037
0.020389
0.1378
0.12047
0.00092056
0.96559
0.034409
0.57378
0.02574
0.068638
0.33184
1.8862
0.0070285
1.8074e-05
0.082277
0.44758
0.20525
-50657
-47.8
0.0743
0.9717
129.43
8.5547
-85.744
1.3909
0.00036512
0.033294
0.021642
0.2453
0.12737
0.74773
0.00052756
0.00033115
6.9722e-06
0.096936
0.11851
0.98201
0.0090237
0.080928
0.98715
0.99162
0.0013652
0.0040072
0.98704
0.18297
0.0040219
0.16611
4.8538e-06
6.4527e-06
0.5707
12.993
0.93215
12.997
4.2733
12.993
0.0011064
0.018821
0.0063056
0.020898
0.1378
0.12047
0.0009205
0.95944
0.040557
0.54449
0.028809
0.073552
0.35315
1.9142
0.0070397
2.5336e-05
0.082253
0.44773
0.2243
-52521
-47.8
0.0743
0.9717
129.43
8.5547
-85.744
1.3908
0.00036455
0.033245
0.021633
0.24524
0.12738
0.74764
0.00052731
0.00032775
6.9722e-06
0.096989
0.11859
0.98201
0.0090237
0.080928
0.98715
0.99162
0.0013652
0.0040072
0.98704
0.18297
0.0040219
0.16611
4.8594e-06
6.4576e-06
0.57061
12.995
0.9322
12.998
4.2735
12.995
0.0010966
0.018824
0.0062752
0.019327
0.1378
0.12047
0.00092038
0.97718
0.022821
0.63911
0.019129
0.057676
0.28409
1.8037
0.0069685
-2.0253e-05
0.083063
0.45134
0.16127
-45698
-47.8
0.0743
0.9717
129.43
8.5547
-85.744
1.391
0.00036509
0.033293
0.021662
0.24536
0.12743
0.74788
0.00052804
0.00032963
6.9722e-06
0.097018
0.11862
0.98201
0.0090237
0.080928
0.98715
0.99162
0.0013652
0.0040072
0.98704
0.18297
0.0040219
0.16611
4.8708e-06
6.472e-06
0.57057
12.995
0.93222
12.999
4.2736
12.996
0.0011023
0.018828
0.0062949
0.020264
0.1378
0.12046
0.00092038
0.96731
0.032686
0.58034
0.024803
0.067524
0.32733
1.8763
0.0070276
1.7542e-05
0.082166
0.448
0.20074
-50087
