-85.525
1.3962
0.0004072
0.037003
0.023495
0.25529
0.13042
0.75391
0.00057532
0.00041557
7.2307e-06
0.096864
0.11731
0.98218
0.0091771
0.08002
0.98651
0.9913
0.0014159
0.0040657
0.98712
0.18226
0.0040777
0.16488
5.4329e-06
7.2819e-06
0.5727
12.998
0.93232
13.004
4.2739
12.998
0.0013797
0.019026
0.0072959
0.026578
0.13781
0.12029
0.00091588
0.7608
0.2392
0.29476
0.095376
0.11098
0.49889
1.9447
0.0060732
-0.00058132
0.10268
0.52739
0.27436
-2.1546e+05
-47.8
0.0743
0.9717
129.43
8.5547
-85.525
1.3962
0.00040747
0.037029
0.023492
0.2553
0.1304
0.75392
0.00057524
0.00041689
7.2307e-06
0.096836
0.11727
0.98218
0.0091771
0.080019
0.98651
0.9913
0.0014159
0.0040657
0.98712
0.18226
0.0040777
0.16488
5.4235e-06
7.2703e-06
0.57274
12.997
0.93227
13.002
4.2737
12.997
0.0013863
0.019019
0.0073177
0.025028
0.13781
0.1203
0.00091593
0.83922
0.16078
0.36955
0.076044
0.10021
0.45419
1.8524
0.0064279
-0.00035463
0.10409
0.52931
0.24516
-2.5764e+08
-47.8
0.0743
0.9717
129.43
8.5547
-85.525
1.3962
0.00040671
0.036962
0.023487
0.25526
0.13043
0.75392
0.00057509
0.00041277
7.2307e-06
0.096862
0.11731
0.98218
0.0091771
0.080018
0.98651
0.9913
0.0014159
0.0040657
0.98712
0.18226
0.0040777
0.16488
5.4374e-06
7.2889e-06
0.57274
12.995
0.93222
13.001
4.2735
12.995
0.0013715
0.019028
0.007274
0.01505
0.13781
0.12029
0.00091596
0.70265
0.29735
0.25279
0.10758
0.1165
0.52314
2.0033
0.005865
-0.00071512
0.10182
0.52635
1.2359
-1.8204e+05
-47.8
0.0743
0.9717
129.43
8.5547
-85.525
1.3962
0.00040724
0.037008
0.023482
0.25527
0.13039
0.75391
0.00057497
0.00041619
7.2307e-06
0.09681
0.11723
0.98218
0.0091771
0.080017
0.98651
0.9913
0.0014159
0.0040657
0.98712
0.18226
0.0040777
0.16488
5.421e-06
7.269e-06
0.57281
12.993
0.93216
12.999
4.2732
12.993
0.0013831
0.019019
0.0073074
0.025923
0.13781
0.1203
0.00091613
0.79618
0.20382
0.32525
0.087183
0.10669
0.48087
1.9056
0.0062161
-0.00048979
0.10326
0.52819
0.26247
-3.2401e+06
-47.8
0.0743
0.9717
129.43
8.5547
-85.525
1.3962
0.00040738
0.037023
0.02348
0.2553
0.13037
0.75393
0.00057493
0.00041662
7.2307e-06
0.096779
0.11719
0.98218
0.0091771
0.080016
0.98651
0.9913
0.0014159
0.0040657
0.98712
0.18226
0.0040777
0.16488
5.4156e-06
7.2635e-06
0.57286
12.991
0.9321
12.997
4.2729
12.991
0.0013864
0.019013
0.0073203
0.024854
0.13781
0.1203
0.00091629
0.84671
0.15329
0.37827
0.073932
0.098876
0.44892
1.8423
0.0064619
-0.0003329
0.10415
0.52952
0.24188
-5.7443e+08
-47.8
0.0743
0.9717
129.43
8.5547
-85.525
1.3963
0.00040618
0.036917
0.023483
0.25531
0.13046
0.75397
0.00057496
0.00040904
7.2307e-06
0.096833
0.11727
0.98218
0.0091771
0.080015
0.98651
0.9913
0.0014159
0.0040657
0.98712
0.18226
0.0040777
0.16488
5.4462e-06
7.3042e-06
0.57285
12.989
0.93203
12.994
4.2726
12.989
0.0013601
0.019027
0.0072473
-0.014381
0.13781
0.12029
0.00091642
0.65563
0.34437
0.22389
0.11653
0.12
0.53958
2.0478
0.0057132
-0.0008131
0.10096
0.52562
15.093
-4.4157e+06
-47.8
0.0743
0.9717
129.43
8.5547
-85.525
1.3964
0.00040664
0.036959
0.023507
0.25543
0.13051
0.75411
0.00057556
0.00041014
7.2308e-06
0.096841
0.11727
0.98218
0.0091771
0.080014
0.98651
0.9913
0.0014159
0.0040657
0.98712
0.18226
0.0040777
0.16488
5.4563e-06
7.3183e-06
0.57287
12.987
0.93197
12.993
4.2724
12.987
0.0013638
0.019027
0.0072594
-0.0038768
0.13781
0.12029
0.00091674
0.67932
0.32068
0.2376
0.11201
0.11832
0.53208
2.0249
0.0057821
-0.00076856
0.10123
0.52624
7.4874
-7.2839e+05
-47.8
0.0743
0.9717
129.43
8.5547
-85.525
1.3964
0.00040771
0.037051
0.023513
0.25547
0.13046
0.75414
0.00057576
0.00041617
7.2308e-06
0.096805
0.1172
0.98218
0.0091771
0.080013
0.98651
0.9913
0.0014159
0.0040657
0.98712
0.18226
0.0040777
0.16488
5.4388e-06
7.2955e-06
0.57289
12.986
0.93193
12.992
4.2722
12.986
0.0013832
0.019017
0.0073118
0.026015
0.13781
0.1203
0.00091719
0.79159
0.20841
0.32046
0.088206
0.10731
0.48402
1.9101
0.0061852
-0.00050946
0.10302
0.52839
0.26339
-2.039e+06
-47.8
0.0743
0.9717
129.43
8.5547
-85.525
1.3964
0.00040764
0.037044
0.023502
0.2554
0.13043
0.75409
0.0005755
0.00041659
7.2308e-06
0.096821
0.11723
0.98218
0.0091771
0.080013
0.98651
0.9913
0.0014159
0.0040657
0.98712
0.18225
0.0040777
0.16488
5.433e-06
7.2861e-06
0.57284
12.986
0.93193
12.991
4.2722
12.986
0.0013842
0.019016
0.0073114
0.026404
0.13781
0.1203
0.00091753
0.76979
0.23021
0.30266
0.093499
0.10976
0.49408
1.9347
0.0060934
-0.0005683
0.10281
0.52772
0.27092
-3.3489e+05
-47.8
0.0743
0.9717
129.43
8.5547
-85.525
1.3963
0.0004076
0.03704
0.023488
0.25531
0.13039
0.75404
0.00057513
0.00041764
7.2308e-06
0.096841
0.11725
0.98218
0.0091771
0.080012
0.98651
0.9913
0.0014159
0.0040657
0.98712
0.18225
0.0040777
0.16488
5.4231e-06
7.2705e-06
0.57276
12.986
0.93195
12.992
4.2723
12.986
0.0013877
0.019014
0.0073187
0.026153
0.13781
0.1203
0.00091782
0.78263
0.21737
0.31458
0.090708
0.10808
0.48663
1.9217
0.0061432
-0.00053637
0.10306
0.52762
0.26598
-7.7952e+05
-47.8
0.0743
0.9717
129.43
8.5547
-85.525
1.3963
0.00040792
0.037069
0.02347
0.25524
0.13031
0.75397
0.00057471
0.00042025
7.2308e-06
0.096832
0.11723
0.98218
0.0091771
0.080011
0.98651
0.9913
0.0014159
0.0040657
0.98712
0.18225
0.0040777
0.16488
5.4017e-06
7.2403e-06
0.57271
12.987
0.93197
12.993
4.2724
12.987
0.0013987
0.019004
0.0073514
0.023896
0.13781
0.12031
0.00091811
0.88211
0.11789
0.43063
0.063508
0.090722
0.41514
1.7899
0.0066661
-0.00020295
0.10518
0.53008
0.22074
-3.6317e+10
-47.8
0.0743
0.9717
129.43
8.5547
-85.525
1.3963
0.00040804
0.037079
0.023479
0.25526
0.13033
0.75403
0.00057493
0.00042067
7.2308e-06
0.096867
0.11727
0.98218
0.0091771
0.08001
0.98651
0.9913
0.0014159
0.0040657
0.98712
0.18225
0.0040777
0.16488
5.4078e-06
7.2467e-06
0.57265
12.987
0.93196
12.993
4.2723
12.987
0.0013992
0.019007
0.0073508
0.024424
0.13781
0.12031
0.00091842
0.86192
0.13808
0.40197
0.069939
0.095176
0.43291
1.8217
0.0065356
-0.00028586
0.10475
0.52938
0.23231
-2.4993e+09
-47.8
0.0743
0.9717
129.43
8.5547
-85.525
1.3964
0.00040823
0.037095
0.023505
0.25536
0.13039
0.75418
0.00057558
0.00042022
7.2308e-06
0.096911
0.11733
0.98218
0.0091771
0.080009
0.98651
0.9913
0.0014159
0.0040657
0.98712
0.18225
0.0040777
0.16488
5.4266e-06
7.2707e-06
0.57261
12.986
0.93193
12.992
4.2722
12.986
0.0013964
0.019013
0.0073428
0.025416
0.13781
0.1203
0.00091874
0.81871
0.18129
0.35055
0.082023
0.10287
0.46455
1.8797
0.0062984
-0.00043705
0.10381
0.52831
0.25298
-1.9665e+07
-47.8
0.0743
0.9717
129.43
8.5547
-85.525
1.3966
0.00040862
0.037131
0.023531
0.25551
0.13045
0.75435
0.00057624
0.00042017
7.2308e-06
0.096934
0.11734
0.98218
0.0091771
0.080009
0.98651
0.9913
0.0014159
0.0040657
0.98712
0.18225
0.0040777
0.16488
5.4392e-06
7.2874e-06
0.5726
12.985
0.9319
12.991
4.272
12.985
0.0013987
0.019012
0.0073556
0.024014
0.13781
0.12031
0.00091904
0.87832
0.12168
0.42341
0.064629
0.091823
0.42014
1.796
0.0066275
-0.00022739
0.10485
0.53017
0.22294
-1.9292e+10
-47.8
0.0743
0.9717
129.43
8.5547
-85.525
1.3966
0.00040766
0.037047
0.023534
0.25549
0.13052
0.7544
0.00057628
0.00041436
7.2308e-06
0.097001
0.11744
0.98218
0.0091771
0.080008
0.98651
0.9913
0.0014159
0.0040657
0.98712
0.18225
0.0040777
0.16488
5.4649e-06
7.32e-06
0.57254
12.984
0.93187
12.99
4.2719
12.984
0.0013778
0.019025
0.0072956
0.004221
0.13781
0.12029
0.00091926
0.69643
0.30357
0.2513
0.10967
0.11632
0.5227
2.0086
0.0058178
-0.00074532
0.10207
0.52633
4.3552
-3.365e+05
-47.8
0.0743
0.9717
129.43
8.5547
-85.525
1.3966
0.0004086
0.03713
0.02352
0.25546
0.13042
0.75435
0.00057597
0.00042069
7.2308e-06
0.096938
0.11735
0.98218
0.0091771
0.080007
0.98651
0.9913
0.0014159
0.0040657
0.98712
0.18225
0.0040777
0.16488
5.4322e-06
7.2771e-06
0.57258
12.983
0.93186
12.989
4.2719
12.983
0.001401
0.019007
0.0073614
0.023765
0.13781
0.12031
0.0009196
0.88658
0.11342
0.43735
0.061986
0.089615
0.41105
1.7829
0.0066755
-0.00019687
0.10506
0.5302
0.21768
-5.4485e+10
-47.8
0.0743
0.9717
129.43
8.5547
-85.525
1.3964
0.00040841
0.037112
0.023487
0.2553
0.13033
0.75417
0.00057513
0.00042195
7.2308e-06
0.096901
0.1173
0.98218
0.0091771
0.080006
0.98651
0.9913
0.0014159
0.0040657
0.98712
0.18225
0.0040777
0.16488
5.4093e-06
7.2469e-06
0.57259
12.983
0.93183
12.988
4.2717
12.983
0.0014045
0.018999
0.0073669
0.023913
0.13781
0.12032
0.00091987
0.88031
0.11969
0.42994
0.06427
0.090773
0.41501
1.7935
0.0066327
-0.00022409
0.10514
0.52973
0.22073
-2.2362e+10
-47.8
0.0743
0.9717
129.43
8.5547
-85.525
1.3964
0.0004082
0.037093
0.023466
0.25522
0.13029
0.75408
0.00057461
0.00042204
7.2308e-06
0.096864
0.11726
0.98218
0.0091771
0.080006
0.98651
0.9913
0.0014159
0.0040657
0.98712
0.18225
0.0040777
0.16488
5.397e-06
7.2318e-06
0.57264
12.981
0.93178
12.987
4.2715
12.981
0.0014051
0.018992
0.0073681
0.023571
0.13781
0.12033
0.00092016
0.89197
0.10803
0.4491
0.06035
0.087744
0.40281
1.7743
0.0067075
-0.00017659
0.10539
0.52992
0.21303
-1.096e+11
-47.8
0.0743
0.9717
129.43
8.5547
-85.525
1.3964
0.00040814
0.037088
0.023463
0.25523
0.13029
0.75409
0.00057453
0.0004219
7.2308e-06
0.096822
0.1172
0.98218
0.0091771
0.080005
0.98651
0.9913
0.0014159
0.0040657
0.98712
0.18225
0.0040777
0.16488
5.3956e-06
7.2329e-06
0.57273
12.978
0.93168
12.984
4.271
12.978
0.001404
0.018988
0.0073649
0.023909
0.1378
0.12033
0.00092048
0.88046
0.11954
0.42995
0.064206
0.090741
0.4151
1.7939
0.0066218
-0.00023103
0.10506
0.5296
0.22003
-2.1294e+10
-47.8
0.0743
0.9717
129.43
8.5547
-85.525
1.3964
0.00040806
0.037079
0.023468
0.25528
0.13031
0.75413
0.00057465
0.00042107
7.2308e-06
0.096778
0.11714
0.98218
0.0091771
0.080005
0.98651
0.9913
0.0014159
0.0040657
0.98712
0.18225
0.0040777
0.16488
5.4018e-06
7.245e-06
0.57286
12.974
0.93155
12.98
4.2705
12.974
0.0013996
0.018987
0.0073522
0.025143
0.1378
0.12033
0.00092081
0.83053
0.16947
0.36412
0.07902
0.10072
0.45614
1.8656
0.006325
-0.00042001
0.10393
0.52836
0.24651
-5.4741e+07
-47.8
0.0743
0.9717
129.43
8.5547
-85.525
1.3964
0.00040796
0.037073
0.023469
0.25535
0.13033
0.75418
0.00057467
0.0004199
7.2308e-06
0.096718
0.11706
0.98218
0.0091771
0.080004
0.98651
0.9913
0.0014159
0.0040657
0.98712
0.18225
0.0040777
0.16488
5.4035e-06
7.2516e-06
0.57301
12.969
0.93142
12.975
4.2699
12.97
0.0013973
0.01898
0.0073512
0.024431
0.1378
0.12034
0.00092111
0.86196
0.13804
0.40039
0.069782
0.095267
0.43456
1.8226
0.0064877
-0.00031626
0.10427
0.52934
0.23135
-1.9273e+09
-47.8
0.0743
0.9717
129.43
8.5547
-85.525
1.3963
0.00040645
0.036941
0.023441
0.25524
0.13035
0.75406
0.0005739
0.00041232
7.2308e-06
0.096697
0.11706
0.98218
0.0091771
0.080003
0.98651
0.9913
0.0014159
0.0040657
0.98712
0.18225
0.0040777
0.16488
5.4136e-06
7.2681e-06
0.57311
12.966
0.93131
12.972
4.2693
12.966
0.0013709
0.018984
0.0072777
-0.012067
0.1378
0.12033
0.0009213
0.66847
0.33153
0.2344
0.1154
0.11809
0.53212
2.0359
0.0057013
-0.00082055
0.10157
0.52569
13.704
-2.7931e+06
-47.8
0.0743
0.9717
129.43
8.5547
-85.525
1.3963
0.00040757
0.037039
0.023438
0.25527
0.13027
0.75405
0.00057387
0.00041924
7.2308e-06
0.096589
0.1169
0.98218
0.0091771
0.080003
0.98651
0.9913
0.0014159
0.0040657
0.98712
0.18225
0.0040777
0.16488
5.3853e-06
7.2345e-06
0.57326
12.963
0.93121
12.969
4.2689
12.963
0.0013946
0.018965
0.0073436
0.025133
0.1378
0.12035
0.00092167
0.83182
0.16818
0.36382
0.078455
0.1007
0.45703
1.8638
0.0063119
-0.00042833
0.10365
0.52857
0.24561
-6.3429e+07
-47.8
0.0743
0.9717
129.43
8.5547
-85.525
1.3963
0.00040763
0.037046
0.023425
0.25526
0.13023
0.754
0.00057352
0.00041964
7.2308e-06
0.096528
0.11682
0.98218
0.0091771
0.080002
0.98651
0.9913
0.0014159
0.0040657
0.98712
0.18224
0.0040777
0.16488
5.3714e-06
7.2187e-06
0.57336
12.96
0.93114
12.966
4.2685
12.96
0.0013984
0.018954
0.0073584
0.023707
0.1378
0.12036
0.00092195
0.88889
0.11111
0.43986
0.061127
0.089111
0.4099
1.779
0.0066441
-0.00021686
0.1049
0.53034
0.21437
-7.1952e+10
-47.8
0.0743
0.9717
129.43
8.5547
-85.525
1.3964
0.00040606
0.036908
0.023426
0.25525
0.13034
0.75408
0.0005735
0.0004106
7.2308e-06
0.096594
0.11693
0.98218
0.0091771
0.080002
0.98651
0.9913
0.0014159
0.0040657
0.98712
0.18224
0.0040777
0.16488
5.4082e-06
7.2677e-06
0.57334
12.958
0.93107
12.964
4.2683
12.958
0.0013665
0.018969
0.00727
-0.0092488
0.1378
0.12035
0.00092212
0.67589
0.32411
0.23824
0.11378
0.11753
0.53045
2.0292
0.0057103
-0.00081471
0.10129
0.5258
11.388
-1.6321e+06
-47.8
0.0743
0.9717
129.43
8.5547
-85.525
1.3963
0.00040561
0.036868
0.023413
0.25519
0.13033
0.75404
0.00057314
0.00040896
7.2308e-06
0.096593
0.11693
0.98218
0.0091771
0.080001
0.98651
0.9913
0.0014159
0.0040657
0.98712
0.18224
0.0040777
0.16488
5.4074e-06
7.2668e-06
0.57335
12.957
0.93104
12.963
4.2681
12.957
0.0013607
0.018967
0.0072531
-0.017106
0.1378
0.12035
0.0009224
0.64822
0.35178
0.22222
0.11911
0.11939
0.53928
2.0557
0.0056269
-0.00086874
0.10087
0.5252
21.348
-1.5112e+07
-47.8
0.0743
0.9717
129.43
8.5547
-85.525
1.3963
0.00040698
0.036987
0.023401
0.25513
0.1302
0.75398
0.0005729
0.00041845
7.2309e-06
0.096521
0.11683
0.98218
0.0091771
0.080001
0.98651
0.9913
0.0014159
0.0040657
0.98712
0.18224
0.0040777
0.16488
5.3678e-06
7.2142e-06
0.57337
12.957
0.93104
12.963
4.2681
12.957
0.0013925
0.018948
0.0073369
0.025135
0.1378
0.12037
0.00092283
0.83136
0.16864
0.36345
0.078602
0.10068
0.45726
1.8663
0.0062934
-0.00044014
0.10341
0.52807
0.24546
-4.9822e+07
-47.8
0.0743
0.9717
129.43
8.5547
-85.525
1.396
0.00040698
0.036986
0.023352
0.25491
0.13006
0.75369
0.00057168
0.00042115
7.2309e-06
0.096461
0.11675
0.98218
0.0091771
0.08
0.98651
0.9913
0.0014159
0.0040657
0.98712
0.18224
0.0040777
0.16488
5.3274e-06
7.16e-06
0.57337
12.957
0.93105
12.963
4.2681
12.957
0.0014031
0.018931
0.0073649
0.023191
0.1378
0.12039
0.00092318
0.90419
0.095807
0.47027
0.055925
0.084287
0.38952
1.753
0.0067474
-0.00015136
0.10544
0.53003
0.20223
-6.081e+11
-47.8
0.0743
0.9717
129.43
8.5547
-85.525
1.396
0.00040691
0.036978
0.023348
0.25488
0.13005
0.75368
0.00057158
0.00042152
7.2309e-06
0.096461
0.11675
0.98218
0.0091771
0.08
0.98651
0.9913
0.0014159
0.0040657
0.98712
0.18224
0.0040777
0.16488
5.3269e-06
7.1594e-06
0.57337
12.956
0.93101
12.962
4.268
12.956
0.0014026
0.01893
0.0073603
0.024029
0.1378
0.12039
0.00092356
0.87549
0.12451
0.42303
0.06589
0.091701
0.41938
1.8036
0.0065461
-0.00027918
0.10476
0.52895
0.22155
-8.9239e+09
-47.8
0.0743
0.9717
129.43
8.5547
-85.525
1.3961
0.00040697
0.036983
0.023368
0.25498
0.13011
0.75381
0.00057209
0.00042071
7.2309e-06
0.096471
0.11676
0.98218
0.0091771
0.08
0.98651
0.9913
0.0014159
0.0040657
0.98712
0.18224
0.0040777
0.16488
5.3432e-06
7.1823e-06
0.57341
12.954
0.93094
12.96
4.2676
12.954
0.0013987
0.018933
0.0073494
0.024917
0.1378
0.12038
0.00092397
0.84005
0.15995
0.37527
0.076448
0.09891
0.44937
1.8552
0.006336
-0.00041297
0.10384
0.52805
0.24065
-1.1936e+08
-47.8
0.0743
0.9717
129.43
8.5547
-85.525
1.3962
0.00040683
0.036972
0.023377
0.25505
0.13015
0.75386
0.00057231
0.00041864
7.2309e-06
0.096467
0.11675
0.98218
0.0091771
0.079999
0.98651
0.9913
0.0014159
0.0040657
0.98712
0.18224
0.0040777
0.16488
5.3541e-06
7.1984e-06
0.57346
12.952
0.93086
12.957
4.2673
12.952
0.0013922
0.018935
0.0073333
0.026029
0.1378
0.12038
0.00092435
0.78638
0.21362
0.32064
0.090455
0.1067
0.48221
1.9193
0.0060853
-0.00057329
0.10313
0.52717
0.26106
-6.7317e+05
-47.8
0.0743
0.9717
129.43
8.5547
-85.525
1.3962
0.00040741
0.037024
0.023384
0.25512
0.13014
0.75389
0.0005725
0.00042106
7.2309e-06
0.096425
0.11668
0.98218
0.0091771
0.079999
0.98651
0.9913
0.0014159
0.0040657
0.98712
0.18224
0.0040777
0.16488
5.3465e-06
7.1902e-06
0.57353
12.95
0.9308
12.955
4.267
12.95
0.0014016
0.018925
0.0073628
0.02409
0.1378
0.12039
0.00092472
0.87429
0.12571
0.419
0.066092
0.092297
0.42261
1.8042
0.00653
-0.00028937
0.10457
0.52947
0.22225
-7.967e+09
-47.8
0.0743
0.9717
129.43
8.5547
-85.525
1.3963
0.00040701
0.03699
0.023398
0.25518
0.1302
0.75399
0.00057282
0.0004179
7.2309e-06
0.096462
0.11674
0.98218
0.0091771
0.079998
0.98651
0.9913
0.0014159
0.0040657
0.98712
0.18224
0.0040777
0.16488
5.3671e-06
7.2176e-06
0.57351
12.948
0.93076
12.954
4.2668
12.948
0.0013904
0.018932
0.0073319
0.02609
0.1378
0.12039
0.00092499
0.78359
0.21641
0.3175
0.091014
0.10712
0.48436
1.9216
0.006071
-0.00058247
0.10299
0.52741
0.26132
-5.5589e+05
-47.8
0.0743
0.9717
129.43
8.5547
-85.525
1.3963
0.00040667
0.03696
0.023393
0.25514
0.13021
0.754
0.00057269
0.00041642
7.2309e-06
0.096486
0.11677
0.98218
0.0091772
0.079998
0.98651
0.9913
0.0014159
0.0040657
0.98712
0.18224
0.0040777
0.16488
5.3712e-06
7.2219e-06
0.57348
12.948
0.93077
12.954
4.2668
12.949
0.0013852
0.018934
0.0073171
0.026712
0.13779
0.12039
0.00092517
0.74841
0.25159
0.28906
0.099222
0.11094
0.50078
1.959
0.0059359
-0.00066922
0.10258
0.52674
0.27208
-1.1227e+05
-47.8
0.0743
0.9717
129.43
8.5547
-85.525
1.3962
0.00040715
0.037001
0.023363
0.255
0.13009
0.75385
0.00057196
0.00042134
7.2309e-06
0.096438
0.11671
0.98218
0.0091772
0.079998
0.98651
0.9913
0.0014159
0.0040657
0.98712
0.18224
0.0040777
0.16488
5.3356e-06
7.1736e-06
0.57346
12.949
0.9308
12.955
4.267
12.95
0.001403
0.018918
0.0073651
0.023802
0.13779
0.1204
0.00092531
0.884
0.116
0.43505
0.063009
0.089814
0.41213
1.7898
0.0065913
-0.0002504
0.10476
0.52931
0.21568
-2.5736e+10
-47.8
0.0743
0.9717
129.43
8.5547
-85.525
1.396
0.00040697
0.036984
0.023336
0.25487
0.13002
0.75371
0.00057127
0.00042207
7.2309e-06
0.096428
0.1167
0.98218
0.0091772
0.079998
0.98651
0.9913
0.0014159
0.0040657
0.98712
0.18224
0.0040777
0.16488
5.3176e-06
7.1483e-06
0.57342
12.95
0.93083
12.956
4.2671
12.95
0.0014059
0.018912
0.0073713
0.023167
0.13779
0.12041
0.0009254
0.90433
0.095666
0.47174
0.055941
0.08404
0.38828
1.7538
0.0067387
-0.00015683
0.10539
0.5297
0.202
-5.1936e+11
-47.8
0.0743
0.9717
129.43
8.5547
-85.525
1.3961
0.00040696
0.036982
0.023344
0.25489
0.13004
0.75377
0.0005715
0.0004221
7.2309e-06
0.096451
0.11673
0.98218
0.0091772
0.079997
0.98651
0.9913
0.0014159
0.0040657
0.98712
0.18224
0.0040777
0.16488
5.326e-06
7.159e-06
0.5734
12.95
0.93082
12.956
4.2671
12.95
0.0014041
0.018917
0.0073635
0.024206
0.13779
0.1204
0.00092553
0.86839
0.13161
0.41331
0.068203
0.093165
0.42532
1.8156
0.0064922
-0.00031345
0.10451
0.5285
0.22556
-3.0092e+09
-47.8
0.0743
0.9717
129.43
8.5547
-85.525
1.3962
0.00040709
0.036994
0.023358
0.25496
0.13008
0.75385
0.00057185
0.00042189
7.2309e-06
0.096456
0.11673
0.98218
0.0091772
0.079997
0.98651
0.9913
0.0014159
0.0040657
0.98712
0.18224
0.0040777
0.16488
5.3349e-06
7.1715e-06
0.57342
12.949
0.93078
12.955
4.2669
12.949
0.0014031
0.018919
0.0073615
0.024351
0.13779
0.1204
0.00092567
0.86316
0.13684
0.40526
0.069752
0.094387
0.43061
1.8231
0.0064589
-0.0003346
0.10434
0.52851
0.22857
-1.5949e+09
-47.8
0.0743
0.9717
129.43
8.5547
-85.525
1.3962
0.00040698
0.036985
0.023365
0.25499
0.1301
0.7539
0.000572
0.00042079
7.2309e-06
0.096456
0.11673
0.98218
0.0091772
0.079997
0.98651
0.9913
0.0014159
0.0040657
0.98712
0.18224
0.0040777
0.16488
5.3424e-06
7.1824e-06
0.57345
12.948
0.93074
12.954
4.2667
12.948
0.0013995
0.01892
0.0073518
0.024977
0.13779
0.1204
0.00092579
0.83718
0.16282
0.37225
0.0773
0.099312
0.45114
1.8595
0.0063125
-0.00042791
0.10376
0.52788
0.24151
-7.7996e+07
-47.8
0.0743
0.9717
129.43
8.5547
-85.525
1.3961
0.00040664
0.036955
0.023348
0.25492
0.13008
0.75383
0.00057156
0.00041975
7.2309e-06
0.096431
0.1167
0.98218
0.0091772
0.079997
0.98651
0.9913
0.0014159
0.0040657
0.98712
0.18224
0.0040777
0.16488
5.3357e-06
7.1746e-06
0.57349
12.947
0.93071
12.953
4.2666
12.947
0.0013963
0.018917
0.0073429
0.025465
0.13779
0.1204
0.00092586
0.81426
0.18574
0.34787
0.083554
0.10283
0.46574
1.8885
0.0061997
-0.00050005
0.10345
0.52728
0.25054
-7.2124e+06
-47.8
0.0743
0.9717
129.43
8.5547
-85.525
1.396
0.00040666
0.036959
0.023317
0.25483
0.12999
0.75367
0.00057079
0.00042122
7.2309e-06
0.096355
0.11661
0.98218
0.0091772
0.079996
0.98651
0.9913
0.0014159
0.0040657
0.98712
0.18224
0.0040777
0.16488
5.3082e-06
7.1399e-06
0.57357
12.946
0.93068
12.951
4.2664
12.946
0.0014036
0.018902
0.0073668
0.022998
0.13779
0.12042
0.00092592
0.90982
0.090183
0.4812
0.053804
0.082519
0.38248
1.743
0.0067743
-0.00013431
0.10543
0.52994
0.19738
-1.2922e+12
-47.8
0.0743
0.9717
129.43
8.5547
-85.525
1.3961
0.0004065
0.036944
0.023323
0.25486
0.13001
0.75374
0.00057092
0.00042038
7.2309e-06
0.096339
0.11659
0.98218
0.0091772
0.079996
0.98651
0.9913
0.0014159
0.0040657
0.98712
0.18224
0.0040777
0.16488
5.3158e-06
7.1522e-06
0.57364
12.944
0.93062
12.95
4.2662
12.944
0.0013996
0.018903
0.0073551
0.024037
0.13779
0.12042
0.00092599
0.87556
0.12444
0.42181
0.065753
0.091849
0.42059
1.8044
0.0065284
-0.00029042
0.10445
0.52884
0.22142
-7.9165e+09
-47.8
0.0743
0.9717
129.43
8.5547
-85.525
1.3961
0.00040553
0.036859
0.023321
0.25486
0.13008
0.75377
0.00057085
0.00041443
7.2309e-06
0.096348
0.11661
0.98218
0.0091772
0.079996
0.98651
0.9913
0.0014159
0.0040657
0.98712
0.18224
0.0040777
0.16488
5.3361e-06
7.1812e-06
0.57369
12.941
0.93054
12.947
4.2658
12.941
0.0013789
0.018911
0.0072984
0.019105
0.13779
0.12041
0.00092602
0.71749
0.28251
0.26688
0.10598
0.11376
0.51338
1.9912
0.0058216
-0.00074288
0.10213
0.52583
0.76738
-1.5828e+05
-47.8
0.0743
0.9717
129.43
8.5547
-85.525
1.3961
0.00040619
0.036921
0.023315
0.25491
0.13002
0.75375
0.00057068
0.00041783
7.2309e-06
0.096248
0.11647
0.98218
0.0091772
0.079996
0.98651
0.9913
0.0014159
0.0040657
0.98712
0.18224
0.0040777
0.16488
5.3128e-06
7.1541e-06
0.57384
12.939
0.93047
12.945
4.2655
12.939
0.0013946
0.018891
0.0073502
0.022721
0.13779
0.12043
0.00092613
0.91919
0.080807
0.49565
0.04986
0.080179
0.37431
1.724
0.006835
-9.5848e-05
0.10514
0.53049
0.19045
-6.444e+12
-47.8
0.0743
0.9717
129.43
8.5547
-85.525
1.396
0.00040487
0.036803
0.023309
0.25487
0.13009
0.75371
0.0005705
0.00041063
7.2309e-06
0.096273
0.11652
0.98218
0.0091772
0.079996
0.98651
0.9913
0.0014159
0.0040657
0.98712
0.18224
0.0040777
0.16488
5.3386e-06
7.1902e-06
0.57388
12.937
0.93039
12.942
4.2651
12.937
0.0013666
0.018907
0.0072679
-0.012542
0.13779
0.12041
0.00092614
0.66911
0.33089
0.23507
0.11548
0.11767
0.53178
2.037
0.0056682
-0.000842
0.10128
0.52526
14.658
-3.2913e+06
-47.8
0.0743
0.9717
129.43
8.5547
-85.525
1.3961
0.00040557
0.036864
0.023328
0.25498
0.13011
0.7538
0.000571
0.00041374
7.2309e-06
0.096244
0.11647
0.98218
0.0091772
0.079996
0.98651
0.9913
0.0014159
0.0040657
0.98712
0.18224
0.0040777
0.16488
5.3389e-06
7.1925e-06
0.57395
12.935
0.93035
12.941
4.2649
12.935
0.0013769
0.018903
0.0072969
0.026853
0.13779
0.12042
0.00092632
0.74113
0.25887
0.28199
0.10048
0.11182
0.5057
1.9672
0.0058964
-0.00069464
0.10204
0.52653
0.27315
-1.0737e+05
-47.8
0.0743
0.9717
129.43
8.5547
-85.525
1.396
0.00040604
0.036904
0.023307
0.25489
0.13001
0.75365
0.00057051
0.00041803
7.2309e-06
0.096186
0.11639
0.98218
0.0091772
0.079996
0.98651
0.9913
0.0014159
0.0040657
0.98712
0.18224
0.0040777
0.16488
5.3118e-06
7.1571e-06
0.57399
12.935
0.93034
12.941
4.2649
12.935
0.0013909
0.018892
0.007332
0.025427
0.13779
0.12043
0.00092641
0.81768
0.18232
0.34884
0.0823
0.10268
0.46618
1.8835
0.0062055
-0.0004964
0.1032
0.52776
0.24914
-1.2083e+07
-47.8
0.0743
0.9717
129.43
8.5547
-85.525
1.3958
0.00040559
0.036862
0.023275
0.25471
0.12995
0.75348
0.00056969
0.00041782
7.2309e-06
0.096177
0.11639
0.98218
0.0091772
0.079996
0.98651
0.9913
0.0014159
0.0040657
0.98712
0.18224
0.0040777
0.16488
5.2954e-06
7.1341e-06
0.57396
12.936
0.93037
12.942
4.265
12.936
0.0013897
0.01889
0.0073246
0.025927
0.13779
0.12043
0.0009264
0.7918
0.2082
0.32516
0.089081
0.10601
0.47976
1.9147
0.006092
-0.00056911
0.103
0.52688
0.25853
-1.0107e+06
-47.8
0.0743
0.9717
129.43
8.5547
-85.525
1.3958
0.0004057
0.036872
0.023254
0.25462
0.12987
0.75338
0.00056917
0.00042009
7.2309e-06
0.096157
0.11637
0.98218
0.0091772
0.079996
0.98651
0.9913
0.0014159
0.0040657
0.98712
0.18224
0.0040777
0.16488
5.2754e-06
7.1064e-06
0.57393
12.937
0.93041
12.943
4.2652
12.937
0.0013981
0.018881
0.0073484
0.023907
0.13779
0.12044
0.00092637
0.88042
0.11958
0.42907
0.064172
0.090714
0.41604
1.797
0.0065547
-0.00027383
0.1046
0.52885
0.21788
-1.6021e+10
-47.8
0.0743
0.9717
129.43
8.5547
-85.525
1.3958
0.00040547
0.036851
0.023254
0.25458
0.12988
0.7534
0.00056916
0.0004194
7.2309e-06
0.096184
0.11641
0.98218
0.0091772
0.079996
0.98651
0.9913
0.0014159
0.0040657
0.98712
0.18224
0.0040777
0.16488
5.281e-06
7.1127e-06
0.57389
12.938
0.93043
12.944
4.2653
12.938
0.0013942
0.018886
0.0073338
0.025187
0.13779
0.12043
0.00092635
0.82761
0.17239
0.3614
0.07992
0.10087
0.45781
1.8734
0.0062546
-0.00046504
0.10348
0.52718
0.2456
-2.8223e+07
