-85.745
1.3917
0.00036785
0.033541
0.021963
0.24636
0.12813
0.74871
0.00053564
0.00032687
6.971e-06
0.09803
0.11997
0.982
0.009023
0.080981
0.98716
0.99163
0.0013649
0.0040069
0.98703
0.18297
0.0040215
0.16611
5.0596e-06
6.6723e-06
0.56872
13.063
0.93432
13.066
4.2832
13.063
0.001095
0.018986
0.0062774
0.018769
0.13782
0.1203
0.00091158
0.98266
0.017344
0.67649
0.015521
0.051417
0.25657
1.7445
0.0069394
-3.8855e-05
0.084013
0.4557
0.13682
-42419
-47.8
0.0743
0.9717
129.43
8.5547
-85.745
1.3921
0.00036905
0.033645
0.022001
0.24656
0.12817
0.74908
0.00053664
0.00033271
6.971e-06
0.098003
0.11991
0.982
0.009023
0.08098
0.98716
0.99163
0.0013649
0.0040069
0.98703
0.18297
0.0040215
0.16611
5.0645e-06
6.6808e-06
0.5688
13.06
0.93424
13.064
4.2829
13.06
0.0011122
0.018987
0.0063314
0.021691
0.13782
0.1203
0.00091174
0.94886
0.051135
0.50108
0.033557
0.080819
0.38454
1.9472
0.0070639
4.0892e-05
0.08268
0.44979
0.25225
-54827
-47.8
0.0743
0.9717
129.43
8.5547
-85.745
1.3917
0.00036754
0.033514
0.021942
0.24628
0.12809
0.74864
0.0005351
0.00032638
6.971e-06
0.097988
0.11992
0.982
0.009023
0.080979
0.98716
0.99163
0.0013649
0.0040069
0.98703
0.18297
0.0040215
0.16611
5.049e-06
6.6604e-06
0.5688
13.059
0.93422
13.063
4.2827
13.06
0.0010935
0.01898
0.0062722
0.018691
0.13782
0.12031
0.00091169
0.9833
0.016696
0.68141
0.015065
0.050605
0.25292
1.7386
0.0069307
-4.4395e-05
0.083992
0.45574
0.13387
-42083
-47.8
0.0743
0.9717
129.43
8.5547
-85.745
1.3916
0.00036733
0.033495
0.021926
0.24622
0.12805
0.7486
0.00053471
0.00032628
6.971e-06
0.097943
0.11986
0.982
0.009023
0.080978
0.98716
0.99163
0.0013649
0.0040069
0.98703
0.18297
0.0040215
0.16611
5.0402e-06
6.6511e-06
0.56888
13.057
0.93414
13.061
4.2824
13.057
0.0010932
0.018975
0.0062713
0.018796
0.13782
0.12031
0.00091182
0.98241
0.017586
0.67413
0.015685
0.051812
0.25838
1.7486
0.0069395
-3.8804e-05
0.083835
0.45521
0.13836
-42636
-47.8
0.0743
0.9717
129.43
8.5547
-85.745
1.3918
0.00036805
0.033556
0.021933
0.24629
0.12803
0.74875
0.00053492
0.00033093
6.971e-06
0.097849
0.11972
0.982
0.009023
0.080977
0.98716
0.99163
0.0013649
0.0040069
0.98703
0.18297
0.0040215
0.16611
5.0291e-06
6.6413e-06
0.56907
13.053
0.93401
13.056
4.2818
13.053
0.0011068
0.018968
0.0063137
0.020718
0.13782
0.12032
0.0009121
0.96225
0.037747
0.55416
0.027404
0.071889
0.34655
1.8975
0.0070574
3.6539e-05
0.082305
0.44894
0.21774
-51506
-47.8
0.0743
0.9717
129.43
8.5547
-85.745
1.3912
0.00036687
0.033451
0.021849
0.24595
0.12786
0.74811
0.00053279
0.00032801
6.971e-06
0.097702
0.11954
0.982
0.009023
0.080977
0.98716
0.99163
0.001365
0.0040069
0.98703
0.18297
0.0040215
0.16611
4.9857e-06
6.5895e-06
0.56927
13.048
0.93386
13.051
4.2811
13.048
0.0010975
0.01895
0.00628
0.018883
0.13782
0.12034
0.00091234
0.98143
0.01857
0.66979
0.016371
0.052543
0.2613
1.7576
0.0069351
-4.1586e-05
0.084037
0.45482
0.14096
-43083
-47.8
0.0743
0.9717
129.43
8.5547
-85.745
1.3912
0.00036775
0.033525
0.021839
0.24597
0.12778
0.7481
0.00053258
0.00033479
6.971e-06
0.097536
0.11929
0.982
0.009023
0.080976
0.98716
0.99163
0.001365
0.0040069
0.98703
0.18297
0.0040215
0.16611
4.9568e-06
6.5591e-06
0.56956
13.041
0.93366
13.045
4.2802
13.042
0.0011167
0.018937
0.0063366
0.022427
0.13781
0.12035
0.00091279
0.93614
0.063864
0.46343
0.038666
0.087244
0.41066
1.9901
0.0070297
1.9247e-05
0.082964
0.44906
0.27738
-57534
-47.8
0.0743
0.9717
129.43
8.5547
-85.745
1.3911
0.00036763
0.033513
0.02181
0.24587
0.1277
0.74793
0.00053187
0.0003357
6.971e-06
0.097435
0.11915
0.982
0.009023
0.080975
0.98716
0.99163
0.001365
0.0040069
0.98703
0.18297
0.0040215
0.16611
4.9352e-06
6.535e-06
0.56973
13.037
0.93353
13.041
4.2796
13.037
0.001119
0.018926
0.0063423
0.022418
0.13781
0.12036
0.00091307
0.93597
0.064027
0.46446
0.038785
0.087072
0.40968
1.9901
0.0070244
1.5829e-05
0.083122
0.4491
0.27639
-57506
-47.8
0.0743
0.9717
129.43
8.5547
-85.745
1.391
0.00036709
0.033466
0.021793
0.24579
0.12768
0.7479
0.00053141
0.00033384
6.971e-06
0.09742
0.11915
0.982
0.009023
0.080974
0.98716
0.99163
0.001365
0.0040069
0.98703
0.18297
0.0040215
0.16611
4.9324e-06
6.532e-06
0.56976
13.036
0.93349
13.04
4.2794
13.036
0.0011138
0.018921
0.0063271
0.021818
0.13781
0.12037
0.00091321
0.94615
0.053853
0.49523
0.034767
0.081853
0.38815
1.9608
0.0070385
2.4695e-05
0.082762
0.44857
0.25637
-55560
-47.8
0.0743
0.9717
129.43
8.5547
-85.745
1.3908
0.00036579
0.033354
0.02175
0.24557
0.12763
0.74762
0.00053028
0.00032811
6.971e-06
0.097421
0.11918
0.982
0.009023
0.080973
0.98716
0.99163
0.001365
0.0040069
0.98703
0.18297
0.0040215
0.16611
4.9252e-06
6.522e-06
0.56974
13.035
0.93347
13.039
4.2793
13.036
0.0010972
0.018914
0.0062754
0.019052
0.13781
0.12037
0.00091328
0.97977
0.020233
0.65853
0.017484
0.054427
0.26956
1.7759
0.006939
-3.9103e-05
0.083768
0.45345
0.14816
-44071
-47.8
0.0743
0.9717
129.43
8.5547
-85.745
1.391
0.00036662
0.033426
0.021772
0.2457
0.12765
0.74788
0.00053087
0.00033255
6.971e-06
0.097373
0.1191
0.982
0.009023
0.080972
0.98716
0.99163
0.001365
0.0040069
0.98703
0.18296
0.0040215
0.16611
4.9247e-06
6.5243e-06
0.56985
13.032
0.93338
13.036
4.2789
13.033
0.0011103
0.018911
0.006317
0.021429
0.13781
0.12038
0.00091361
0.95212
0.047877
0.51564
0.032196
0.078404
0.37376
1.9413
0.0070404
2.5839e-05
0.08252
0.44822
0.24298
-54266
-47.8
0.0743
0.9717
129.43
8.5547
-85.745
1.3908
0.00036643
0.033408
0.021744
0.2456
0.12758
0.74767
0.00053018
0.00033258
6.971e-06
0.097294
0.11899
0.982
0.009023
0.080972
0.98716
0.99163
0.001365
0.0040069
0.98703
0.18296
0.0040215
0.16611
4.9063e-06
6.5033e-06
0.56998
13.029
0.93327
13.032
4.2784
13.029
0.0011101
0.018903
0.0063152
0.020617
0.13781
0.12039
0.00091391
0.96278
0.037224
0.56142
0.027212
0.070702
0.34067
1.8975
0.0070302
1.9167e-05
0.082537
0.44806
0.2129
-51348
-47.8
0.0743
0.9717
129.43
8.5547
-85.745
1.3907
0.00036662
0.033423
0.021722
0.24554
0.1275
0.74752
0.00052963
0.00033552
6.971e-06
0.097194
0.11885
0.982
0.009023
0.080971
0.98716
0.99163
0.001365
0.0040069
0.98703
0.18296
0.0040215
0.16611
4.8836e-06
6.4773e-06
0.57013
13.025
0.93314
13.028
4.2778
13.025
0.0011179
0.018892
0.0063352
0.02332
0.13781
0.1204
0.00091431
0.91888
0.081118
0.41854
0.044519
0.09495
0.44199
2.0384
0.0069831
-1.0209e-05
0.083031
0.44841
0.30768
-60614
-47.8
0.0743
0.9717
129.43
8.5547
-85.745
1.3907
0.00036644
0.033407
0.021719
0.24553
0.12751
0.74752
0.00052955
0.00033419
6.971e-06
0.097198
0.11885
0.982
0.009023
0.08097
0.98716
0.99163
0.001365
0.0040069
0.98703
0.18296
0.0040215
0.16611
4.8857e-06
6.4802e-06
0.57014
13.024
0.93311
13.027
4.2776
13.024
0.0011144
0.018892
0.0063263
0.021356
0.13781
0.1204
0.00091451
0.95272
0.047277
0.52077
0.032003
0.077548
0.36968
1.9383
0.0070344
2.1951e-05
0.082794
0.44824
0.23944
-54020
-47.8
0.0743
0.9717
129.43
8.5547
-85.745
1.3908
0.00036664
0.033426
0.021735
0.2456
0.12754
0.74768
0.00052995
0.00033462
6.971e-06
0.097229
0.11889
0.982
0.009023
0.080969
0.98716
0.99163
0.001365
0.0040069
0.98703
0.18296
0.0040215
0.16611
4.8948e-06
6.4912e-06
0.5701
13.023
0.9331
13.027
4.2776
13.024
0.0011158
0.018893
0.0063314
0.022269
0.13781
0.1204
0.00091472
0.93859
0.061412
0.47173
0.037773
0.08585
0.40465
1.9849
0.0070224
1.4548e-05
0.082894
0.44852
0.27177
-57136
-47.8
0.0743
0.9717
129.43
8.5547
-85.745
1.3909
0.00036634
0.033401
0.021747
0.24563
0.1276
0.74779
0.00053023
0.00033162
6.971e-06
0.097311
0.119
0.982
0.009023
0.080969
0.98716
0.99163
0.001365
0.0040069
0.98703
0.18296
0.0040215
0.16611
4.9121e-06
6.5108e-06
0.56997
13.024
0.93314
13.028
4.2778
13.025
0.0011076
0.018898
0.0063091
0.020335
0.13781
0.12039
0.00091481
0.96625
0.033751
0.57818
0.025432
0.06787
0.32852
1.8765
0.0070218
1.3742e-05
0.082754
0.44913
0.20125
-50063
-47.8
0.0743
0.9717
129.43
8.5547
-85.745
1.3911
0.00036651
0.033417
0.021767
0.24571
0.12765
0.74795
0.00053072
0.00033138
6.971e-06
0.097369
0.11908
0.982
0.009023
0.080968
0.98716
0.99163
0.001365
0.0040069
0.98703
0.18296
0.0040215
0.16611
4.9255e-06
6.5262e-06
0.56989
13.025
0.93316
13.029
4.2779
13.025
0.0011071
0.018902
0.0063088
0.020253
0.13781
0.12039
0.00091498
0.96727
0.032729
0.58305
0.024889
0.067044
0.32502
1.8694
0.0070207
1.3051e-05
0.082839
0.44962
0.19783
-49650
-47.8
0.0743
0.9717
129.43
8.5547
-85.745
1.3913
0.00036697
0.033457
0.021791
0.24581
0.12769
0.74819
0.00053136
0.00033339
6.971e-06
0.097412
0.11913
0.982
0.009023
0.080967
0.98716
0.99163
0.001365
0.0040069
0.98703
0.18296
0.0040215
0.16611
4.9365e-06
6.5392e-06
0.56982
13.025
0.93316
13.029
4.2779
13.026
0.0011129
0.018905
0.0063261
0.022448
0.13781
0.12038
0.00091521
0.93605
0.063947
0.46154
0.038623
0.087571
0.41227
1.9921
0.007027
1.7577e-05
0.082704
0.44872
0.27878
-57684
-47.8
0.0743
0.9717
129.43
8.5547
-85.745
1.3911
0.00036553
0.033333
0.021764
0.24564
0.12769
0.748
0.00053059
0.00032576
6.971e-06
0.097502
0.11928
0.982
0.009023
0.080967
0.98716
0.99163
0.001365
0.0040069
0.98703
0.18296
0.0040215
0.16611
4.946e-06
6.5473e-06
0.56966
13.028
0.93323
13.031
4.2782
13.028
0.0010909
0.018907
0.0062593
0.018783
0.13781
0.12038
0.00091521
0.98235
0.017648
0.67451
0.015722
0.051767
0.258
1.7529
0.0069281
-4.5997e-05
0.083626
0.45414
0.13849
-42819
-47.8
0.0743
0.9717
129.43
8.5547
-85.745
1.3913
0.00036548
0.03333
0.021777
0.24568
0.12774
0.74817
0.00053092
0.00032504
6.971e-06
0.097544
0.11934
0.982
0.009023
0.080966
0.98716
0.99163
0.001365
0.0040069
0.98703
0.18296
0.0040215
0.16611
4.9582e-06
6.5621e-06
0.5696
13.028
0.93324
13.032
4.2782
13.028
0.0010892
0.018908
0.0062559
0.018974
0.13781
0.12038
0.00091541
0.9808
0.0192
0.66092
0.016771
0.054019
0.26829
1.7698
0.0069514
-3.1203e-05
0.083245
0.45328
0.14713
-43794
-47.8
0.0743
0.9717
129.43
8.5547
-85.745
1.3913
0.00036571
0.03335
0.021775
0.2457
0.12772
0.74817
0.00053088
0.00032634
6.971e-06
0.097498
0.11927
0.982
0.009023
0.080965
0.98716
0.99163
0.001365
0.0040069
0.98703
0.18296
0.0040215
0.16611
4.9515e-06
6.5554e-06
0.56969
13.025
0.93315
13.029
4.2779
13.025
0.001093
0.018903
0.0062676
0.019148
0.13781
0.12039
0.00091574
0.97914
0.020857
0.65038
0.017872
0.055772
0.27598
1.7834
0.0069638
-2.3304e-05
0.083306
0.45302
0.15363
-44573
-47.8
0.0743
0.9717
129.43
8.5547
-85.745
1.3912
0.0003663
0.0334
0.021767
0.24572
0.12766
0.74811
0.00053072
0.00033014
6.971e-06
0.097386
0.1191
0.982
0.009023
0.080965
0.98716
0.99163
0.001365
0.0040069
0.98703
0.18296
0.0040215
0.16611
4.9321e-06
6.535e-06
0.56988
13.02
0.933
13.024
4.2772
13.021
0.0011038
0.018895
0.0062999
0.02007
0.13781
0.12039
0.00091619
0.96951
0.030486
0.59358
0.023653
0.06527
0.3175
1.8557
0.007022
1.388e-05
0.082839
0.45013
0.19099
-48841
-47.8
0.0743
0.9717
129.43
8.5547
-85.745
1.3911
0.00036686
0.033446
0.02175
0.2457
0.12758
0.748
0.00053034
0.00033471
6.971e-06
0.097255
0.11891
0.982
0.009023
0.080964
0.98716
0.99163
0.001365
0.0040069
0.98703
0.18296
0.0040215
0.16611
4.9063e-06
6.5065e-06
0.5701
13.015
0.93284
13.019
4.2764
13.015
0.0011164
0.018883
0.0063352
0.022485
0.13781
0.12041
0.00091668
0.935
0.064998
0.46045
0.039088
0.08776
0.4127
1.9941
0.0070271
1.7619e-05
0.082943
0.44888
0.27945
-57793
-47.8
0.0743
0.9717
129.43
8.5547
-85.745
1.391
0.00036642
0.033407
0.02173
0.2456
0.12755
0.74791
0.00052982
0.00033365
6.971e-06
0.097224
0.11888
0.982
0.009023
0.080964
0.98716
0.99163
0.001365
0.0040069
0.98703
0.18296
0.0040215
0.16611
4.899e-06
6.4981e-06
0.57015
13.013
0.93279
13.017
4.2762
13.014
0.0011133
0.018877
0.0063251
0.022287
0.13781
0.12041
0.00091693
0.93859
0.061406
0.4702
0.037712
0.086108
0.40598
1.9855
0.0070355
2.2936e-05
0.082723
0.44845
0.27347
-57217
-47.8
0.0743
0.9717
129.43
8.5547
-85.745
1.3908
0.00036482
0.033269
0.021686
0.24537
0.12751
0.74761
0.00052863
0.00032602
6.971e-06
0.097258
0.11896
0.982
0.009023
0.080963
0.98716
0.99163
0.001365
0.0040069
0.98703
0.18296
0.0040216
0.16611
4.8971e-06
6.4937e-06
0.57008
13.014
0.93281
13.018
4.2763
13.014
0.0010912
0.018873
0.0062572
0.018671
0.13781
0.12042
0.00091698
0.98316
0.016841
0.68248
0.015161
0.05046
0.2519
1.7452
0.0069186
-5.2041e-05
0.083762
0.45416
0.13384
-42346
-47.8
0.0743
0.9717
129.43
8.5547
-85.745
1.3911
0.00036567
0.033344
0.021726
0.24556
0.12758
0.74799
0.00052966
0.00032918
6.971e-06
0.097269
0.11896
0.982
0.009023
0.080963
0.98716
0.99163
0.001365
0.0040069
0.98703
0.18296
0.0040216
0.16611
4.9112e-06
6.5129e-06
0.5701
13.013
0.93278
13.017
4.2761
13.013
0.001101
0.018874
0.0062909
0.020077
0.13781
0.12041
0.00091724
0.96949
0.030513
0.59243
0.023648
0.065472
0.31845
1.8585
0.0070267
1.6853e-05
0.082592
0.44955
0.19221
-48995
-47.8
0.0743
0.9717
129.43
8.5547
-85.745
1.3912
0.00036618
0.033388
0.021735
0.24563
0.12758
0.74806
0.00052991
0.00033147
6.971e-06
0.097231
0.11889
0.982
0.009023
0.080962
0.98716
0.99163
0.001365
0.0040069
0.98703
0.18295
0.0040216
0.16611
4.9076e-06
6.5102e-06
0.57017
13.011
0.9327
13.014
4.2758
13.011
0.0011077
0.018872
0.0063119
0.020678
0.1378
0.12042
0.00091753
0.96228
0.037718
0.55706
0.027426
0.071427
0.34409
1.8995
0.0070473
3.011e-05
0.082351
0.44827
0.21603
-51551
-47.8
0.0743
0.9717
129.43
8.5547
-85.745
1.391
0.000366
0.033372
0.021715
0.24556
0.12753
0.74788
0.0005294
0.00033115
6.971e-06
0.097184
0.11882
0.982
0.009023
0.080962
0.98716
0.99163
0.001365
0.0040069
0.98703
0.18295
0.0040216
0.16611
4.8955e-06
6.496e-06
0.57024
13.008
0.93263
13.012
4.2755
13.009
0.0011065
0.018866
0.0063073
0.020174
0.1378
0.12042
0.00091778
0.96812
0.03188
0.58787
0.024436
0.066239
0.32146
1.8643
0.0070258
1.6307e-05
0.082883
0.44979
0.19488
-49333
-47.8
0.0743
0.9717
129.43
8.5547
-85.745
1.3911
0.00036637
0.033403
0.021717
0.24559
0.12752
0.74792
0.00052948
0.00033346
6.971e-06
0.097145
0.11876
0.982
0.009023
0.080961
0.98716
0.99163
0.001365
0.0040069
0.98703
0.18295
0.0040216
0.16611
4.8895e-06
6.4899e-06
0.57031
13.006
0.93257
13.01
4.2752
13.007
0.0011131
0.018863
0.0063267
0.021431
0.1378
0.12043
0.00091805
0.95188
0.048115
0.51618
0.032344
0.078311
0.37316
1.9402
0.0070494
3.1599e-05
0.08272
0.44865
0.24262
-54215
-47.8
0.0743
0.9717
129.43
8.5547
-85.745
1.3911
0.00036625
0.033394
0.021718
0.24559
0.12752
0.74796
0.00052949
0.00033285
6.9711e-06
0.097159
0.11878
0.982
0.009023
0.080961
0.98716
0.99163
0.001365
0.0040069
0.98703
0.18295
0.0040216
0.16611
4.8927e-06
6.4937e-06
0.5703
13.006
0.93256
13.01
4.2751
13.006
0.0011114
0.018862
0.0063219
0.021258
0.1378
0.12043
0.00091819
0.95444
0.045561
0.52533
0.031187
0.076768
0.36671
1.9312
0.0070523
3.3416e-05
0.082604
0.44852
0.23677
-53624
-47.8
0.0743
0.9717
129.43
8.5547
-85.745
1.3911
0.00036551
0.03333
0.021706
0.24551
0.12754
0.74792
0.00052917
0.00032893
6.9711e-06
0.097208
0.11887
0.982
0.009023
0.080961
0.98716
0.99163
0.001365
0.0040069
0.98703
0.18295
0.0040216
0.16611
4.8996e-06
6.5005e-06
0.57021
13.007
0.9326
13.011
4.2753
13.008
0.0011002
0.018862
0.006288
0.019633
0.1378
0.12043
0.00091822
0.97414
0.025863
0.62074
0.021007
0.060724
0.29753
1.8233
0.007
-1.8031e-07
0.083175
0.45146
0.17297
-46869
-47.8
0.0743
0.9717
129.43
8.5547
-85.745
1.3912
0.00036542
0.033322
0.021714
0.24552
0.12756
0.74806
0.00052937
0.00032862
6.9711e-06
0.097244
0.11893
0.982
0.009023
0.08096
0.98716
0.99163
0.001365
0.0040069
0.98703
0.18295
0.0040216
0.16611
4.9084e-06
6.5108e-06
0.57016
13.008
0.93261
13.012
4.2754
13.008
0.0010995
0.018864
0.0062867
0.020204
0.1378
0.12043
0.00091832
0.96815
0.031851
0.58399
0.024355
0.066896
0.32476
1.869
0.0070415
2.6267e-05
0.082291
0.44879
0.19844
-49643
-47.8
0.0743
0.9717
129.43
8.5547
-85.745
1.3908
0.00036443
0.033235
0.021667
0.2453
0.12748
0.74765
0.00052814
0.00032492
6.9711e-06
0.097223
0.11892
0.982
0.009023
0.08096
0.98716
0.99163
0.001365
0.0040069
0.98703
0.18295
0.0040216
0.16611
4.8916e-06
6.4885e-06
0.57015
13.007
0.9326
13.011
4.2753
13.008
0.001088
0.018858
0.0062471
0.018488
0.1378
0.12043
0.0009184
0.98469
0.015311
0.69421
0.014063
0.048523
0.24321
1.7297
0.0069091
-5.8136e-05
0.083746
0.45449
0.12701
-41489
-47.8
0.0743
0.9717
129.43
8.5547
-85.745
1.3912
0.00036591
0.033363
0.021712
0.24553
0.12753
0.74806
0.00052934
0.00033246
6.9711e-06
0.097197
0.11885
0.982
0.009023
0.08096
0.98716
0.99163
0.001365
0.0040069
0.98703
0.18295
0.0040216
0.16611
4.8966e-06
6.4969e-06
0.57022
13.005
0.93254
13.009
4.2751
13.006
0.0011098
0.018859
0.0063142
0.023378
0.1378
0.12043
0.00091869
0.91872
0.081278
0.41404
0.044333
0.095721
0.44591
2.0413
0.0070051
3.8814e-06
0.08248
0.44803
0.31234
-60873
-47.8
0.0743
0.9717
129.43
8.5547
-85.745
1.3911
0.00036488
0.033275
0.021695
0.24543
0.12754
0.74792
0.00052885
0.00032623
6.9711e-06
0.097262
0.11896
0.982
0.009023
0.080959
0.98716
0.99163
0.001365
0.0040069
0.98703
0.18295
0.0040216
0.16611
4.9052e-06
6.5054e-06
0.57011
13.007
0.9326
13.011
4.2753
13.008
0.0010922
0.018861
0.0062624
0.019098
0.1378
0.12043
0.0009186
0.97949
0.020506
0.65376
0.017644
0.055222
0.27338
1.7817
0.0069673
-2.1105e-05
0.083305
0.45273
0.15202
-44431
-47.8
0.0743
0.9717
129.43
8.5547
-85.745
1.3911
0.00036472
0.033263
0.021701
0.24544
0.12757
0.74799
0.000529
0.00032486
6.9711e-06
0.097299
0.11901
0.982
0.009023
0.080959
0.98716
0.99163
0.001365
0.0040069
0.98703
0.18295
0.0040216
0.16611
4.9139e-06
6.5155e-06
0.57006
13.008
0.93262
13.012
4.2754
13.008
0.0010885
0.018863
0.0062524
0.018852
0.1378
0.12043
0.00091862
0.98176
0.018243
0.66915
0.016125
0.052663
0.26206
1.7608
0.0069472
-3.3851e-05
0.083351
0.45349
0.14225
-43255
-47.8
0.0743
0.9717
129.43
8.5547
-85.745
1.3913
0.00036541
0.033323
0.021727
0.24558
0.1276
0.74822
0.00052967
0.00032776
6.9711e-06
0.097289
0.11898
0.982
0.009023
0.080959
0.98716
0.99163
0.001365
0.0040069
0.98703
0.18295
0.0040216
0.16611
4.9195e-06
6.5241e-06
0.5701
13.007
0.93258
13.01
4.2752
13.007
0.0010973
0.018863
0.0062815
0.019964
0.1378
0.12043
0.00091876
0.9709
0.029099
0.59856
0.022841
0.064438
0.31416
1.8497
0.0070292
1.8426e-05
0.082499
0.44988
0.18826
-48483
-47.8
0.0743
0.9717
129.43
8.5547
-85.745
1.3911
0.00036507
0.033292
0.021698
0.24546
0.12754
0.74799
0.00052893
0.00032694
6.9711e-06
0.097225
0.1189
0.982
0.009023
0.080959
0.98716
0.99163
0.001365
0.0040069
0.98703
0.18295
0.0040216
0.16611
4.9029e-06
6.5045e-06
0.57019
13.005
0.93251
13.008
4.2749
13.005
0.0010946
0.018856
0.0062714
0.01924
0.1378
0.12043
0.00091889
0.97813
0.021867
0.64504
0.01853
0.05667
0.27976
1.7921
0.0069728
-1.7591e-05
0.083317
0.45264
0.15717
-45036
-47.8
0.0743
0.9717
129.43
8.5547
-85.745
1.3911
0.00036535
0.033316
0.021688
0.24545
0.12749
0.74796
0.00052871
0.00032973
6.9711e-06
0.097135
0.11877
0.982
0.009023
0.080958
0.98716
0.99163
0.001365
0.0040069
0.98703
0.18295
0.0040216
0.16611
4.8881e-06
6.489e-06
0.57035
13.001
0.93241
13.005
4.2745
13.002
0.0011026
0.018849
0.0062955
0.020461
0.1378
0.12044
0.0009191
0.96499
0.035009
0.56898
0.02603
0.06943
0.33556
1.8881
0.0070453
2.873e-05
0.082181
0.44799
0.20859
-50788
-47.8
0.0743
0.9717
129.43
8.5547
-85.745
1.3907
0.00036482
0.033267
0.021636
0.24524
0.12737
0.74756
0.0005274
0.00032939
6.9711e-06
0.097013
0.11862
0.982
0.009023
0.080958
0.98716
0.99163
0.001365
0.0040069
0.98703
0.18295
0.0040216
0.16611
4.8567e-06
6.4521e-06
0.57053
12.998
0.9323
13.001
4.2739
12.998
0.0011009
0.018836
0.0062866
0.019806
0.1378
0.12045
0.00091929
0.97216
0.027841
0.61006
0.022171
0.062525
0.30524
1.8395
0.0070045
2.6313e-06
0.082999
0.45034
0.18031
-47781
-47.8
0.0743
0.9717
129.43
8.5547
-85.745
1.3906
0.00036524
0.033301
0.021615
0.24518
0.12728
0.74742
0.00052691
0.00033409
6.9711e-06
0.096884
0.11844
0.982
0.009023
0.080958
0.98716
0.99163
0.001365
0.0040069
0.98703
0.18295
0.0040216
0.16611
4.8298e-06
6.4216e-06
0.57073
12.994
0.93217
12.997
4.2734
12.994
0.0011137
0.018825
0.0063215
0.02314
0.1378
0.12046
0.00091956
0.92269
0.077312
0.4269
0.043248
0.093533
0.43632
2.0321
0.0070022
1.8998e-06
0.082736
0.44777
0.30323
-60181
-47.8
0.0743
0.9717
129.43
8.5547
-85.745
1.3906
0.00036483
0.033265
0.021599
0.2451
0.12726
0.74735
0.0005265
0.00033304
6.9711e-06
0.096872
0.11844
0.982
0.009023
0.080958
0.98716
0.99163
0.001365
0.0040069
0.98703
0.18295
0.0040216
0.16611
4.8252e-06
6.4158e-06
0.57075
12.993
0.93217
12.997
4.2733
12.994
0.0011106
0.018822
0.0063114
0.022917
0.1378
0.12047
0.00091956
0.9272
0.072799
0.43756
0.041714
0.091715
0.42902
2.0225
0.0070118
7.957e-06
0.082518
0.44734
0.29648
-59547
-47.8
0.0743
0.9717
129.43
8.5547
-85.745
1.3903
0.00036332
0.033135
0.021563
0.24489
0.12724
0.74707
0.00052551
0.00032521
6.9711e-06
0.096935
0.11855
0.982
0.009023
0.080958
0.98716
0.99163
0.001365
0.0040069
0.98703
0.18295
0.0040216
0.16611
4.8281e-06
6.4164e-06
0.57062
12.996
0.93224
12.999
4.2737
12.996
0.001088
0.018822
0.0062422
0.018595
0.1378
0.12047
0.00091934
0.98365
0.01635
0.68721
0.014809
0.049692
0.24829
1.7431
0.0069032
-6.1912e-05
0.083633
0.45343
0.13127
-42158
-47.8
0.0743
0.9717
129.43
8.5547
-85.745
1.3908
0.0003647
0.033256
0.021626
0.24519
0.12734
0.74764
0.00052716
0.00033075
6.9711e-06
0.096972
0.11858
0.982
0.009023
0.080957
0.98716
0.99163
0.001365
0.0040069
0.98703
0.18295
0.0040216
0.16611
4.8499e-06
6.4449e-06
0.5706
12.996
0.93225
13
4.2737
12.996
0.0011048
0.018828
0.0062978
0.021816
0.1378
0.12046
0.00091938
0.94651
0.053489
0.49365
0.034503
0.082152
0.3897
1.9659
0.0070426
2.735e-05
0.08213
0.4472
0.25874
-55855
-47.8
0.0743
0.9717
129.43
8.5547
-85.745
1.3907
0.00036417
0.03321
0.021611
0.24511
0.12733
0.74749
0.00052675
0.00032751
6.9711e-06
0.096986
0.1186
0.982
0.009023
0.080957
0.98716
0.99163
0.001365
0.0040069
0.98703
0.18295
0.0040216
0.16611
4.849e-06
6.443e-06
0.57057
12.997
0.93227
13
4.2738
12.997
0.0010955
0.018828
0.0062696
0.019493
0.1378
0.12046
0.0009193
0.97548
0.024515
0.62894
0.020184
0.059372
0.29151
1.8163
0.0069757
-1.5694e-05
0.083036
0.45102
0.16769
-46389
-47.8
0.0743
0.9717
129.43
8.5547
-85.745
1.3907
0.00036438
0.033229
0.021611
0.24513
0.12732
0.7475
0.00052677
0.00032893
6.9711e-06
0.09695
0.11855
0.982
0.009023
0.080957
0.98716
0.99163
0.001365
0.0040069
0.98703
0.18295
0.0040216
0.16611
4.8444e-06
6.4386e-06
0.57064
12.995
0.93222
12.999
4.2736
12.996
0.0010996
0.018825
0.0062829
0.020139
0.1378
0.12046
0.00091937
0.96857
0.03143
0.58858
0.024153
0.066138
0.32112
1.8669
0.0070144
8.99e-06
0.082434
0.44863
0.19485
-49427
-47.8
0.0743
0.9717
129.43
8.5547
-85.745
1.3906
0.00036452
0.03324
0.021593
0.24508
0.12726
0.74737
0.00052633
0.00033099
6.9711e-06
0.096859
0.11842
0.982
0.009023
0.080957
0.98716
0.99163
0.001365
0.0040069
0.98703
0.18295
0.0040216
0.16611
4.8259e-06
6.4179e-06
0.57079
12.992
0.93213
12.996
4.2732
12.993
0.0011053
0.018818
0.0062984
0.020713
0.1378
0.12047
0.00091951
0.96159
0.038407
0.55492
0.027768
0.071816
0.3455
1.9072
0.0070323
2.0476e-05
0.082162
0.44709
0.21784
-51925
-47.8
0.0743
0.9717
129.43
8.5547
-85.745
1.3904
0.00036448
0.033233
0.021561
0.24495
0.12716
0.74714
0.00052553
0.00033331
6.9711e-06
0.096743
0.11827
0.982
0.009023
0.080957
0.98716
0.99163
0.001365
0.0040069
0.98703
0.18295
0.0040216
0.16611
4.7997e-06
6.3876e-06
0.57096
12.989
0.93203
12.993
4.2727
12.989
0.0011112
0.018806
0.0063124
0.023043
0.1378
0.12048
0.0009197
0.92459
0.075411
0.43145
0.042604
0.09277
0.43317
2.0297
0.0069944
-3.1318e-06
0.08256
0.44721
0.30009
-59981
-47.8
0.0743
0.9717
129.43
8.5547
-85.745
1.3901
0.00036353
0.03315
0.021519
0.24476
0.1271
0.74683
0.00052444
0.00032977
6.9711e-06
0.096696
0.11823
0.982
0.009023
0.080957
0.98716
0.99163
0.001365
0.0040069
0.98703
0.18295
0.0040216
0.16611
4.7853e-06
6.37e-06
0.57102
12.988
0.932
12.991
4.2725
12.988
0.0011009
0.0188
0.0062802
0.020074
0.1378
0.12049
0.0009197
0.96895
0.031052
0.5934
0.023975
0.065351
0.31727
1.8659
0.0070023
1.2241e-06
0.0826
0.44819
0.19192
-49274
-47.8
0.0743
0.9717
129.43
8.5547
-85.745
1.3901
0.00036395
0.033185
0.021512
0.24474
0.12705
0.7468
0.0005243
0.00033349
6.9711e-06
0.096617
0.11812
0.982
0.009023
0.080957
0.98716
0.99163
0.001365
0.0040069
0.98703
0.18295
0.0040216
0.16611
4.7701e-06
6.3531e-06
0.57115
12.985
0.93192
12.989
4.2722
12.986
0.0011111
0.018793
0.0063086
0.023251
0.1378
0.1205
0.00091987
0.9203
0.079704
0.42119
0.043987
0.094549
0.44027
2.0426
0.006984
-9.6924e-06
0.082541
0.44671
0.30758
-60762
