-85.745
1.3915
0.00036747
0.033505
0.021897
0.24611
0.12795
0.74843
0.00053402
0.00032986
6.9714e-06
0.097776
0.11965
0.982
0.0090231
0.080982
0.98716
0.99163
0.001365
0.004007
0.98703
0.18297
0.0040216
0.16611
5.0092e-06
6.6173e-06
0.56915
13.056
0.93412
13.06
4.2823
13.057
0.0011034
0.01896
0.0063009
0.020213
0.13782
0.12033
0.00091149
0.96814
0.03186
0.58441
0.024382
0.066798
0.32441
1.8643
0.0070254
1.6051e-05
0.082654
0.44995
0.19681
-49392
-47.8
0.0743
0.9717
129.43
8.5547
-85.745
1.391
0.00036639
0.033408
0.021828
0.24583
0.12782
0.74788
0.00053225
0.00032681
6.9714e-06
0.097686
0.11954
0.982
0.0090231
0.080981
0.98716
0.99163
0.001365
0.004007
0.98703
0.18297
0.0040216
0.16611
4.9767e-06
6.5772e-06
0.56926
13.053
0.93402
13.057
4.2818
13.053
0.0010936
0.018949
0.0062661
0.018674
0.13782
0.12034
0.00091159
0.98323
0.01677
0.68304
0.015117
0.050352
0.25149
1.7415
0.006909
-5.8207e-05
0.084004
0.45494
0.13293
-42165
-47.8
0.0743
0.9717
129.43
8.5547
-85.745
1.3911
0.00036767
0.033517
0.021837
0.24593
0.12777
0.74798
0.00053253
0.00033487
6.9714e-06
0.097549
0.11932
0.982
0.0090231
0.08098
0.98716
0.99163
0.001365
0.004007
0.98703
0.18297
0.0040216
0.16611
4.9552e-06
6.5553e-06
0.5695
13.047
0.93384
13.051
4.281
13.048
0.0011165
0.018941
0.0063343
0.022927
0.13782
0.12035
0.000912
0.92707
0.072932
0.43778
0.041826
0.09163
0.42877
2.0164
0.0070076
5.3172e-06
0.082947
0.44879
0.29468
-59241
-47.8
0.0743
0.9717
129.43
8.5547
-85.745
1.391
0.00036782
0.033529
0.021825
0.24591
0.12773
0.7479
0.00053224
0.00033612
6.9714e-06
0.097483
0.11922
0.982
0.0090231
0.080979
0.98716
0.99163
0.001365
0.004007
0.98703
0.18297
0.0040216
0.16611
4.9423e-06
6.5414e-06
0.56962
13.044
0.93374
13.047
4.2805
13.044
0.00112
0.018936
0.006344
0.023201
0.13782
0.12035
0.00091223
0.92137
0.078627
0.42463
0.043758
0.093881
0.43773
2.0295
0.0069934
-3.6781e-06
0.083184
0.44907
0.30314
-60081
-47.8
0.0743
0.9717
129.43
8.5547
-85.745
1.3911
0.00036739
0.033494
0.02183
0.24592
0.12777
0.74798
0.00053233
0.00033277
6.9714e-06
0.097533
0.1193
0.982
0.0090231
0.080978
0.98716
0.99163
0.001365
0.004007
0.98703
0.18297
0.0040216
0.16611
4.9556e-06
6.5574e-06
0.56956
13.044
0.93374
13.048
4.2805
13.044
0.0011111
0.018939
0.0063205
0.02053
0.13782
0.12035
0.00091226
0.96391
0.036085
0.56696
0.02665
0.069753
0.33664
1.8884
0.0070312
1.974e-05
0.082765
0.44897
0.20876
-50817
-47.8
0.0743
0.9717
129.43
8.5547
-85.745
1.3912
0.00036735
0.033491
0.02184
0.24596
0.1278
0.74812
0.0005326
0.00033197
6.9714e-06
0.09757
0.11935
0.982
0.0090231
0.080977
0.98716
0.99163
0.001365
0.004007
0.98703
0.18297
0.0040216
0.16611
4.9658e-06
6.5697e-06
0.56951
13.044
0.93373
13.047
4.2805
13.044
0.0011091
0.01894
0.0063161
0.020523
0.13782
0.12035
0.00091238
0.96416
0.035842
0.56677
0.026503
0.069782
0.33695
1.8877
0.0070342
2.1717e-05
0.082623
0.44894
0.20894
-50796
-47.8
0.0743
0.9717
129.43
8.5547
-85.745
1.3912
0.00036713
0.033472
0.021829
0.24591
0.12778
0.74804
0.0005323
0.00033103
6.9714e-06
0.097566
0.11934
0.982
0.0090231
0.080976
0.98716
0.99163
0.001365
0.004007
0.98703
0.18296
0.0040216
0.16611
4.9618e-06
6.5644e-06
0.56951
13.042
0.9337
13.046
4.2803
13.043
0.0011062
0.018938
0.0063064
0.019874
0.13782
0.12035
0.00091256
0.97156
0.028435
0.6069
0.02253
0.063028
0.30754
1.8385
0.0070018
9.3063e-07
0.083342
0.45145
0.18143
-47786
-47.8
0.0743
0.9717
129.43
8.5547
-85.745
1.3913
0.0003678
0.03353
0.021843
0.24599
0.12779
0.74819
0.00053269
0.00033491
6.9714e-06
0.097542
0.1193
0.982
0.0090231
0.080975
0.98716
0.99163
0.001365
0.004007
0.98703
0.18296
0.0040216
0.16611
4.9596e-06
6.5627e-06
0.56956
13.04
0.93363
13.044
4.28
13.041
0.0011171
0.018935
0.0063384
0.022938
0.13781
0.12035
0.00091287
0.92691
0.073094
0.43722
0.041882
0.091715
0.42918
2.0153
0.0070099
6.7967e-06
0.082995
0.44917
0.29473
-59201
-47.8
0.0743
0.9717
129.43
8.5547
-85.745
1.3912
0.00036702
0.033463
0.021833
0.24592
0.1278
0.74814
0.0005324
0.0003304
6.9714e-06
0.097599
0.11939
0.982
0.0090231
0.080975
0.98716
0.99163
0.001365
0.004007
0.98703
0.18296
0.0040216
0.16611
4.9689e-06
6.5726e-06
0.56947
13.041
0.93365
13.045
4.2801
13.041
0.0011045
0.018938
0.006302
0.019998
0.13781
0.12035
0.00091294
0.97035
0.029655
0.59841
0.023198
0.064452
0.31394
1.8487
0.0070165
1.0344e-05
0.083025
0.45071
0.18752
-48419
-47.8
0.0743
0.9717
129.43
8.5547
-85.745
1.3911
0.00036647
0.033416
0.021816
0.24584
0.12779
0.74801
0.00053194
0.00032771
6.9714e-06
0.097617
0.11942
0.982
0.0090231
0.080974
0.98716
0.99163
0.001365
0.004007
0.98703
0.18296
0.0040216
0.16611
4.9675e-06
6.5696e-06
0.56943
13.041
0.93364
13.044
4.2801
13.041
0.0010966
0.018936
0.0062769
0.018928
0.13781
0.12035
0.00091311
0.98104
0.018964
0.66654
0.016635
0.053085
0.26374
1.7625
0.0069392
-3.8945e-05
0.083899
0.4544
0.14314
-43357
-47.8
0.0743
0.9717
129.43
8.5547
-85.745
1.3915
0.00036785
0.033536
0.021862
0.24608
0.12784
0.74841
0.00053317
0.00033389
6.9714e-06
0.097606
0.11937
0.982
0.0090232
0.080973
0.98716
0.99163
0.001365
0.004007
0.98703
0.18296
0.0040216
0.16611
4.976e-06
6.5823e-06
0.56948
13.038
0.93357
13.042
4.2798
13.039
0.0011147
0.018938
0.0063337
0.022219
0.13781
0.12035
0.00091347
0.93997
0.060031
0.47376
0.037184
0.085476
0.40358
1.9781
0.0070398
2.569e-05
0.082835
0.44926
0.27038
-56786
-47.8
0.0743
0.9717
129.43
8.5547
-85.745
1.3915
0.00036749
0.033506
0.021861
0.24607
0.12786
0.74841
0.0005331
0.00033112
6.9714e-06
0.097642
0.11942
0.982
0.0090232
0.080972
0.98716
0.99163
0.001365
0.004007
0.98703
0.18296
0.0040216
0.16611
4.9831e-06
6.5903e-06
0.56943
13.038
0.93356
13.042
4.2797
13.038
0.001107
0.018938
0.0063122
0.020114
0.13781
0.12035
0.00091363
0.96906
0.030936
0.59163
0.023917
0.065583
0.31888
1.8552
0.007026
1.639e-05
0.083064
0.45086
0.19182
-48842
-47.8
0.0743
0.9717
129.43
8.5547
-85.745
1.3915
0.00036709
0.033471
0.021856
0.24603
0.12787
0.74842
0.00053295
0.00032896
6.9714e-06
0.097668
0.11947
0.982
0.0090232
0.080971
0.98716
0.99163
0.001365
0.004007
0.98703
0.18296
0.0040216
0.16611
4.9878e-06
6.5955e-06
0.56939
13.038
0.93355
13.042
4.2797
13.038
0.0011009
0.018937
0.006294
0.019483
0.13781
0.12035
0.00091381
0.97587
0.024132
0.63056
0.019963
0.059062
0.29042
1.8063
0.0069894
-6.9632e-06
0.083493
0.45299
0.1659
-45925
-47.8
0.0743
0.9717
129.43
8.5547
-85.745
1.3916
0.00036709
0.033471
0.02186
0.24604
0.12788
0.74856
0.00053306
0.00032937
6.9714e-06
0.097665
0.11947
0.982
0.0090232
0.080971
0.98716
0.99163
0.001365
0.004007
0.98703
0.18296
0.0040216
0.16611
4.9914e-06
6.6007e-06
0.56941
13.037
0.93351
13.04
4.2795
13.037
0.0011023
0.018934
0.0062991
0.020153
0.13781
0.12035
0.00091408
0.96887
0.031132
0.58777
0.023981
0.066233
0.32202
1.8597
0.0070367
2.3261e-05
0.082636
0.45016
0.19494
-49133
-47.8
0.0743
0.9717
129.43
8.5547
-85.745
1.3913
0.00036589
0.033367
0.021803
0.24578
0.12779
0.74818
0.00053159
0.00032559
6.9714e-06
0.097606
0.11942
0.982
0.0090232
0.08097
0.98716
0.99163
0.001365
0.004007
0.98703
0.18296
0.0040216
0.16611
4.97e-06
6.5745e-06
0.56948
13.034
0.93344
13.038
4.2792
13.035
0.0010908
0.018923
0.0062606
0.018846
0.13781
0.12037
0.00091434
0.98188
0.018121
0.67019
0.016047
0.052481
0.26129
1.7574
0.0069443
-3.57e-05
0.08355
0.45411
0.14129
-43083
-47.8
0.0743
0.9717
129.43
8.5547
-85.745
1.391
0.00036564
0.033343
0.021762
0.24563
0.12768
0.7479
0.00053056
0.00032662
6.9714e-06
0.09748
0.11925
0.982
0.0090232
0.080969
0.98716
0.99163
0.001365
0.004007
0.98703
0.18296
0.0040216
0.16611
4.9413e-06
6.5418e-06
0.56968
13.029
0.93329
13.033
4.2785
13.03
0.0010932
0.01891
0.0062652
0.018976
0.13781
0.12038
0.00091477
0.98062
0.019381
0.66231
0.016905
0.053795
0.26699
1.7697
0.0069534
-2.9918e-05
0.08356
0.45348
0.14638
-43750
-47.8
0.0743
0.9717
129.43
8.5547
-85.745
1.391
0.00036686
0.033446
0.021758
0.24569
0.1276
0.7479
0.00053054
0.00033473
6.9714e-06
0.097309
0.11899
0.982
0.0090232
0.080969
0.98716
0.99163
0.001365
0.004007
0.98703
0.18296
0.0040216
0.16611
4.9116e-06
6.5102e-06
0.56997
13.023
0.93308
13.026
4.2775
13.023
0.001116
0.018897
0.0063319
0.023149
0.13781
0.12039
0.00091539
0.92271
0.077294
0.4266
0.043249
0.093555
0.4366
2.0285
0.0070106
7.2915e-06
0.082908
0.44859
0.30304
-60024
-47.8
0.0743
0.9717
129.43
8.5547
-85.745
1.391
0.00036699
0.033456
0.021749
0.24567
0.12757
0.74783
0.0005303
0.00033575
6.9714e-06
0.097252
0.11891
0.982
0.0090232
0.080968
0.98716
0.99163
0.001365
0.004007
0.98703
0.18296
0.0040216
0.16611
4.901e-06
6.4987e-06
0.57007
13.02
0.93299
13.023
4.2771
13.02
0.0011188
0.018891
0.0063398
0.023247
0.13781
0.1204
0.00091572
0.92043
0.07957
0.42221
0.044043
0.094306
0.43944
2.033
0.0070041
3.1058e-06
0.083102
0.44882
0.30567
-60301
-47.8
0.0743
0.9717
129.43
8.5547
-85.745
1.3911
0.0003665
0.033416
0.021763
0.2457
0.12764
0.74803
0.00053063
0.00033198
6.9714e-06
0.097344
0.11905
0.982
0.0090232
0.080967
0.98716
0.99163
0.001365
0.004007
0.98703
0.18296
0.0040216
0.16611
4.9234e-06
6.5249e-06
0.56994
13.021
0.93304
13.025
4.2773
13.022
0.0011088
0.018896
0.0063136
0.020951
0.13781
0.12039
0.00091577
0.95879
0.041206
0.5419
0.029134
0.073978
0.35499
1.9149
0.0070579
3.6857e-05
0.082421
0.44824
0.22635
-52546
-47.8
0.0743
0.9717
129.43
8.5547
-85.745
1.391
0.0003653
0.033313
0.021744
0.24557
0.12765
0.74791
0.00053009
0.00032548
6.9714e-06
0.097434
0.11919
0.982
0.0090232
0.080967
0.98716
0.99163
0.001365
0.004007
0.98703
0.18296
0.0040216
0.16611
4.9345e-06
6.5354e-06
0.56978
13.024
0.93311
13.027
4.2777
13.024
0.0010901
0.018897
0.0062562
0.018685
0.13781
0.12039
0.00091578
0.98315
0.01685
0.68112
0.015166
0.050678
0.25303
1.7449
0.0069286
-4.5722e-05
0.083688
0.45436
0.13468
-42357
-47.8
0.0743
0.9717
129.43
8.5547
-85.744
1.3913
0.00036588
0.033364
0.021778
0.24573
0.12772
0.7482
0.00053097
0.00032709
6.9714e-06
0.09748
0.11924
0.982
0.0090232
0.080966
0.98716
0.99163
0.001365
0.004007
0.98703
0.18295
0.0040216
0.16611
4.9506e-06
6.5553e-06
0.56973
13.024
0.93311
13.028
4.2777
13.024
0.0010952
0.018901
0.0062747
0.019404
0.13781
0.12039
0.00091597
0.9767
0.023302
0.6342
0.019428
0.058468
0.28791
1.8042
0.0069923
-5.1702e-06
0.083136
0.45221
0.16431
-45775
-47.8
0.0743
0.9717
129.43
8.5547
-85.744
1.3914
0.00036655
0.033422
0.021796
0.24583
0.12773
0.74833
0.00053144
0.00032974
6.9714e-06
0.097465
0.1192
0.982
0.0090232
0.080966
0.98716
0.99163
0.001365
0.004007
0.98703
0.18295
0.0040216
0.16611
4.9512e-06
6.5571e-06
0.56976
13.022
0.93306
13.026
4.2774
13.022
0.0011029
0.018901
0.0062988
0.019926
0.13781
0.12039
0.00091624
0.97118
0.028822
0.60251
0.022723
0.063764
0.311
1.8433
0.0070229
1.4395e-05
0.082998
0.45094
0.18498
-48109
-47.8
0.0743
0.9717
129.43
8.5547
-85.744
1.3915
0.00036701
0.033462
0.021803
0.24588
0.12772
0.74843
0.00053165
0.00033287
6.9714e-06
0.09744
0.11916
0.982
0.0090232
0.080965
0.98716
0.99163
0.001365
0.004007
0.98703
0.18295
0.0040216
0.16611
4.9476e-06
6.5536e-06
0.56981
13.02
0.93301
13.024
4.2772
13.021
0.0011117
0.018898
0.0063242
0.022437
0.13781
0.12039
0.00091653
0.93646
0.063539
0.46185
0.038441
0.087512
0.41219
1.9907
0.0070415
2.6821e-05
0.082628
0.44884
0.27905
-57619
-47.8
0.0743
0.9717
129.43
8.5547
-85.744
1.3911
0.00036507
0.033294
0.021744
0.24557
0.12767
0.74801
0.00053009
0.00032418
6.9714e-06
0.097474
0.11925
0.982
0.0090232
0.080964
0.98716
0.99163
0.001365
0.004007
0.98703
0.18295
0.0040216
0.16611
4.9416e-06
6.5432e-06
0.56972
13.021
0.93304
13.025
4.2773
13.022
0.0010864
0.018894
0.0062452
0.018503
0.13781
0.12039
0.00091653
0.98471
0.015292
0.69237
0.014047
0.048815
0.24476
1.7294
0.0069145
-5.4667e-05
0.083615
0.45466
0.12804
-41520
-47.8
0.0743
0.9717
129.43
8.5547
-85.744
1.3912
0.00036475
0.033266
0.021737
0.24553
0.12767
0.74804
0.0005299
0.00032316
6.9714e-06
0.097469
0.11926
0.982
0.0090232
0.080964
0.98716
0.99163
0.001365
0.004007
0.98703
0.18295
0.0040216
0.16611
4.9422e-06
6.5445e-06
0.56974
13.021
0.93301
13.024
4.2772
13.021
0.0010836
0.01889
0.0062373
0.018593
0.13781
0.1204
0.00091671
0.98405
0.015952
0.6852
0.014517
0.050001
0.25028
1.739
0.0069265
-4.7066e-05
0.083285
0.45396
0.13252
-42052
-47.8
0.0743
0.9717
129.43
8.5547
-85.744
1.3912
0.00036527
0.033311
0.021735
0.24556
0.12763
0.74804
0.00052987
0.00032617
6.9714e-06
0.097379
0.11912
0.982
0.0090232
0.080963
0.98716
0.99163
0.001365
0.004007
0.98703
0.18295
0.0040216
0.16611
4.9287e-06
6.5309e-06
0.5699
13.017
0.93289
13.02
4.2767
13.017
0.0010923
0.018883
0.0062642
0.019116
0.13781
0.12041
0.00091706
0.9794
0.020603
0.65246
0.017706
0.055432
0.2744
1.7821
0.0069657
-2.2065e-05
0.083286
0.45286
0.1526
-44478
-47.8
0.0743
0.9717
129.43
8.5547
-85.744
1.3912
0.00036638
0.033405
0.021737
0.24564
0.12757
0.74805
0.00052999
0.00033266
6.9714e-06
0.097235
0.11889
0.982
0.0090232
0.080963
0.98716
0.99163
0.001365
0.004007
0.98703
0.18295
0.0040216
0.16611
4.9062e-06
6.5079e-06
0.57016
13.011
0.93271
13.015
4.2758
13.011
0.0011109
0.018873
0.0063203
0.021383
0.1378
0.12042
0.00091753
0.95278
0.047215
0.51827
0.031912
0.077957
0.37186
1.9377
0.0070514
3.2871e-05
0.082567
0.44849
0.24141
-54069
-47.8
0.0743
0.9717
129.43
8.5547
-85.744
1.391
0.00036645
0.033409
0.02171
0.24557
0.12749
0.74783
0.00052931
0.00033444
6.9714e-06
0.09712
0.11873
0.982
0.0090232
0.080963
0.98716
0.99163
0.001365
0.004007
0.98703
0.18295
0.0040216
0.16611
4.8819e-06
6.4805e-06
0.57034
13.006
0.93257
13.01
4.2752
13.007
0.0011156
0.018863
0.0063328
0.021873
0.1378
0.12043
0.00091787
0.94507
0.054926
0.49278
0.035244
0.082271
0.3897
1.9635
0.0070396
2.5449e-05
0.082889
0.44873
0.2579
-55748
-47.8
0.0743
0.9717
129.43
8.5547
-85.744
1.3909
0.00036614
0.033382
0.021694
0.2455
0.12746
0.74775
0.00052891
0.00033354
6.9714e-06
0.097087
0.11869
0.982
0.0090232
0.080962
0.98716
0.99163
0.001365
0.004007
0.98703
0.18295
0.0040216
0.16611
4.8753e-06
6.4733e-06
0.5704
13.005
0.93252
13.009
4.275
13.005
0.0011131
0.018857
0.0063252
0.021364
0.1378
0.12043
0.00091805
0.95278
0.047217
0.52
0.031955
0.077672
0.37038
1.9375
0.0070436
2.7863e-05
0.082714
0.44845
0.24005
-54019
-47.8
0.0743
0.9717
129.43
8.5547
-85.744
1.3909
0.00036569
0.033344
0.021686
0.24545
0.12746
0.74774
0.00052868
0.00033129
6.9714e-06
0.097101
0.11872
0.982
0.0090232
0.080962
0.98716
0.99163
0.001365
0.004007
0.98703
0.18295
0.0040216
0.16611
4.878e-06
6.4764e-06
0.57038
13.005
0.93252
13.008
4.2749
13.005
0.0011067
0.018856
0.0063066
0.020308
0.1378
0.12043
0.00091813
0.96654
0.033457
0.57965
0.025274
0.067629
0.32745
1.8754
0.0070256
1.6213e-05
0.082701
0.44903
0.20051
-50004
-47.8
0.0743
0.9717
129.43
8.5547
-85.744
1.391
0.00036572
0.033347
0.021693
0.24548
0.12748
0.74784
0.00052884
0.00033144
6.9714e-06
0.097116
0.11874
0.982
0.0090232
0.080961
0.98716
0.99163
0.001365
0.004007
0.98703
0.18295
0.0040216
0.16611
4.8828e-06
6.4823e-06
0.57036
13.005
0.93251
13.008
4.2749
13.005
0.0011073
0.018856
0.0063091
0.02077
0.1378
0.12043
0.00091824
0.96109
0.038915
0.55191
0.028019
0.072299
0.34777
1.906
0.0070414
2.6381e-05
0.082319
0.44798
0.21939
-51953
-47.8
0.0743
0.9717
129.43
8.5547
-85.744
1.3909
0.00036523
0.033304
0.021674
0.24538
0.12746
0.7477
0.00052835
0.00032928
6.9714e-06
0.097118
0.11875
0.982
0.0090232
0.080961
0.98716
0.99163
0.001365
0.004007
0.98703
0.18295
0.0040216
0.16611
4.8783e-06
6.4759e-06
0.57035
13.004
0.93251
13.008
4.2749
13.005
0.0011009
0.018853
0.0062882
0.019642
0.1378
0.12044
0.00091831
0.97397
0.026031
0.6205
0.021112
0.060771
0.29762
1.8248
0.0069871
-8.4154e-06
0.083209
0.45127
0.17291
-46944
-47.8
0.0743
0.9717
129.43
8.5547
-85.744
1.391
0.00036577
0.033351
0.02169
0.24546
0.12747
0.74787
0.00052878
0.00033238
6.9714e-06
0.097108
0.11873
0.982
0.0090232
0.080961
0.98716
0.99163
0.001365
0.004007
0.98703
0.18295
0.0040216
0.16611
4.8798e-06
6.4785e-06
0.57037
13.003
0.93248
13.007
4.2748
13.004
0.0011098
0.018852
0.0063154
0.021915
0.1378
0.12044
0.00091849
0.94484
0.055157
0.48928
0.035239
0.082872
0.39261
1.9674
0.0070372
2.3967e-05
0.082487
0.44811
0.26068
-56019
-47.8
0.0743
0.9717
129.43
8.5547
-85.744
1.3908
0.00036486
0.033271
0.02166
0.24531
0.12744
0.74762
0.00052799
0.0003279
6.9714e-06
0.097124
0.11877
0.982
0.0090232
0.08096
0.98716
0.99163
0.001365
0.004007
0.98703
0.18295
0.0040216
0.16611
4.8756e-06
6.4718e-06
0.57033
13.004
0.93249
13.008
4.2748
13.004
0.0010967
0.018851
0.0062745
0.019191
0.1378
0.12044
0.00091848
0.97846
0.021541
0.64902
0.018331
0.056014
0.27664
1.789
0.0069522
-3.0656e-05
0.083515
0.45266
0.15441
-44836
-47.8
0.0743
0.9717
129.43
8.5547
-85.744
1.3911
0.00036559
0.033335
0.02169
0.24545
0.12748
0.74792
0.00052877
0.00033143
6.9714e-06
0.097128
0.11876
0.982
0.0090232
0.08096
0.98716
0.99163
0.001365
0.004007
0.98703
0.18295
0.0040216
0.16611
4.8841e-06
6.4836e-06
0.57035
13.003
0.93247
13.007
4.2747
13.004
0.0011072
0.018852
0.0063082
0.021565
0.1378
0.12044
0.00091863
0.95033
0.049669
0.50756
0.032929
0.079775
0.37973
1.9495
0.0070417
2.6753e-05
0.082308
0.44791
0.24864
-54836
-47.8
0.0743
0.9717
129.43
8.5547
-85.744
1.3908
0.00036464
0.033253
0.021656
0.24529
0.12744
0.74766
0.00052789
0.00032705
6.9714e-06
0.097128
0.11878
0.982
0.0090232
0.08096
0.98716
0.99163
0.001365
0.004007
0.98703
0.18295
0.0040216
0.16611
4.8773e-06
6.4741e-06
0.57033
13.003
0.93247
13.007
4.2747
13.004
0.0010944
0.018848
0.0062679
0.019161
0.1378
0.12044
0.00091864
0.97881
0.021194
0.65029
0.018099
0.055802
0.27581
1.7872
0.0069496
-3.235e-05
0.083378
0.45256
0.15363
-44735
-47.8
0.0743
0.9717
129.43
8.5547
-85.744
1.3909
0.00036497
0.033281
0.021662
0.24533
0.12744
0.74773
0.00052805
0.00032893
6.9714e-06
0.097094
0.11873
0.982
0.0090232
0.080959
0.98716
0.99163
0.001365
0.004007
0.98703
0.18295
0.0040216
0.16611
4.8743e-06
6.4719e-06
0.5704
13.001
0.93242
13.005
4.2745
13.002
0.0010999
0.018846
0.0062856
0.019932
0.1378
0.12044
0.0009188
0.97099
0.029007
0.60156
0.022815
0.063945
0.31168
1.8486
0.0070022
1.2386e-06
0.082729
0.44985
0.18566
-48375
-47.8
0.0743
0.9717
129.43
8.5547
-85.744
1.3909
0.00036544
0.033321
0.02166
0.24535
0.1274
0.74774
0.00052802
0.00033212
6.9714e-06
0.09702
0.11862
0.982
0.0090232
0.080959
0.98716
0.99163
0.001365
0.004007
0.98703
0.18295
0.0040216
0.16611
4.8621e-06
6.4591e-06
0.57053
12.999
0.93233
13.002
4.2741
12.999
0.001109
0.01884
0.0063122
0.021205
0.1378
0.12045
0.00091902
0.9552
0.044802
0.52789
0.030821
0.076346
0.36494
1.9308
0.0070348
2.2228e-05
0.082427
0.4479
0.23488
-53562
-47.8
0.0743
0.9717
129.43
8.5547
-85.744
1.3908
0.00036511
0.033291
0.021632
0.24523
0.12734
0.74757
0.00052733
0.00033236
6.9714e-06
0.096957
0.11854
0.982
0.0090232
0.080959
0.98716
0.99163
0.001365
0.004007
0.98703
0.18295
0.0040216
0.16611
4.8464e-06
6.4407e-06
0.57062
12.997
0.93227
13
4.2738
12.997
0.0011092
0.018832
0.0063107
0.022089
0.1378
0.12046
0.00091917
0.94194
0.058064
0.48006
0.03639
0.084452
0.3991
1.9788
0.0070252
1.632e-05
0.082437
0.44761
0.26693
-56724
-47.8
0.0743
0.9717
129.43
8.5547
-85.744
1.3903
0.00036349
0.033149
0.021563
0.2449
0.12723
0.74702
0.00052554
0.00032605
6.9714e-06
0.096918
0.11853
0.982
0.0090232
0.080959
0.98716
0.99163
0.001365
0.004007
0.98703
0.18295
0.0040216
0.16611
4.8249e-06
6.4128e-06
0.57064
12.996
0.93225
13
4.2737
12.996
0.0010904
0.018824
0.0062494
0.018711
0.1378
0.12046
0.00091916
0.98268
0.017321
0.67991
0.015496
0.050897
0.2537
1.7527
0.0069018
-6.2782e-05
0.083645
0.4532
0.13544
-42708
-47.8
0.0743
0.9717
129.43
8.5547
-85.744
1.3905
0.00036485
0.033267
0.021597
0.24509
0.12725
0.74732
0.00052644
0.00033321
6.9714e-06
0.096858
0.11842
0.982
0.0090232
0.080959
0.98716
0.99163
0.001365
0.004007
0.98703
0.18295
0.0040216
0.16611
4.8225e-06
6.4129e-06
0.57077
12.993
0.93217
12.997
4.2733
12.994
0.0011111
0.018822
0.0063131
0.022976
0.1378
0.12047
0.00091942
0.92609
0.073912
0.43469
0.042087
0.092204
0.43102
2.0251
0.0069938
-3.463e-06
0.082554
0.44739
0.29757
-59734
-47.8
0.0743
0.9717
129.43
8.5547
-85.744
1.3906
0.00036514
0.033293
0.021611
0.24517
0.12728
0.74741
0.0005268
0.00033352
6.9714e-06
0.09687
0.11842
0.982
0.0090232
0.080958
0.98716
0.99163
0.001365
0.004007
0.98703
0.18295
0.0040216
0.16611
4.828e-06
6.42e-06
0.57076
12.993
0.93216
12.997
4.2733
12.994
0.0011123
0.018824
0.0063188
0.022065
0.1378
0.12047
0.00091945
0.94199
0.058007
0.48204
0.036432
0.084116
0.39741
1.9776
0.0070183
1.1892e-05
0.082647
0.44777
0.26518
-56618
-47.8
0.0743
0.9717
129.43
8.5547
-85.744
1.3907
0.00036489
0.033273
0.021623
0.2452
0.12733
0.7475
0.00052708
0.00033087
6.9714e-06
0.09694
0.11852
0.982
0.0090232
0.080958
0.98716
0.99163
0.001365
0.004007
0.98703
0.18295
0.0040216
0.16611
4.8433e-06
6.4376e-06
0.57065
12.995
0.93222
12.999
4.2736
12.995
0.0011052
0.018829
0.0062996
0.020434
0.1378
0.12046
0.00091935
0.96504
0.034964
0.57155
0.026042
0.069004
0.3334
1.8873
0.0070145
9.1377e-06
0.082403
0.44796
0.20597
-50705
-47.8
0.0743
0.9717
129.43
8.5547
-85.744
1.3908
0.00036489
0.033273
0.021638
0.24526
0.12737
0.74763
0.00052745
0.00032988
6.9714e-06
0.096997
0.1186
0.982
0.0090232
0.080958
0.98716
0.99163
0.001365
0.004007
0.98703
0.18295
0.0040216
0.16611
4.8562e-06
6.4524e-06
0.57057
12.997
0.93226
13
4.2738
12.997
0.0011026
0.018834
0.0062933
0.02022
0.1378
0.12046
0.00091928
0.96768
0.03232
0.58417
0.024643
0.066872
0.32432
1.8707
0.0070057
3.4976e-06
0.082526
0.44883
0.19714
-49704
-47.8
0.0743
0.9717
129.43
8.5547
-85.744
1.3909
0.00036488
0.033274
0.021645
0.24528
0.12739
0.7477
0.00052763
0.00032955
6.9714e-06
0.097023
0.11863
0.982
0.0090232
0.080958
0.98716
0.99163
0.001365
0.004007
0.98703
0.18295
0.0040216
0.16611
4.862e-06
6.4591e-06
0.57053
12.997
0.93229
13.001
4.2739
12.998
0.0011018
0.018835
0.0062914
0.020265
0.1378
0.12045
0.00091927
0.96723
0.032768
0.58105
0.02487
0.067397
0.32669
1.8742
0.0070086
5.3425e-06
0.082397
0.44858
0.19934
-49927
-47.8
0.0743
0.9717
129.43
8.5547
-85.744
1.3908
0.00036454
0.033244
0.021629
0.24521
0.12737
0.74758
0.00052721
0.00032832
6.9714e-06
0.097009
0.11862
0.982
0.0090232
0.080958
0.98716
0.99163
0.001365
0.004007
0.98703
0.18295
0.0040216
0.16611
4.8563e-06
6.4519e-06
0.57054
12.997
0.93227
13.001
4.2738
12.997
0.0010981
0.018832
0.0062791
0.019664
0.1378
0.12046
0.00091928
0.97379
0.026211
0.61831
0.021204
0.061141
0.29934
1.8283
0.0069725
-1.7735e-05
0.082972
0.45076
0.17407
-47140
-47.8
0.0743
0.9717
129.43
8.5547
-85.744
1.3908
0.00036478
0.033263
0.021626
0.24521
0.12734
0.74758
0.00052714
0.00033025
6.9714e-06
0.096953
0.11854
0.982
0.0090232
0.080958
0.98716
0.99163
0.001365
0.004007
0.98703
0.18295
0.0040216
0.16611
4.8478e-06
6.4432e-06
0.57064
12.995
0.93221
12.999
4.2735
12.995
0.0011036
0.018828
0.0062959
0.020524
0.1378
0.12046
0.0009194
0.96409
0.035905
0.56553
0.026497
0.070021
0.33795
1.8942
0.0070163
1.0282e-05
0.082154
0.44747
0.21015
-51146
-47.8
0.0743
0.9717
129.43
8.5547
-85.744
1.3906
0.00036461
0.033247
0.021596
0.2451
0.12726
0.74735
0.00052639
0.00033103
6.9714e-06
0.096858
0.11842
0.982
0.0090232
0.080958
0.98716
0.99163
0.001365
0.004007
0.98703
0.18295
0.0040216
0.16611
4.8264e-06
6.4185e-06
0.57079
12.992
0.93212
12.996
4.2731
12.992
0.0011054
0.01882
0.0062992
0.020526
0.1378
0.12047
0.00091955
0.96388
0.036125
0.56603
0.026633
0.069944
0.3374
1.8951
0.0070121
7.6281e-06
0.082284
0.4474
0.20979
-51173
-47.8
0.0743
0.9717
129.43
8.5547
-85.744
1.3904
0.0003647
0.033253
0.021568
0.245
0.12717
0.74714
0.00052571
0.00033368
6.9714e-06
0.096744
0.11826
0.982
0.0090232
0.080958
0.98716
0.99163
0.001365
0.004007
0.98703
0.18295
0.0040216
0.16611
4.8011e-06
6.3895e-06
0.57096
12.989
0.93202
12.992
4.2727
12.989
0.0011125
0.018809
0.0063173
0.022292
0.1378
0.12048
0.00091976
0.93809
0.061905
0.47024
0.037934
0.086135
0.40569
1.9908
0.0070044
3.1026e-06
0.082651
0.44748
0.27297
-57455
-47.8
0.0743
0.9717
129.43
8.5547
-85.744
1.3902
0.00036452
0.033236
0.021547
0.24492
0.12712
0.74697
0.00052518
0.00033389
6.9714e-06
0.096685
0.11819
0.982
0.0090232
0.080958
0.98716
0.99163
0.001365
0.004007
0.98703
0.18295
0.0040216
0.16611
4.7875e-06
6.3736e-06
0.57105
12.987
0.93197
12.991
4.2724
12.987
0.0011128
0.018804
0.0063169
0.02214
0.1378
0.12049
0.00091984
0.9405
0.059499
0.4784
0.03704
0.084753
0.39981
1.9839
0.0070068
4.5725e-06
0.08267
0.44732
0.26764
-56977
